-7.390000e-01 -3.140000e-01 -6.594489e-01 -2.923124e-02 -7.440000e-01 -3.090000e-01 -6.586022e-01 -2.589835e-02
-7.390000e-01 -3.140000e-01 -6.594489e-01 -2.923124e-02 -7.290000e-01 -3.140000e-01 -6.587603e-01 -2.684837e-02
-7.290000e-01 -3.140000e-01 -6.587603e-01 -2.684837e-02 -7.190000e-01 -3.140000e-01 -6.582617e-01 -2.469336e-02
-7.190000e-01 -3.140000e-01 -6.582617e-01 -2.469336e-02 -7.090000e-01 -3.140000e-01 -6.579311e-01 -2.278166e-02
-7.090000e-01 -3.140000e-01 -6.579311e-01 -2.278166e-02 -6.990000e-01 -3.140000e-01 -6.577439e-01 -2.112715e-02
-6.990000e-01 -3.140000e-01 -6.577439e-01 -2.112715e-02 -6.890000e-01 -3.140000e-01 -6.576740e-01 -1.974188e-02
-6.890000e-01 -3.140000e-01 -6.576740e-01 -1.974188e-02 -6.790000e-01 -3.140000e-01 -6.576933e-01 -1.863574e-02
-6.790000e-01 -3.140000e-01 -6.576933e-01 -1.863574e-02 -6.690000e-01 -3.140000e-01 -6.577724e-01 -1.781629e-02
-6.690000e-01 -3.140000e-01 -6.577724e-01 -1.781629e-02 -6.590000e-01 -3.140000e-01 -6.578812e-01 -1.728867e-02
-6.590000e-01 -3.140000e-01 -6.578812e-01 -1.728867e-02 -6.490000e-01 -3.140000e-01 -6.579892e-01 -1.705520e-02
-6.490000e-01 -3.140000e-01 -6.579892e-01 -1.705520e-02 -6.390000e-01 -3.140000e-01 -6.580660e-01 -1.711576e-02
-6.390000e-01 -3.140000e-01 -6.580660e-01 -1.711576e-02 -6.290000e-01 -3.140000e-01 -6.580816e-01 -1.746743e-02
-6.290000e-01 -3.140000e-01 -6.580816e-01 -1.746743e-02 -6.190000e-01 -3.140000e-01 -6.580071e-01 -1.810478e-02
-6.190000e-01 -3.140000e-01 -6.580071e-01 -1.810478e-02 -6.140000e-01 -3.090000e-01 -6.583681e-01 -1.360606e-02
-7.590000e-01 -3.040000e-01 -6.585214e-01 -2.559776e-02 -7.640000e-01 -2.990000e-01 -6.575662e-01 -2.270356e-02
-7.590000e-01 -3.040000e-01 -6.585214e-01 -2.559776e-02 -7.490000e-01 -3.040000e-01 -6.575835e-01 -2.266596e-02
-7.440000e-01 -3.090000e-01 -6.586022e-01 -2.589835e-02 -7.490000e-01 -3.040000e-01 -6.575835e-01 -2.266596e-02
-6.140000e-01 -3.090000e-01 -6.583681e-01 -1.360606e-02 -6.090000e-01 -3.040000e-01 -6.588967e-01 -9.138505e-03
-6.090000e-01 -3.040000e-01 -6.588967e-01 -9.138505e-03 -5.990000e-01 -3.040000e-01 -6.588304e-01 -1.039104e-02
-5.990000e-01 -3.040000e-01 -6.588304e-01 -1.039104e-02 -5.890000e-01 -3.040000e-01 -6.585834e-01 -1.191310e-02
-5.890000e-01 -3.040000e-01 -6.585834e-01 -1.191310e-02 -5.840000e-01 -2.990000e-01 -6.592452e-01 -7.967388e-03
-7.790000e-01 -2.940000e-01 -6.577672e-01 -2.336544e-02 -7.840000e-01 -2.890000e-01 -6.567947e-01 -2.091154e-02
-7.790000e-01 -2.940000e-01 -6.577672e-01 -2.336544e-02 -7.690000e-01 -2.940000e-01 -6.564464e-01 -1.993442e-02
-7.640000e-01 -2.990000e-01 -6.575662e-01 -2.270356e-02 -7.690000e-01 -2.940000e-01 -6.564464e-01 -1.993442e-02
-5.840000e-01 -2.990000e-01 -6.592452e-01 -7.967388e-03 -5.790000e-01 -2.940000e-01 -6.600847e-01 -4.088313e-03
-5.790000e-01 -2.940000e-01 -6.600847e-01 -4.088313e-03 -5.690000e-01 -2.940000e-01 -6.596439e-01 -6.217033e-03
-5.690000e-01 -2.940000e-01 -6.596439e-01 -6.217033e-03 -5.640000e-01 -2.890000e-01 -6.604710e-01 -2.695586e-03
-7.990000e-01 -2.840000e-01 -6.574975e-01 -2.246066e-02 -8.040000e-01 -2.790000e-01 -6.566014e-01 -2.043004e-02
-7.990000e-01 -2.840000e-01 -6.574975e-01 -2.246066e-02 -7.890000e-01 -2.840000e-01 -6.556732e-01 -1.860430e-02
-7.840000e-01 -2.890000e-01 -6.567947e-01 -2.091154e-02 -7.890000e-01 -2.840000e-01 -6.556732e-01 -1.860430e-02
-5.640000e-01 -2.890000e-01 -6.604710e-01 -2.695586e-03 -5.590000e-01 -2.840000e-01 -6.614763e-01 7.320437e-04
-5.590000e-01 -2.840000e-01 -6.614763e-01 7.320437e-04 -5.490000e-01 -2.840000e-01 -6.607008e-01 -1.975855e-03
-5.490000e-01 -2.840000e-01 -6.607008e-01 -1.975855e-03 -5.440000e-01 -2.790000e-01 -6.616074e-01 1.101120e-03
-8.090000e-01 -2.740000e-01 -6.555792e-01 -1.856286e-02 -8.140000e-01 -2.690000e-01 -6.546992e-01 -1.681525e-02
-8.040000e-01 -2.790000e-01 -6.566014e-01 -2.043004e-02 -8.090000e-01 -2.740000e-01 -6.555792e-01 -1.856286e-02
-5.440000e-01 -2.790000e-01 -6.616074e-01 1.101120e-03 -5.390000e-01 -2.740000e-01 -6.626845e-01 4.057396e-03
-5.390000e-01 -2.740000e-01 -6.626845e-01 4.057396e-03 -5.340000e-01 -2.690000e-01 -6.636772e-01 6.844783e-03
-8.190000e-01 -2.640000e-01 -6.537068e-01 -1.524264e-02 -8.240000e-01 -2.590000e-01 -6.528787e-01 -1.377441e-02
-8.140000e-01 -2.690000e-01 -6.546992e-01 -1.681525e-02 -8.190000e-01 -2.640000e-01 -6.537068e-01 -1.524264e-02
-5.340000e-01 -2.690000e-01 -6.636772e-01 6.844783e-03 -5.290000e-01 -2.640000e-01 -6.648366e-01 9.493201e-03
-5.290000e-01 -2.640000e-01 -6.648366e-01 9.493201e-03 -5.190000e-01 -2.640000e-01 -6.633828e-01 5.940406e-03
-5.190000e-01 -2.640000e-01 -6.633828e-01 5.940406e-03 -5.140000e-01 -2.590000e-01 -6.643063e-01 8.275631e-03
-8.290000e-01 -2.540000e-01 -6.519550e-01 -1.249065e-02 -8.340000e-01 -2.490000e-01 -6.512159e-01 -1.129331e-02
-8.240000e-01 -2.590000e-01 -6.528787e-01 -1.377441e-02 -8.290000e-01 -2.540000e-01 -6.519550e-01 -1.249065e-02
-5.140000e-01 -2.590000e-01 -6.643063e-01 8.275631e-03 -5.090000e-01 -2.540000e-01 -6.653745e-01 1.044951e-02
-5.090000e-01 -2.540000e-01 -6.653745e-01 1.044951e-02 -5.040000e-01 -2.490000e-01 -6.662931e-01 1.248450e-02
-8.390000e-01 -2.440000e-01 -6.504003e-01 -1.028742e-02 -8.440000e-01 -2.390000e-01 -6.497867e-01 -9.347744e-03
-8.340000e-01 -2.490000e-01 -6.512159e-01 -1.129331e-02 -8.390000e-01 -2.440000e-01 -6.504003e-01 -1.028742e-02
-5.040000e-01 -2.490000e-01 -6.662931e-01 1.248450e-02 -4.990000e-01 -2.440000e-01 -6.673438e-01 1.434265e-02
-4.990000e-01 -2.440000e-01 -6.673438e-01 1.434265e-02 -4.940000e-01 -2.390000e-01 -6.682206e-01 1.607641e-02
-8.490000e-01 -2.340000e-01 -6.491179e-01 -8.603516e-03 -8.540000e-01 -2.290000e-01 -6.486655e-01 -7.903544e-03
-8.440000e-01 -2.390000e-01 -6.497867e-01 -9.347744e-03 -8.490000e-01 -2.340000e-01 -6.491179e-01 -8.603516e-03
-4.940000e-01 -2.390000e-01 -6.682206e-01 1.607641e-02 -4.890000e-01 -2.340000e-01 -6.692132e-01 1.761946e-02
-4.890000e-01 -2.340000e-01 -6.692132e-01 1.761946e-02 -4.840000e-01 -2.290000e-01 -6.700097e-01 1.905593e-02
-8.590000e-01 -2.240000e-01 -6.481803e-01 -7.399791e-03 -8.640000e-01 -2.190000e-01 -6.479221e-01 -6.917227e-03
-8.540000e-01 -2.290000e-01 -6.486655e-01 -7.903544e-03 -8.590000e-01 -2.240000e-01 -6.481803e-01 -7.399791e-03
-4.840000e-01 -2.290000e-01 -6.700097e-01 1.905593e-02 -4.790000e-01 -2.240000e-01 -6.709027e-01 2.029032e-02
-4.790000e-01 -2.240000e-01 -6.709027e-01 2.029032e-02 -4.740000e-01 -2.190000e-01 -6.715800e-01 2.143888e-02
-8.640000e-01 -2.190000e-01 -6.479221e-01 -6.917227e-03 -8.640000e-01 -2.090000e-01 -6.429484e-01 -1.365462e-03
-4.740000e-01 -2.190000e-01 -6.715800e-01 2.143888e-02 -4.690000e-01 -2.140000e-01 -6.723316e-01 2.237690e-02
-4.690000e-01 -2.140000e-01 -6.723316e-01 2.237690e-02 -4.640000e-01 -2.090000e-01 -6.728513e-01 2.325233e-02
-8.690000e-01 -2.040000e-01 -6.426828e-01 -1.276229e-03 -8.740000e-01 -1.990000e-01 -6.426627e-01 -1.172780e-03
-8.640000e-01 -2.090000e-01 -6.429484e-01 -1.365462e-03 -8.690000e-01 -2.040000e-01 -6.426828e-01 -1.276229e-03
-4.640000e-01 -2.090000e-01 -6.728513e-01 2.325233e-02 -4.590000e-01 -2.040000e-01 -6.734211e-01 2.391228e-02
-4.590000e-01 -2.040000e-01 -6.734211e-01 2.391228e-02 -4.540000e-01 -1.990000e-01 -6.737467e-01 2.453470e-02
-8.790000e-01 -1.940000e-01 -6.426692e-01 -1.260990e-03 -8.840000e-01 -1.890000e-01 -6.429216e-01 -1.310785e-03
-8.740000e-01 -1.990000e-01 -6.426627e-01 -1.172780e-03 -8.790000e-01 -1.940000e-01 -6.426692e-01 -1.260990e-03
-4.540000e-01 -1.990000e-01 -6.737467e-01 2.453470e-02 -4.540000e-01 -1.890000e-01 -6.786897e-01 3.029005e-02
-8.840000e-01 -1.890000e-01 -6.429216e-01 -1.310785e-03 -8.840000e-01 -1.790000e-01 -6.379716e-01 3.177827e-03
-4.540000e-01 -1.890000e-01 -6.786897e-01 3.029005e-02 -4.490000e-01 -1.840000e-01 -6.790524e-01 3.046957e-02
-4.490000e-01 -1.840000e-01 -6.790524e-01 3.046957e-02 -4.440000e-01 -1.790000e-01 -6.791486e-01 3.065035e-02
-8.890000e-01 -1.740000e-01 -6.383389e-01 2.766694e-03 -8.940000e-01 -1.690000e-01 -6.389554e-01 2.431452e-03
-8.840000e-01 -1.790000e-01 -6.379716e-01 3.177827e-03 -8.890000e-01 -1.740000e-01 -6.383389e-01 2.766694e-03
-4.440000e-01 -1.790000e-01 -6.791486e-01 3.065035e-02 -4.390000e-01 -1.740000e-01 -6.792292e-01 3.061005e-02
-4.390000e-01 -1.740000e-01 -6.792292e-01 3.061005e-02 -4.340000e-01 -1.690000e-01 -6.790423e-01 3.059900e-02
-8.940000e-01 -1.690000e-01 -6.389554e-01 2.431452e-03 -8.940000e-01 -1.590000e-01 -6.341303e-01 6.255517e-03
-4.340000e-01 -1.690000e-01 -6.790423e-01 3.059900e-02 -4.340000e-01 -1.590000e-01 -6.840288e-01 3.513939e-02
-8.940000e-01 -1.590000e-01 -6.341303e-01 6.255517e-03 -8.940000e-01 -1.490000e-01 -6.293110e-01 9.751249e-03
-4.340000e-01 -1.590000e-01 -6.840288e-01 3.513939e-02 -4.290000e-01 -1.540000e-01 -6.837392e-01 3.470166e-02
-4.290000e-01 -1.540000e-01 -6.837392e-01 3.470166e-02 -4.240000e-01 -1.490000e-01 -6.831770e-01 3.433708e-02
-8.990000e-01 -1.440000e-01 -6.302353e-01 8.934492e-03 -9.040000e-01 -1.390000e-01 -6.314038e-01 8.245720e-03
-8.940000e-01 -1.490000e-01 -6.293110e-01 9.751249e-03 -8.990000e-01 -1.440000e-01 -6.302353e-01 8.934492e-03
-4.240000e-01 -1.490000e-01 -6.831770e-01 3.433708e-02 -4.240000e-01 -1.390000e-01 -6.880612e-01 3.809291e-02
-9.040000e-01 -1.390000e-01 -6.314038e-01 8.245720e-03 -9.040000e-01 -1.290000e-01 -6.268823e-01 1.112173e-02
-4.240000e-01 -1.390000e-01 -6.880612e-01 3.809291e-02 -4.190000e-01 -1.340000e-01 -6.873078e-01 3.733254e-02
-4.190000e-01 -1.340000e-01 -6.873078e-01 3.733254e-02 -4.140000e-01 -1.290000e-01 -6.862892e-01 3.668893e-02
-9.040000e-01 -1.290000e-01 -6.268823e-01 1.112173e-02 -9.040000e-01 -1.190000e-01 -6.224415e-01 1.366996e-02
-4.140000e-01 -1.290000e-01 -6.862892e-01 3.668893e-02 -4.140000e-01 -1.190000e-01 -6.909263e-01 3.968768e-02
-9.090000e-01 -1.140000e-01 -6.240664e-01 1.261323e-02 -9.140000e-01 -1.090000e-01 -6.259102e-01 1.172979e-02
-9.040000e-01 -1.190000e-01 -6.224415e-01 1.366996e-02 -9.090000e-01 -1.140000e-01 -6.240664e-01 1.261323e-02
-4.140000e-01 -1.190000e-01 -6.909263e-01 3.968768e-02 -4.090000e-01 -1.140000e-01 -6.896329e-01 3.870275e-02
-4.090000e-01 -1.140000e-01 -6.896329e-01 3.870275e-02 -4.040000e-01 -1.090000e-01 -6.880938e-01 3.787383e-02
-9.140000e-01 -1.090000e-01 -6.259102e-01 1.172979e-02 -9.140000e-01 -9.900000e-02 -6.219358e-01 1.376549e-02
-4.040000e-01 -1.090000e-01 -6.880938e-01 3.787383e-02 -4.040000e-01 -9.900000e-02 -6.923421e-01 4.018251e-02
-9.140000e-01 -9.900000e-02 -6.219358e-01 1.376549e-02 -9.140000e-01 -8.900000e-02 -6.181208e-01 1.550277e-02
-4.040000e-01 -9.900000e-02 -6.923421e-01 4.018251e-02 -3.990000e-01 -9.400000e-02 -6.904575e-01 3.908780e-02
-3.990000e-01 -9.400000e-02 -6.904575e-01 3.908780e-02 -3.940000e-01 -8.900000e-02 -6.883575e-01 3.818007e-02
-9.140000e-01 -8.900000e-02 -6.181208e-01 1.550277e-02 -9.140000e-01 -7.900000e-02 -6.144909e-01 1.694944e-02
-3.940000e-01 -8.900000e-02 -6.883575e-01 3.818007e-02 -3.940000e-01 -7.900000e-02 -6.920912e-01 3.990262e-02
-9.190000e-01 -7.400000e-02 -6.171196e-01 1.582546e-02 -9.240000e-01 -6.900000e-02 -6.199131e-01 1.491432e-02
-9.140000e-01 -7.900000e-02 -6.144909e-01 1.694944e-02 -9.190000e-01 -7.400000e-02 -6.171196e-01 1.582546e-02
-3.940000e-01 -7.900000e-02 -6.920912e-01 3.990262e-02 -3.940000e-01 -6.900000e-02 -6.956385e-01 4.128022e-02
-9.240000e-01 -6.900000e-02 -6.199131e-01 1.491432e-02 -9.240000e-01 -5.900000e-02 -6.169284e-01 1.606120e-02
-3.940000e-01 -6.900000e-02 -6.956385e-01 4.128022e-02 -3.890000e-01 -6.400000e-02 -6.929231e-01 4.013739e-02
-3.890000e-01 -6.400000e-02 -6.929231e-01 4.013739e-02 -3.840000e-01 -5.900000e-02 -6.900423e-01 3.921309e-02
-9.240000e-01 -5.900000e-02 -6.169284e-01 1.606120e-02 -9.240000e-01 -4.900000e-02 -6.141949e-01 1.698426e-02
-3.840000e-01 -5.900000e-02 -6.900423e-01 3.921309e-02 -3.840000e-01 -4.900000e-02 -6.929251e-01 4.018630e-02
-9.240000e-01 -4.900000e-02 -6.141949e-01 1.698426e-02 -9.240000e-01 -3.900000e-02 -6.117341e-01 1.770354e-02
-3.840000e-01 -4.900000e-02 -6.929251e-01 4.018630e-02 -3.840000e-01 -3.900000e-02 -6.955422e-01 4.087943e-02
-9.240000e-01 -3.900000e-02 -6.117341e-01 1.770354e-02 -9.240000e-01 -2.900000e-02 -6.095658e-01 1.824201e-02
-3.840000e-01 -3.900000e-02 -6.955422e-01 4.087943e-02 -3.840000e-01 -2.900000e-02 -6.978672e-01 4.131229e-02
-9.240000e-01 -2.900000e-02 -6.095658e-01 1.824201e-02 -9.240000e-01 -1.900000e-02 -6.077081e-01 1.862535e-02
-3.840000e-01 -2.900000e-02 -6.978672e-01 4.131229e-02 -3.790000e-01 -2.400000e-02 -6.940784e-01 4.040784e-02
-3.790000e-01 -2.400000e-02 -6.940784e-01 4.040784e-02 -3.740000e-01 -1.900000e-02 -6.902000e-01 3.973079e-02
-9.240000e-01 -1.900000e-02 -6.077081e-01 1.862535e-02 -9.240000e-01 -9.000000e-03 -6.061765e-01 1.888168e-02
-3.740000e-01 -1.900000e-02 -6.902000e-01 3.973079e-02 -3.740000e-01 -9.000000e-03 -6.917533e-01 4.005645e-02
-9.240000e-01 -9.000000e-03 -6.061765e-01 1.888168e-02 -9.240000e-01 1.000000e-03 -6.049839e-01 1.904121e-02
-3.740000e-01 -9.000000e-03 -6.917533e-01 4.005645e-02 -3.740000e-01 1.000000e-03 -6.929708e-01 4.022106e-02
-9.240000e-01 1.000000e-03 -6.049839e-01 1.904121e-02 -9.240000e-01 1.100000e-02 -6.041400e-01 1.913580e-02
-3.740000e-01 1.000000e-03 -6.929708e-01 4.022106e-02 -3.740000e-01 1.100000e-02 -6.938380e-01 4.025532e-02
-9.240000e-01 1.100000e-02 -6.041400e-01 1.913580e-02 -9.240000e-01 2.100000e-02 -6.036510e-01 1.919849e-02
-3.740000e-01 1.100000e-02 -6.938380e-01 4.025532e-02 -3.740000e-01 2.100000e-02 -6.943437e-01 4.019205e-02
-9.240000e-01 2.100000e-02 -6.036510e-01 1.919849e-02 -9.240000e-01 3.100000e-02 -6.035197e-01 1.926289e-02
-3.740000e-01 2.100000e-02 -6.943437e-01 4.019205e-02 -3.740000e-01 3.100000e-02 -6.944802e-01 4.006576e-02
-9.240000e-01 3.100000e-02 -6.035197e-01 1.926289e-02 -9.240000e-01 4.100000e-02 -6.037451e-01 1.936268e-02
-3.740000e-01 3.100000e-02 -6.944802e-01 4.006576e-02 -3.740000e-01 4.100000e-02 -6.942437e-01 3.991196e-02
-9.240000e-01 4.100000e-02 -6.037451e-01 1.936268e-02 -9.240000e-01 5.100000e-02 -6.043229e-01 1.953100e-02
-3.740000e-01 4.100000e-02 -6.942437e-01 3.991196e-02 -3.690000e-01 4.600000e-02 -6.889591e-01 4.014356e-02
-3.690000e-01 4.600000e-02 -6.889591e-01 4.014356e-02 -3.640000e-01 5.100000e-02 -6.836935e-01 4.053322e-02
-9.240000e-01 5.100000e-02 -6.043229e-01 1.953100e-02 -9.190000e-01 5.600000e-02 -5.998292e-01 1.920511e-02
-9.190000e-01 5.600000e-02 -5.998292e-01 1.920511e-02 -9.140000e-01 6.100000e-02 -5.953751e-01 1.866918e-02
-3.640000e-01 5.100000e-02 -6.836935e-01 4.053322e-02 -3.640000e-01 6.100000e-02 -6.827831e-01 4.078483e-02
-9.140000e-01 6.100000e-02 -5.953751e-01 1.866918e-02 -9.140000e-01 7.100000e-02 -5.967230e-01 1.873135e-02
-3.640000e-01 6.100000e-02 -6.827831e-01 4.078483e-02 -3.640000e-01 7.100000e-02 -6.815360e-01 4.110642e-02
-9.140000e-01 7.100000e-02 -5.967230e-01 1.873135e-02 -9.140000e-01 8.100000e-02 -5.984116e-01 1.896944e-02
-3.640000e-01 7.100000e-02 -6.815360e-01 4.110642e-02 -3.640000e-01 8.100000e-02 -6.799621e-01 4.152816e-02
-9.140000e-01 8.100000e-02 -5.984116e-01 1.896944e-02 -9.140000e-01 9.100000e-02 -6.004217e-01 1.941189e-02
-3.690000e-01 8.600000e-02 -6.838285e-01 4.086062e-02 -3.740000e-01 9.100000e-02 -6.876064e-01 3.996763e-02
-3.640000e-01 8.100000e-02 -6.799621e-01 4.152816e-02 -3.690000e-01 8.600000e-02 -6.838285e-01 4.086062e-02
-9.140000e-01 9.100000e-02 -6.004217e-01 1.941189e-02 -9.140000e-01 1.010000e-01 -6.027317e-01 2.008385e-02
-3.740000e-01 9.100000e-02 -6.876064e-01 3.996763e-02 -3.740000e-01 1.010000e-01 -6.852667e-01 4.037468e-02
-9.140000e-01 1.010000e-01 -6.027317e-01 2.008385e-02 -9.090000e-01 1.060000e-01 -5.993943e-01 1.925384e-02
-9.090000e-01 1.060000e-01 -5.993943e-01 1.925384e-02 -9.040000e-01 1.110000e-01 -5.961883e-01 1.819832e-02
-3.740000e-01 1.010000e-01 -6.852667e-01 4.037468e-02 -3.740000e-01 1.110000e-01 -6.826302e-01 4.098084e-02
-9.040000e-01 1.110000e-01 -5.961883e-01 1.819832e-02 -9.040000e-01 1.210000e-01 -5.992189e-01 1.914671e-02
-3.740000e-01 1.110000e-01 -6.826302e-01 4.098084e-02 -3.740000e-01 1.210000e-01 -6.797188e-01 4.180928e-02
-9.040000e-01 1.210000e-01 -5.992189e-01 1.914671e-02 -9.040000e-01 1.310000e-01 -6.024842e-01 2.040628e-02
-3.740000e-01 1.210000e-01 -6.797188e-01 4.180928e-02 -3.740000e-01 1.310000e-01 -6.765562e-01 4.287995e-02
-9.040000e-01 1.310000e-01 -6.024842e-01 2.040628e-02 -8.990000e-01 1.360000e-01 -5.999358e-01 1.946343e-02
-8.990000e-01 1.360000e-01 -5.999358e-01 1.946343e-02 -8.940000e-01 1.410000e-01 -5.975755e-01 1.831268e-02
-3.740000e-01 1.310000e-01 -6.765562e-01 4.287995e-02 -3.740000e-01 1.410000e-01 -6.731664e-01 4.420951e-02
-8.940000e-01 1.410000e-01 -5.975755e-01 1.831268e-02 -8.940000e-01 1.510000e-01 -6.014488e-01 2.006022e-02
-3.740000e-01 1.410000e-01 -6.731664e-01 4.420951e-02 -3.740000e-01 1.510000e-01 -6.695745e-01 4.581139e-02
-8.940000e-01 1.510000e-01 -6.014488e-01 2.006022e-02 -8.940000e-01 1.610000e-01 -6.054705e-01 2.216935e-02
-3.790000e-01 1.560000e-01 -6.718144e-01 4.487058e-02 -3.840000e-01 1.610000e-01 -6.738552e-01 4.373545e-02
-3.740000e-01 1.510000e-01 -6.695745e-01 4.581139e-02 -3.790000e-01 1.560000e-01 -6.718144e-01 4.487058e-02
-8.940000e-01 1.610000e-01 -6.054705e-01 2.216935e-02 -8.890000e-01 1.660000e-01 -6.036800e-01 2.133519e-02
-8.890000e-01 1.660000e-01 -6.036800e-01 2.133519e-02 -8.840000e-01 1.710000e-01 -6.021205e-01 2.033336e-02
-3.840000e-01 1.610000e-01 -6.738552e-01 4.373545e-02 -3.840000e-01 1.710000e-01 -6.697101e-01 4.576966e-02
-8.840000e-01 1.710000e-01 -6.021205e-01 2.033336e-02 -8.840000e-01 1.810000e-01 -6.065798e-01 2.308441e-02
-3.840000e-01 1.710000e-01 -6.697101e-01 4.576966e-02 -3.840000e-01 1.810000e-01 -6.654390e-01 4.812247e-02
-8.840000e-01 1.810000e-01 -6.065798e-01 2.308441e-02 -8.790000e-01 1.860000e-01 -6.053224e-01 2.239020e-02
-8.790000e-01 1.860000e-01 -6.053224e-01 2.239020e-02 -8.740000e-01 1.910000e-01 -6.043197e-01 2.156378e-02
-3.840000e-01 1.810000e-01 -6.654390e-01 4.812247e-02 -3.840000e-01 1.910000e-01 -6.610666e-01 5.079459e-02
-8.740000e-01 1.910000e-01 -6.043197e-01 2.156378e-02 -8.740000e-01 2.010000e-01 -6.090828e-01 2.503812e-02
-3.890000e-01 1.960000e-01 -6.624292e-01 5.006552e-02 -3.940000e-01 2.010000e-01 -6.635552e-01 4.919648e-02
-3.840000e-01 1.910000e-01 -6.610666e-01 5.079459e-02 -3.890000e-01 1.960000e-01 -6.624292e-01 5.006552e-02
-8.740000e-01 2.010000e-01 -6.090828e-01 2.503812e-02 -8.690000e-01 2.060000e-01 -6.083047e-01 2.458186e-02
-8.690000e-01 2.060000e-01 -6.083047e-01 2.458186e-02 -8.640000e-01 2.110000e-01 -6.077939e-01 2.403477e-02
-3.940000e-01 2.010000e-01 -6.635552e-01 4.919648e-02 -3.940000e-01 2.110000e-01 -6.588408e-01 5.245868e-02
-8.640000e-01 2.110000e-01 -6.077939e-01 2.403477e-02 -8.640000e-01 2.210000e-01 -6.127186e-01 2.827574e-02
-3.940000e-01 2.110000e-01 -6.588408e-01 5.245868e-02 -3.940000e-01 2.210000e-01 -6.541012e-01 5.604811e-02
-8.640000e-01 2.210000e-01 -6.127186e-01 2.827574e-02 -8.590000e-01 2.260000e-01 -6.123467e-01 2.813903e-02
-8.590000e-01 2.260000e-01 -6.123467e-01 2.813903e-02 -8.540000e-01 2.310000e-01 -6.122423e-01 2.795481e-02
-3.990000e-01 2.260000e-01 -6.548800e-01 5.562972e-02 -4.040000e-01 2.310000e-01 -6.554117e-01 5.512162e-02
-3.940000e-01 2.210000e-01 -6.541012e-01 5.604811e-02 -3.990000e-01 2.260000e-01 -6.548800e-01 5.562972e-02
-8.540000e-01 2.310000e-01 -6.122423e-01 2.795481e-02 -8.490000e-01 2.360000e-01 -6.121719e-01 2.798736e-02
-8.490000e-01 2.360000e-01 -6.121719e-01 2.798736e-02 -8.440000e-01 2.410000e-01 -6.123712e-01 2.799997e-02
-4.040000e-01 2.310000e-01 -6.554117e-01 5.512162e-02 -4.040000e-01 2.410000e-01 -6.505018e-01 5.936207e-02
-8.440000e-01 2.410000e-01 -6.123712e-01 2.799997e-02 -8.440000e-01 2.510000e-01 -6.173451e-01 3.344928e-02
-4.090000e-01 2.460000e-01 -6.508904e-01 5.920283e-02 -4.140000e-01 2.510000e-01 -6.510315e-01 5.899100e-02
-4.040000e-01 2.410000e-01 -6.505018e-01 5.936207e-02 -4.090000e-01 2.460000e-01 -6.508904e-01 5.920283e-02
-8.440000e-01 2.510000e-01 -6.173451e-01 3.344928e-02 -8.390000e-01 2.560000e-01 -6.175431e-01 3.390348e-02
-8.390000e-01 2.560000e-01 -6.175431e-01 3.390348e-02 -8.340000e-01 2.610000e-01 -6.179927e-01 3.437836e-02
-4.190000e-01 2.560000e-01 -6.511315e-01 5.896734e-02 -4.240000e-01 2.610000e-01 -6.509818e-01 5.891501e-02
-4.140000e-01 2.510000e-01 -6.510315e-01 5.899100e-02 -4.190000e-01 2.560000e-01 -6.511315e-01 5.896734e-02
-8.340000e-01 2.610000e-01 -6.179927e-01 3.437836e-02 -8.290000e-01 2.660000e-01 -6.184087e-01 3.507140e-02
-8.290000e-01 2.660000e-01 -6.184087e-01 3.507140e-02 -8.240000e-01 2.710000e-01 -6.190667e-01 3.581122e-02
-4.240000e-01 2.610000e-01 -6.509818e-01 5.891501e-02 -4.240000e-01 2.710000e-01 -6.459766e-01 6.421215e-02
-8.240000e-01 2.710000e-01 -6.190667e-01 3.581122e-02 -8.190000e-01 2.760000e-01 -6.196654e-01 3.676669e-02
-8.190000e-01 2.760000e-01 -6.196654e-01 3.676669e-02 -8.140000e-01 2.810000e-01 -6.204925e-01 3.779371e-02
-4.290000e-01 2.760000e-01 -6.458066e-01 6.455145e-02 -4.340000e-01 2.810000e-01 -6.454023e-01 6.489885e-02
-4.240000e-01 2.710000e-01 -6.459766e-01 6.421215e-02 -4.290000e-01 2.760000e-01 -6.458066e-01 6.455145e-02
-8.140000e-01 2.810000e-01 -6.204925e-01 3.779371e-02 -8.090000e-01 2.860000e-01 -6.212364e-01 3.903009e-02
-8.090000e-01 2.860000e-01 -6.212364e-01 3.903009e-02 -8.040000e-01 2.910000e-01 -6.221909e-01 4.036071e-02
-4.390000e-01 2.860000e-01 -6.450179e-01 6.544416e-02 -4.440000e-01 2.910000e-01 -6.444076e-01 6.602140e-02
-4.340000e-01 2.810000e-01 -6.454023e-01 6.489885e-02 -4.390000e-01 2.860000e-01 -6.450179e-01 6.544416e-02
-8.040000e-01 2.910000e-01 -6.221909e-01 4.036071e-02 -7.990000e-01 2.960000e-01 -6.230410e-01 4.189103e-02
-7.990000e-01 2.960000e-01 -6.230410e-01 4.189103e-02 -7.940000e-01 3.010000e-01 -6.240807e-01 4.353550e-02
-4.490000e-01 2.960000e-01 -6.438409e-01 6.679765e-02 -4.540000e-01 3.010000e-01 -6.430609e-01 6.762898e-02
-4.440000e-01 2.910000e-01 -6.444076e-01 6.602140e-02 -4.490000e-01 2.960000e-01 -6.438409e-01 6.679765e-02
-7.940000e-01 3.010000e-01 -6.240807e-01 4.353550e-02 -7.890000e-01 3.060000e-01 -6.249975e-01 4.536719e-02
-7.890000e-01 3.060000e-01 -6.249975e-01 4.536719e-02 -7.840000e-01 3.110000e-01 -6.260807e-01 4.732985e-02
-4.540000e-01 3.010000e-01 -6.430609e-01 6.762898e-02 -4.540000e-01 3.110000e-01 -6.383757e-01 7.437188e-02
-7.840000e-01 3.110000e-01 -6.260807e-01 4.732985e-02 -7.790000e-01 3.160000e-01 -6.270258e-01 4.946508e-02
-7.790000e-01 3.160000e-01 -6.270258e-01 4.946508e-02 -7.740000e-01 3.210000e-01 -6.281124e-01 5.174466e-02
-4.690000e-01 3.160000e-01 -6.406115e-01 7.105777e-02 -4.740000e-01 3.210000e-01 -6.396093e-01 7.245015e-02
-4.690000e-01 3.160000e-01 -6.406115e-01 7.105777e-02 -4.590000e-01 3.160000e-01 -6.377333e-01 7.558662e-02
-4.540000e-01 3.110000e-01 -6.383757e-01 7.437188e-02 -4.590000e-01 3.160000e-01 -6.377333e-01 7.558662e-02
-7.740000e-01 3.210000e-01 -6.281124e-01 5.174466e-02 -7.690000e-01 3.260000e-01 -6.290494e-01 5.418065e-02
-7.690000e-01 3.260000e-01 -6.290494e-01 5.418065e-02 -7.590000e-01 3.260000e-01 -6.277106e-01 5.073323e-02
-7.590000e-01 3.260000e-01 -6.277106e-01 5.073323e-02 -7.540000e-01 3.310000e-01 -6.288653e-01 5.349043e-02
-4.790000e-01 3.260000e-01 -6.387123e-01 7.402533e-02 -4.840000e-01 3.310000e-01 -6.376590e-01 7.571396e-02
-4.740000e-01 3.210000e-01 -6.396093e-01 7.245015e-02 -4.790000e-01 3.260000e-01 -6.387123e-01 7.402533e-02
-7.540000e-01 3.310000e-01 -6.288653e-01 5.349043e-02 -7.490000e-01 3.360000e-01 -6.298504e-01 5.638063e-02
-7.490000e-01 3.360000e-01 -6.298504e-01 5.638063e-02 -7.440000e-01 3.410000e-01 -6.309103e-01 5.944220e-02
-4.890000e-01 3.360000e-01 -6.367267e-01 7.757467e-02 -4.940000e-01 3.410000e-01 -6.356615e-01 7.956300e-02
-4.840000e-01 3.310000e-01 -6.376590e-01 7.571396e-02 -4.890000e-01 3.360000e-01 -6.367267e-01 7.757467e-02
-7.440000e-01 3.410000e-01 -6.309103e-01 5.944220e-02 -7.390000e-01 3.460000e-01 -6.317979e-01 6.261848e-02
-7.390000e-01 3.460000e-01 -6.317979e-01 6.261848e-02 -7.290000e-01 3.460000e-01 -6.310902e-01 6.003509e-02
-7.290000e-01 3.460000e-01 -6.310902e-01 6.003509e-02 -7.240000e-01 3.510000e-01 -6.320578e-01 6.356375e-02
-5.090000e-01 3.460000e-01 -6.363920e-01 7.796554e-02 -5.140000e-01 3.510000e-01 -6.352562e-01 8.040290e-02
-5.090000e-01 3.460000e-01 -6.363920e-01 7.796554e-02 -4.990000e-01 3.460000e-01 -6.347299e-01 8.171068e-02
-4.940000e-01 3.410000e-01 -6.356615e-01 7.956300e-02 -4.990000e-01 3.460000e-01 -6.347299e-01 8.171068e-02
-7.240000e-01 3.510000e-01 -6.320578e-01 6.356375e-02 -7.190000e-01 3.560000e-01 -6.328470e-01 6.718015e-02
-7.190000e-01 3.560000e-01 -6.328470e-01 6.718015e-02 -7.090000e-01 3.560000e-01 -6.324434e-01 6.518220e-02
-7.090000e-01 3.560000e-01 -6.324434e-01 6.518220e-02 -7.040000e-01 3.610000e-01 -6.332272e-01 6.915432e-02
-5.290000e-01 3.560000e-01 -6.354658e-01 7.968565e-02 -5.340000e-01 3.610000e-01 -6.343610e-01 8.258808e-02
-5.290000e-01 3.560000e-01 -6.354658e-01 7.968565e-02 -5.190000e-01 3.560000e-01 -6.342749e-01 8.298131e-02
-5.140000e-01 3.510000e-01 -6.352562e-01 8.040290e-02 -5.190000e-01 3.560000e-01 -6.342749e-01 8.298131e-02
-7.040000e-01 3.610000e-01 -6.332272e-01 6.915432e-02 -6.990000e-01 3.660000e-01 -6.338350e-01 7.318729e-02
-6.990000e-01 3.660000e-01 -6.338350e-01 7.318729e-02 -6.890000e-01 3.660000e-01 -6.335948e-01 7.179624e-02
-6.890000e-01 3.660000e-01 -6.335948e-01 7.179624e-02 -6.790000e-01 3.660000e-01 -6.335214e-01 7.067663e-02
-6.790000e-01 3.660000e-01 -6.335214e-01 7.067663e-02 -6.740000e-01 3.710000e-01 -6.339725e-01 7.522280e-02
-5.590000e-01 3.660000e-01 -6.348842e-01 8.026058e-02 -5.640000e-01 3.710000e-01 -6.339162e-01 8.380318e-02
-5.590000e-01 3.660000e-01 -6.348842e-01 8.026058e-02 -5.490000e-01 3.660000e-01 -6.342693e-01 8.283013e-02
-5.490000e-01 3.660000e-01 -6.342693e-01 8.283013e-02 -5.390000e-01 3.660000e-01 -6.334240e-01 8.560884e-02
-5.340000e-01 3.610000e-01 -6.343610e-01 8.258808e-02 -5.390000e-01 3.660000e-01 -6.334240e-01 8.560884e-02
-6.740000e-01 3.710000e-01 -6.339725e-01 7.522280e-02 -6.690000e-01 3.760000e-01 -6.342599e-01 7.979537e-02
-6.690000e-01 3.760000e-01 -6.342599e-01 7.979537e-02 -6.590000e-01 3.760000e-01 -6.341508e-01 7.928325e-02
-6.590000e-01 3.760000e-01 -6.341508e-01 7.928325e-02 -6.490000e-01 3.760000e-01 -6.341184e-01 7.905499e-02
-6.490000e-01 3.760000e-01 -6.341184e-01 7.905499e-02 -6.390000e-01 3.760000e-01 -6.341342e-01 7.911490e-02
-6.390000e-01 3.760000e-01 -6.341342e-01 7.911490e-02 -6.290000e-01 3.760000e-01 -6.341685e-01 7.946472e-02
-6.290000e-01 3.760000e-01 -6.341685e-01 7.946472e-02 -6.190000e-01 3.760000e-01 -6.341915e-01 8.010356e-02
-6.190000e-01 3.760000e-01 -6.341915e-01 8.010356e-02 -6.090000e-01 3.760000e-01 -6.341736e-01 8.102809e-02
-6.090000e-01 3.760000e-01 -6.341736e-01 8.102809e-02 -5.990000e-01 3.760000e-01 -6.340854e-01 8.223234e-02
-5.990000e-01 3.760000e-01 -6.340854e-01 8.223234e-02 -5.890000e-01 3.760000e-01 -6.338989e-01 8.370803e-02
-5.890000e-01 3.760000e-01 -6.338989e-01 8.370803e-02 -5.790000e-01 3.760000e-01 -6.335872e-01 8.544470e-02
-5.790000e-01 3.760000e-01 -6.335872e-01 8.544470e-02 -5.690000e-01 3.760000e-01 -6.331252e-01 8.742983e-02
-5.640000e-01 3.710000e-01 -6.339162e-01 8.380318e-02 -5.690000e-01 3.760000e-01 -6.331252e-01 8.742983e-02
-6.460679e-01 2.966897e-02 -9.615514e-01 4.008494e-02 -6.460679e-01 2.966897e-02 -9.608886e-01 2.112793e-02
-6.460679e-01 2.966897e-02 -9.608886e-01 2.112793e-02 -6.460679e-01 2.966897e-02 -9.588889e-01 2.111477e-03
-6.460679e-01 2.966897e-02 -9.588889e-01 2.111477e-03 -6.460679e-01 2.966897e-02 -9.555346e-01 -1.690473e-02
-6.460679e-01 2.966897e-02 -9.555346e-01 -1.690473e-02 -6.460679e-01 2.966897e-02 -9.508077e-01 -3.585734e-02
-6.460679e-01 2.966897e-02 -9.508077e-01 -3.585734e-02 -6.460679e-01 2.966897e-02 -9.446907e-01 -5.467850e-02
-6.460679e-01 2.966897e-02 -9.446907e-01 -5.467850e-02 -6.460679e-01 2.966897e-02 -9.371672e-01 -7.329506e-02
-6.460679e-01 2.966897e-02 -9.371672e-01 -7.329506e-02 -6.460679e-01 2.966897e-02 -9.282236e-01 -9.162776e-02
-6.460679e-01 2.966897e-02 -9.282236e-01 -9.162776e-02 -6.460679e-01 2.966897e-02 -9.178504e-01 -1.095906e-01
-6.460679e-01 2.966897e-02 -9.178504e-01 -1.095906e-01 -6.460679e-01 2.966897e-02 -9.060440e-01 -1.270903e-01
-6.460679e-01 2.966897e-02 -9.060440e-01 -1.270903e-01 -6.460679e-01 2.966897e-02 -8.928094e-01 -1.440261e-01
-6.460679e-01 2.966897e-02 -8.928094e-01 -1.440261e-01 -6.460679e-01 2.966897e-02 -8.781623e-01 -1.602899e-01
-6.460679e-01 2.966897e-02 -8.781623e-01 -1.602899e-01 -6.460679e-01 2.966897e-02 -8.621322e-01 -1.757669e-01
-6.460679e-01 2.966897e-02 -8.621322e-01 -1.757669e-01 -6.460679e-01 2.966897e-02 -8.447650e-01 -1.903368e-01
-6.460679e-01 2.966897e-02 -8.447650e-01 -1.903368e-01 -6.460679e-01 2.966897e-02 -8.261258e-01 -2.038764e-01
-6.460679e-01 2.966897e-02 -8.261258e-01 -2.038764e-01 -6.460679e-01 2.966897e-02 -8.063014e-01 -2.162619e-01
-6.460679e-01 2.966897e-02 -8.063014e-01 -2.162619e-01 -6.460679e-01 2.966897e-02 -7.854009e-01 -2.273731e-01
-6.460679e-01 2.966897e-02 -7.854009e-01 -2.273731e-01 -6.460679e-01 2.966897e-02 -7.635564e-01 -2.370976e-01
-6.460679e-01 2.966897e-02 -7.635564e-01 -2.370976e-01 -6.460679e-01 2.966897e-02 -7.409212e-01 -2.453352e-01
-6.460679e-01 2.966897e-02 -7.409212e-01 -2.453352e-01 -6.460679e-01 2.966897e-02 -7.176669e-01 -2.520029e-01
-6.460679e-01 2.966897e-02 -7.176669e-01 -2.520029e-01 -6.460679e-01 2.966897e-02 -6.939781e-01 -2.570382e-01
-6.460679e-01 2.966897e-02 -6.939781e-01 -2.570382e-01 -6.460679e-01 2.966897e-02 -6.700474e-01 -2.604020e-01
-6.460679e-01 2.966897e-02 -6.700474e-01 -2.604020e-01 -6.460679e-01 2.966897e-02 -6.460681e-01 -2.620797e-01
-6.460679e-01 2.966897e-02 -6.460681e-01 -2.620797e-01 -6.460679e-01 2.966897e-02 -6.222284e-01 -2.620811e-01
-6.460679e-01 2.966897e-02 -6.222284e-01 -2.620811e-01 -6.460679e-01 2.966897e-02 -5.987056e-01 -2.604379e-01
-6.460679e-01 2.966897e-02 -5.987056e-01 -2.604379e-01 -6.460679e-01 2.966897e-02 -5.756619e-01 -2.572012e-01
-6.460679e-01 2.966897e-02 -5.756619e-01 -2.572012e-01 -6.460679e-01 2.966897e-02 -5.532413e-01 -2.524378e-01
-6.460679e-01 2.966897e-02 -5.532413e-01 -2.524378e-01 -6.460679e-01 2.966897e-02 -5.315687e-01 -2.462256e-01
-6.460679e-01 2.966897e-02 -5.315687e-01 -2.462256e-01 -6.460679e-01 2.966897e-02 -5.107496e-01 -2.386505e-01
-6.460679e-01 2.966897e-02 -5.107496e-01 -2.386505e-01 -6.460679e-01 2.966897e-02 -4.908710e-01 -2.298025e-01
-6.460679e-01 2.966897e-02 -4.908710e-01 -2.298025e-01 -6.460679e-01 2.966897e-02 -4.720034e-01 -2.197729e-01
-6.460679e-01 2.966897e-02 -4.720034e-01 -2.197729e-01 -6.460679e-01 2.966897e-02 -4.542028e-01 -2.086524e-01
-6.460679e-01 2.966897e-02 -4.542028e-01 -2.086524e-01 -6.460679e-01 2.966897e-02 -4.375130e-01 -1.965291e-01
-6.460679e-01 2.966897e-02 -4.375130e-01 -1.965291e-01 -6.460679e-01 2.966897e-02 -4.219676e-01 -1.834874e-01
-6.460679e-01 2.966897e-02 -4.219676e-01 -1.834874e-01 -6.460679e-01 2.966897e-02 -4.075924e-01 -1.696079e-01
-6.460679e-01 2.966897e-02 -4.075924e-01 -1.696079e-01 -6.460679e-01 2.966897e-02 -3.944073e-01 -1.549666e-01
-6.460679e-01 2.966897e-02 -3.944073e-01 -1.549666e-01 -6.460679e-01 2.966897e-02 -3.824274e-01 -1.396351e-01
-6.460679e-01 2.966897e-02 -3.824274e-01 -1.396351e-01 -6.460679e-01 2.966897e-02 -3.716649e-01 -1.236812e-01
-6.460679e-01 2.966897e-02 -3.716649e-01 -1.236812e-01 -6.460679e-01 2.966897e-02 -3.621302e-01 -1.071684e-01
-6.460679e-01 2.966897e-02 -3.621302e-01 -1.071684e-01 -6.460679e-01 2.966897e-02 -3.538326e-01 -9.015744e-02
-6.460679e-01 2.966897e-02 -3.538326e-01 -9.015744e-02 -6.460679e-01 2.966897e-02 -3.467812e-01 -7.270594e-02
-6.460679e-01 2.966897e-02 -3.467812e-01 -7.270594e-02 -6.460679e-01 2.966897e-02 -3.409855e-01 -5.486952e-02
-6.460679e-01 2.966897e-02 -3.409855e-01 -5.486952e-02 -6.460679e-01 2.966897e-02 -3.364558e-01 -3.670224e-02
-6.460679e-01 2.966897e-02 -3.364558e-01 -3.670224e-02 -6.460679e-01 2.966897e-02 -3.332036e-01 -1.825730e-02
-6.460679e-01 2.966897e-02 -3.332036e-01 -1.825730e-02 -6.460679e-01 2.966897e-02 -3.312417e-01 4.122990e-04
-6.460679e-01 2.966897e-02 -3.312417e-01 4.122990e-04 -6.460679e-01 2.966897e-02 -3.305844e-01 1.925301e-02
-6.460679e-01 2.966897e-02 -3.305844e-01 1.925301e-02 -6.460679e-01 2.966897e-02 -3.312471e-01 3.821001e-02
-6.460679e-01 2.966897e-02 -3.312471e-01 3.821001e-02 -6.460679e-01 2.966897e-02 -3.332468e-01 5.722647e-02
-6.460679e-01 2.966897e-02 -3.332468e-01 5.722647e-02 -6.460679e-01 2.966897e-02 -3.366011e-01 7.624268e-02
-6.460679e-01 2.966897e-02 -3.366011e-01 7.624268e-02 -6.460679e-01 2.966897e-02 -3.413280e-01 9.519529e-02
-6.460679e-01 2.966897e-02 -3.413280e-01 9.519529e-02 -6.460679e-01 2.966897e-02 -3.474450e-01 1.140164e-01
-6.460679e-01 2.966897e-02 -3.474450e-01 1.140164e-01 -6.460679e-01 2.966897e-02 -3.549685e-01 1.326330e-01
-6.460679e-01 2.966897e-02 -3.549685e-01 1.326330e-01 -6.460679e-01 2.966897e-02 -3.639121e-01 1.509657e-01
-6.460679e-01 2.966897e-02 -3.639121e-01 1.509657e-01 -6.460679e-01 2.966897e-02 -3.742854e-01 1.689286e-01
-6.460679e-01 2.966897e-02 -3.742854e-01 1.689286e-01 -6.460679e-01 2.966897e-02 -3.860917e-01 1.864283e-01
-6.460679e-01 2.966897e-02 -3.860917e-01 1.864283e-01 -6.460679e-01 2.966897e-02 -3.993263e-01 2.033641e-01
-6.460679e-01 2.966897e-02 -3.993263e-01 2.033641e-01 -6.460679e-01 2.966897e-02 -4.139734e-01 2.196279e-01
-6.460679e-01 2.966897e-02 -4.139734e-01 2.196279e-01 -6.460679e-01 2.966897e-02 -4.300035e-01 2.351048e-01
-6.460679e-01 2.966897e-02 -4.300035e-01 2.351048e-01 -6.460679e-01 2.966897e-02 -4.473707e-01 2.496748e-01
-6.460679e-01 2.966897e-02 -4.473707e-01 2.496748e-01 -6.460679e-01 2.966897e-02 -4.660099e-01 2.632143e-01
-6.460679e-01 2.966897e-02 -4.660099e-01 2.632143e-01 -6.460679e-01 2.966897e-02 -4.858343e-01 2.755998e-01
-6.460679e-01 2.966897e-02 -4.858343e-01 2.755998e-01 -6.460679e-01 2.966897e-02 -5.067349e-01 2.867111e-01
-6.460679e-01 2.966897e-02 -5.067349e-01 2.867111e-01 -6.460679e-01 2.966897e-02 -5.285793e-01 2.964355e-01
-6.460679e-01 2.966897e-02 -5.285793e-01 2.964355e-01 -6.460679e-01 2.966897e-02 -5.512145e-01 3.046732e-01
-6.460679e-01 2.966897e-02 -5.512145e-01 3.046732e-01 -6.460679e-01 2.966897e-02 -5.744689e-01 3.113409e-01
-6.460679e-01 2.966897e-02 -5.744689e-01 3.113409e-01 -6.460679e-01 2.966897e-02 -5.981576e-01 3.163761e-01
-6.460679e-01 2.966897e-02 -5.981576e-01 3.163761e-01 -6.460679e-01 2.966897e-02 -6.220884e-01 3.197399e-01
-6.460679e-01 2.966897e-02 -6.220884e-01 3.197399e-01 -6.460679e-01 2.966897e-02 -6.460677e-01 3.214177e-01
-6.460679e-01 2.966897e-02 -6.460677e-01 3.214177e-01 -6.460679e-01 2.966897e-02 -6.699074e-01 3.214190e-01
-6.460679e-01 2.966897e-02 -6.699074e-01 3.214190e-01 -6.460679e-01 2.966897e-02 -6.934301e-01 3.197758e-01
-6.460679e-01 2.966897e-02 -6.934301e-01 3.197758e-01 -6.460679e-01 2.966897e-02 -7.164739e-01 3.165392e-01
-6.460679e-01 2.966897e-02 -7.164739e-01 3.165392e-01 -6.460679e-01 2.966897e-02 -7.388944e-01 3.117757e-01
-6.460679e-01 2.966897e-02 -7.388944e-01 3.117757e-01 -6.460679e-01 2.966897e-02 -7.605670e-01 3.055635e-01
-6.460679e-01 2.966897e-02 -7.605670e-01 3.055635e-01 -6.460679e-01 2.966897e-02 -7.813861e-01 2.979884e-01
-6.460679e-01 2.966897e-02 -7.813861e-01 2.979884e-01 -6.460679e-01 2.966897e-02 -8.012647e-01 2.891404e-01
-6.460679e-01 2.966897e-02 -8.012647e-01 2.891404e-01 -6.460679e-01 2.966897e-02 -8.201323e-01 2.791109e-01
-6.460679e-01 2.966897e-02 -8.201323e-01 2.791109e-01 -6.460679e-01 2.966897e-02 -8.379329e-01 2.679904e-01
-6.460679e-01 2.966897e-02 -8.379329e-01 2.679904e-01 -6.460679e-01 2.966897e-02 -8.546228e-01 2.558670e-01
-6.460679e-01 2.966897e-02 -8.546228e-01 2.558670e-01 -6.460679e-01 2.966897e-02 -8.701681e-01 2.428253e-01
-6.460679e-01 2.966897e-02 -8.701681e-01 2.428253e-01 -6.460679e-01 2.966897e-02 -8.845433e-01 2.289458e-01
-6.460679e-01 2.966897e-02 -8.845433e-01 2.289458e-01 -6.460679e-01 2.966897e-02 -8.977284e-01 2.143045e-01
-6.460679e-01 2.966897e-02 -8.977284e-01 2.143045e-01 -6.460679e-01 2.966897e-02 -9.097084e-01 1.989731e-01
-6.460679e-01 2.966897e-02 -9.097084e-01 1.989731e-01 -6.460679e-01 2.966897e-02 -9.204708e-01 1.830191e-01
-6.460679e-01 2.966897e-02 -9.204708e-01 1.830191e-01 -6.460679e-01 2.966897e-02 -9.300055e-01 1.665064e-01
-6.460679e-01 2.966897e-02 -9.300055e-01 1.665064e-01 -6.460679e-01 2.966897e-02 -9.383031e-01 1.494954e-01
-6.460679e-01 2.966897e-02 -9.383031e-01 1.494954e-01 -6.460679e-01 2.966897e-02 -9.453545e-01 1.320439e-01
-6.460679e-01 2.966897e-02 -9.453545e-01 1.320439e-01 -6.460679e-01 2.966897e-02 -9.511502e-01 1.142075e-01
-6.460679e-01 2.966897e-02 -9.511502e-01 1.142075e-01 -6.460679e-01 2.966897e-02 -9.556799e-01 9.604019e-02
-6.460679e-01 2.966897e-02 -9.556799e-01 9.604019e-02 -6.460679e-01 2.966897e-02 -9.589321e-01 7.759524e-02
-6.460679e-01 2.966897e-02 -9.589321e-01 7.759524e-02 -6.460679e-01 2.966897e-02 -9.608940e-01 5.892565e-02
-6.460679e-01 2.966897e-02 -9.608940e-01 5.892565e-02 -6.460679e-01 2.966897e-02 -9.615514e-01 4.008494e-02
