1.075000e+00 4.600000e-01 9.710647e-01 6.108209e-01 1.070000e+00 4.650000e-01 9.664732e-01 6.161709e-01
1.075000e+00 4.600000e-01 9.710647e-01 6.108209e-01 1.085000e+00 4.600000e-01 9.753828e-01 6.058896e-01
1.085000e+00 4.600000e-01 9.753828e-01 6.058896e-01 1.095000e+00 4.600000e-01 9.797487e-01 6.009388e-01
1.095000e+00 4.600000e-01 9.797487e-01 6.009388e-01 1.100000e+00 4.650000e-01 9.794902e-01 6.012610e-01
1.055000e+00 4.700000e-01 9.576319e-01 6.264437e-01 1.050000e+00 4.750000e-01 9.530816e-01 6.318235e-01
1.055000e+00 4.700000e-01 9.576319e-01 6.264437e-01 1.065000e+00 4.700000e-01 9.618574e-01 6.215039e-01
1.070000e+00 4.650000e-01 9.664732e-01 6.161709e-01 1.065000e+00 4.700000e-01 9.618574e-01 6.215039e-01
1.100000e+00 4.650000e-01 9.794902e-01 6.012610e-01 1.105000e+00 4.700000e-01 9.792210e-01 6.015223e-01
1.105000e+00 4.700000e-01 9.792210e-01 6.015223e-01 1.110000e+00 4.750000e-01 9.790222e-01 6.017899e-01
1.035000e+00 4.800000e-01 9.443509e-01 6.421118e-01 1.030000e+00 4.850000e-01 9.398414e-01 6.475198e-01
1.035000e+00 4.800000e-01 9.443509e-01 6.421118e-01 1.045000e+00 4.800000e-01 9.485086e-01 6.371881e-01
1.050000e+00 4.750000e-01 9.530816e-01 6.318235e-01 1.045000e+00 4.800000e-01 9.485086e-01 6.371881e-01
1.110000e+00 4.750000e-01 9.790222e-01 6.017899e-01 1.110000e+00 4.850000e-01 9.740610e-01 6.072237e-01
1.025000e+00 4.900000e-01 9.353113e-01 6.529149e-01 1.020000e+00 4.950000e-01 9.308124e-01 6.583307e-01
1.030000e+00 4.850000e-01 9.398414e-01 6.475198e-01 1.025000e+00 4.900000e-01 9.353113e-01 6.529149e-01
1.105000e+00 4.900000e-01 9.692454e-01 6.123954e-01 1.100000e+00 4.950000e-01 9.644653e-01 6.175976e-01
1.110000e+00 4.850000e-01 9.740610e-01 6.072237e-01 1.105000e+00 4.900000e-01 9.692454e-01 6.123954e-01
1.005000e+00 5.000000e-01 9.222385e-01 6.686561e-01 1.000000e+00 5.050000e-01 9.177803e-01 6.740984e-01
1.005000e+00 5.000000e-01 9.222385e-01 6.686561e-01 1.015000e+00 5.000000e-01 9.262928e-01 6.637338e-01
1.020000e+00 4.950000e-01 9.308124e-01 6.583307e-01 1.015000e+00 5.000000e-01 9.262928e-01 6.637338e-01
1.100000e+00 4.950000e-01 9.644653e-01 6.175976e-01 1.100000e+00 5.050000e-01 9.594511e-01 6.229348e-01
9.950000e-01 5.100000e-01 9.133036e-01 6.795306e-01 9.900000e-01 5.150000e-01 9.088570e-01 6.849812e-01
1.000000e+00 5.050000e-01 9.177803e-01 6.740984e-01 9.950000e-01 5.100000e-01 9.133036e-01 6.795306e-01
1.100000e+00 5.050000e-01 9.594511e-01 6.229348e-01 1.100000e+00 5.150000e-01 9.544596e-01 6.282401e-01
9.750000e-01 5.200000e-01 9.004095e-01 6.953099e-01 9.700000e-01 5.250000e-01 8.960028e-01 7.007849e-01
9.750000e-01 5.200000e-01 9.004095e-01 6.953099e-01 9.850000e-01 5.200000e-01 9.043919e-01 6.904219e-01
9.900000e-01 5.150000e-01 9.088570e-01 6.849812e-01 9.850000e-01 5.200000e-01 9.043919e-01 6.904219e-01
1.095000e+00 5.200000e-01 9.495859e-01 6.333602e-01 1.090000e+00 5.250000e-01 9.447475e-01 6.385121e-01
1.100000e+00 5.150000e-01 9.544596e-01 6.282401e-01 1.095000e+00 5.200000e-01 9.495859e-01 6.333602e-01
9.650000e-01 5.300000e-01 8.915803e-01 7.062526e-01 9.600000e-01 5.350000e-01 8.871860e-01 7.117361e-01
9.700000e-01 5.250000e-01 8.960028e-01 7.007849e-01 9.650000e-01 5.300000e-01 8.915803e-01 7.062526e-01
1.090000e+00 5.250000e-01 9.447475e-01 6.385121e-01 1.090000e+00 5.350000e-01 9.397302e-01 6.437411e-01
9.550000e-01 5.400000e-01 8.827760e-01 7.172127e-01 9.500000e-01 5.450000e-01 8.783945e-01 7.227049e-01
9.600000e-01 5.350000e-01 8.871860e-01 7.117361e-01 9.550000e-01 5.400000e-01 8.827760e-01 7.172127e-01
1.090000e+00 5.350000e-01 9.397302e-01 6.437411e-01 1.090000e+00 5.450000e-01 9.347650e-01 6.489636e-01
9.450000e-01 5.500000e-01 8.739974e-01 7.281905e-01 9.400000e-01 5.550000e-01 8.696290e-01 7.336916e-01
9.500000e-01 5.450000e-01 8.783945e-01 7.227049e-01 9.450000e-01 5.500000e-01 8.739974e-01 7.281905e-01
1.085000e+00 5.500000e-01 9.298308e-01 6.540277e-01 1.080000e+00 5.550000e-01 9.249306e-01 6.591237e-01
1.090000e+00 5.450000e-01 9.347650e-01 6.489636e-01 1.085000e+00 5.500000e-01 9.298308e-01 6.540277e-01
9.250000e-01 5.600000e-01 8.614133e-01 7.440652e-01 9.200000e-01 5.650000e-01 8.570848e-01 7.495881e-01
9.250000e-01 5.600000e-01 8.614133e-01 7.440652e-01 9.350000e-01 5.600000e-01 8.652452e-01 7.391864e-01
9.400000e-01 5.550000e-01 8.696290e-01 7.336916e-01 9.350000e-01 5.600000e-01 8.652452e-01 7.391864e-01
1.075000e+00 5.600000e-01 9.199982e-01 6.641894e-01 1.070000e+00 5.650000e-01 9.151006e-01 6.692879e-01
1.080000e+00 5.550000e-01 9.249306e-01 6.591237e-01 1.075000e+00 5.600000e-01 9.199982e-01 6.641894e-01
9.150000e-01 5.700000e-01 8.527437e-01 7.551075e-01 9.100000e-01 5.750000e-01 8.484292e-01 7.606394e-01
9.200000e-01 5.650000e-01 8.570848e-01 7.495881e-01 9.150000e-01 5.700000e-01 8.527437e-01 7.551075e-01
1.070000e+00 5.650000e-01 9.151006e-01 6.692879e-01 1.070000e+00 5.750000e-01 9.100724e-01 6.743949e-01
9.050000e-01 5.800000e-01 8.441023e-01 7.661682e-01 9.000000e-01 5.850000e-01 8.398021e-01 7.717092e-01
9.100000e-01 5.750000e-01 8.484292e-01 7.606394e-01 9.050000e-01 5.800000e-01 8.441023e-01 7.661682e-01
1.065000e+00 5.800000e-01 9.051092e-01 6.794311e-01 1.060000e+00 5.850000e-01 9.001802e-01 6.845003e-01
1.070000e+00 5.750000e-01 9.100724e-01 6.743949e-01 1.065000e+00 5.800000e-01 9.051092e-01 6.794311e-01
8.950000e-01 5.900000e-01 8.354898e-01 7.772477e-01 8.900000e-01 5.950000e-01 8.312042e-01 7.827980e-01
9.000000e-01 5.850000e-01 8.398021e-01 7.717092e-01 8.950000e-01 5.900000e-01 8.354898e-01 7.772477e-01
1.060000e+00 5.850000e-01 9.001802e-01 6.845003e-01 1.060000e+00 5.950000e-01 8.951672e-01 6.895621e-01
8.850000e-01 6.000000e-01 8.269069e-01 7.883462e-01 8.800000e-01 6.050000e-01 8.226365e-01 7.939061e-01
8.900000e-01 5.950000e-01 8.312042e-01 7.827980e-01 8.850000e-01 6.000000e-01 8.269069e-01 7.883462e-01
1.055000e+00 6.000000e-01 8.901727e-01 6.945676e-01 1.050000e+00 6.050000e-01 8.852114e-01 6.996057e-01
1.060000e+00 5.950000e-01 8.951672e-01 6.895621e-01 1.055000e+00 6.000000e-01 8.901727e-01 6.945676e-01
8.650000e-01 6.100000e-01 8.146780e-01 8.042983e-01 8.600000e-01 6.150000e-01 8.104476e-01 8.098765e-01
8.650000e-01 6.100000e-01 8.146780e-01 8.042983e-01 8.750000e-01 6.100000e-01 8.183546e-01 7.994642e-01
8.800000e-01 6.050000e-01 8.226365e-01 7.939061e-01 8.750000e-01 6.100000e-01 8.183546e-01 7.994642e-01
1.050000e+00 6.050000e-01 8.852114e-01 6.996057e-01 1.050000e+00 6.150000e-01 8.802272e-01 7.046333e-01
8.550000e-01 6.200000e-01 8.062086e-01 8.154558e-01 8.500000e-01 6.250000e-01 8.019941e-01 8.210435e-01
8.600000e-01 6.150000e-01 8.104476e-01 8.098765e-01 8.550000e-01 6.200000e-01 8.062086e-01 8.154558e-01
1.045000e+00 6.200000e-01 8.752010e-01 7.096068e-01 1.040000e+00 6.250000e-01 8.702068e-01 7.146125e-01
1.050000e+00 6.150000e-01 8.802272e-01 7.046333e-01 1.045000e+00 6.200000e-01 8.752010e-01 7.096068e-01
8.450000e-01 6.300000e-01 7.977715e-01 8.266328e-01 8.400000e-01 6.350000e-01 7.935734e-01 8.322300e-01
8.500000e-01 6.250000e-01 8.019941e-01 8.210435e-01 8.450000e-01 6.300000e-01 7.977715e-01 8.266328e-01
1.035000e+00 6.300000e-01 8.651798e-01 7.195853e-01 1.030000e+00 6.350000e-01 8.601858e-01 7.245912e-01
1.040000e+00 6.250000e-01 8.702068e-01 7.146125e-01 1.035000e+00 6.300000e-01 8.651798e-01 7.195853e-01
8.350000e-01 6.400000e-01 7.893677e-01 8.378295e-01 8.300000e-01 6.450000e-01 7.851864e-01 8.434364e-01
8.400000e-01 6.350000e-01 7.935734e-01 8.322300e-01 8.350000e-01 6.400000e-01 7.893677e-01 8.378295e-01
1.030000e+00 6.350000e-01 8.601858e-01 7.245912e-01 1.030000e+00 6.450000e-01 8.551785e-01 7.295288e-01
8.250000e-01 6.500000e-01 7.809980e-01 8.490462e-01 8.200000e-01 6.550000e-01 7.768341e-01 8.546631e-01
8.300000e-01 6.450000e-01 7.851864e-01 8.434364e-01 8.250000e-01 6.500000e-01 7.809980e-01 8.490462e-01
1.025000e+00 6.500000e-01 8.501189e-01 7.344677e-01 1.020000e+00 6.550000e-01 8.450906e-01 7.394391e-01
1.030000e+00 6.450000e-01 8.551785e-01 7.295288e-01 1.025000e+00 6.500000e-01 8.501189e-01 7.344677e-01
8.150000e-01 6.600000e-01 7.726634e-01 8.602834e-01 8.100000e-01 6.650000e-01 7.685173e-01 8.659103e-01
8.200000e-01 6.550000e-01 7.768341e-01 8.546631e-01 8.150000e-01 6.600000e-01 7.726634e-01 8.602834e-01
1.015000e+00 6.600000e-01 8.400294e-01 7.443764e-01 1.010000e+00 6.650000e-01 8.350003e-01 7.493469e-01
1.020000e+00 6.550000e-01 8.450906e-01 7.394391e-01 1.015000e+00 6.600000e-01 8.400294e-01 7.443764e-01
8.050000e-01 6.700000e-01 7.643649e-01 8.715413e-01 8.000000e-01 6.750000e-01 7.602371e-01 8.771784e-01
8.100000e-01 6.650000e-01 7.685173e-01 8.659103e-01 8.050000e-01 6.700000e-01 7.643649e-01 8.715413e-01
1.010000e+00 6.650000e-01 8.350003e-01 7.493469e-01 1.010000e+00 6.750000e-01 8.299838e-01 7.542023e-01
7.950000e-01 6.800000e-01 7.561036e-01 8.828202e-01 7.900000e-01 6.850000e-01 7.519947e-01 8.884676e-01
8.000000e-01 6.750000e-01 7.602371e-01 8.771784e-01 7.950000e-01 6.800000e-01 7.561036e-01 8.828202e-01
1.005000e+00 6.800000e-01 8.248891e-01 7.591038e-01 1.000000e+00 6.850000e-01 8.198246e-01 7.640376e-01
1.010000e+00 6.750000e-01 8.299838e-01 7.542023e-01 1.005000e+00 6.800000e-01 8.248891e-01 7.591038e-01
7.750000e-01 6.900000e-01 7.444461e-01 8.988659e-01 7.700000e-01 6.950000e-01 7.403790e-01 9.045264e-01
7.750000e-01 6.900000e-01 7.444461e-01 8.988659e-01 7.850000e-01 6.900000e-01 7.478804e-01 8.941205e-01
7.900000e-01 6.850000e-01 7.519947e-01 8.884676e-01 7.850000e-01 6.900000e-01 7.478804e-01 8.941205e-01
9.950000e-01 6.900000e-01 8.147274e-01 7.689365e-01 9.900000e-01 6.950000e-01 8.096611e-01 7.738684e-01
1.000000e+00 6.850000e-01 8.198246e-01 7.640376e-01 9.950000e-01 6.900000e-01 8.147274e-01 7.689365e-01
7.650000e-01 7.000000e-01 7.363094e-01 9.101950e-01 7.600000e-01 7.050000e-01 7.322623e-01 9.158656e-01
7.700000e-01 6.950000e-01 7.403790e-01 9.045264e-01 7.650000e-01 7.000000e-01 7.363094e-01 9.101950e-01
9.900000e-01 6.950000e-01 8.096611e-01 7.738684e-01 9.900000e-01 7.050000e-01 8.046495e-01 7.786497e-01
7.550000e-01 7.100000e-01 7.282133e-01 9.215450e-01 7.500000e-01 7.150000e-01 7.241868e-01 9.272258e-01
7.600000e-01 7.050000e-01 7.322623e-01 9.158656e-01 7.550000e-01 7.100000e-01 7.282133e-01 9.215450e-01
9.850000e-01 7.100000e-01 7.995182e-01 7.835109e-01 9.800000e-01 7.150000e-01 7.944156e-01 7.884040e-01
9.900000e-01 7.050000e-01 8.046495e-01 7.786497e-01 9.850000e-01 7.100000e-01 7.995182e-01 7.835109e-01
7.450000e-01 7.200000e-01 7.201591e-01 9.329162e-01 7.400000e-01 7.250000e-01 7.161538e-01 9.386073e-01
7.500000e-01 7.150000e-01 7.241868e-01 9.272258e-01 7.450000e-01 7.200000e-01 7.201591e-01 9.329162e-01
9.750000e-01 7.200000e-01 7.892808e-01 7.932614e-01 9.700000e-01 7.250000e-01 7.841754e-01 7.981514e-01
9.800000e-01 7.150000e-01 7.944156e-01 7.884040e-01 9.750000e-01 7.200000e-01 7.892808e-01 7.932614e-01
7.350000e-01 7.300000e-01 7.121479e-01 9.443087e-01 7.300000e-01 7.350000e-01 7.081645e-01 9.500104e-01
7.400000e-01 7.250000e-01 7.161538e-01 9.386073e-01 7.350000e-01 7.300000e-01 7.121479e-01 9.443087e-01
9.700000e-01 7.250000e-01 7.841754e-01 7.981514e-01 9.700000e-01 7.350000e-01 7.791831e-01 8.028667e-01
7.250000e-01 7.400000e-01 7.041812e-01 9.557230e-01 7.200000e-01 7.450000e-01 7.002204e-01 9.614353e-01
7.300000e-01 7.350000e-01 7.081645e-01 9.500104e-01 7.250000e-01 7.400000e-01 7.041812e-01 9.557230e-01
9.650000e-01 7.400000e-01 7.740138e-01 8.076847e-01 9.600000e-01 7.450000e-01 7.688714e-01 8.125338e-01
9.700000e-01 7.350000e-01 7.791831e-01 8.028667e-01 9.650000e-01 7.400000e-01 7.740138e-01 8.076847e-01
7.150000e-01 7.500000e-01 6.962604e-01 9.671593e-01 7.100000e-01 7.550000e-01 6.923229e-01 9.728822e-01
7.200000e-01 7.450000e-01 7.002204e-01 9.614353e-01 7.150000e-01 7.500000e-01 6.962604e-01 9.671593e-01
9.550000e-01 7.500000e-01 7.636975e-01 8.173466e-01 9.500000e-01 7.550000e-01 7.585511e-01 8.221913e-01
9.600000e-01 7.450000e-01 7.688714e-01 8.125338e-01 9.550000e-01 7.500000e-01 7.636975e-01 8.173466e-01
7.050000e-01 7.600000e-01 6.883869e-01 9.786178e-01 7.000000e-01 7.650000e-01 6.844736e-01 9.843516e-01
7.100000e-01 7.550000e-01 6.923229e-01 9.728822e-01 7.050000e-01 7.600000e-01 6.883869e-01 9.786178e-01
9.500000e-01 7.550000e-01 7.585511e-01 8.221913e-01 9.500000e-01 7.650000e-01 7.535925e-01 8.268484e-01
6.950000e-01 7.700000e-01 6.805625e-01 9.900988e-01 6.900000e-01 7.750000e-01 6.766741e-01 9.958435e-01
7.000000e-01 7.650000e-01 6.844736e-01 9.843516e-01 6.950000e-01 7.700000e-01 6.805625e-01 9.900988e-01
9.450000e-01 7.700000e-01 7.483839e-01 8.316200e-01 9.400000e-01 7.750000e-01 7.432002e-01 8.364218e-01
9.500000e-01 7.650000e-01 7.535925e-01 8.268484e-01 9.450000e-01 7.700000e-01 7.483839e-01 8.316200e-01
6.850000e-01 7.800000e-01 6.727887e-01 1.001603e+00 6.800000e-01 7.850000e-01 6.689261e-01 1.007358e+00
6.900000e-01 7.750000e-01 6.766741e-01 9.958435e-01 6.850000e-01 7.800000e-01 6.727887e-01 1.001603e+00
9.350000e-01 7.800000e-01 7.379859e-01 8.411867e-01 9.300000e-01 7.850000e-01 7.327970e-01 8.459826e-01
9.400000e-01 7.750000e-01 7.432002e-01 8.364218e-01 9.350000e-01 7.800000e-01 7.379859e-01 8.411867e-01
6.750000e-01 7.900000e-01 6.650673e-01 1.013129e+00 6.700000e-01 7.950000e-01 6.612315e-01 1.018896e+00
6.800000e-01 7.850000e-01 6.689261e-01 1.007358e+00 6.750000e-01 7.900000e-01 6.650673e-01 1.013129e+00
9.250000e-01 7.900000e-01 7.275768e-01 8.507407e-01 9.200000e-01 7.950000e-01 7.223823e-01 8.555304e-01
9.300000e-01 7.850000e-01 7.327970e-01 8.459826e-01 9.250000e-01 7.900000e-01 7.275768e-01 8.507407e-01
6.650000e-01 8.000000e-01 6.574002e-01 1.024679e+00 6.600000e-01 8.050000e-01 6.535920e-01 1.030457e+00
6.700000e-01 7.950000e-01 6.612315e-01 1.018896e+00 6.650000e-01 8.000000e-01 6.574002e-01 1.024679e+00
9.200000e-01 7.950000e-01 7.223823e-01 8.555304e-01 9.200000e-01 8.050000e-01 7.174107e-01 8.600615e-01
6.550000e-01 8.100000e-01 6.497894e-01 1.036253e+00 6.500000e-01 8.150000e-01 6.460099e-01 1.042042e+00
6.600000e-01 8.050000e-01 6.535920e-01 1.030457e+00 6.550000e-01 8.100000e-01 6.497894e-01 1.036253e+00
9.150000e-01 8.100000e-01 7.121549e-01 8.647751e-01 9.100000e-01 8.150000e-01 7.069220e-01 8.695185e-01
9.200000e-01 8.050000e-01 7.174107e-01 8.600615e-01 9.150000e-01 8.100000e-01 7.121549e-01 8.647751e-01
6.450000e-01 8.200000e-01 6.422369e-01 1.047850e+00 6.400000e-01 8.250000e-01 6.384872e-01 1.053651e+00
6.500000e-01 8.150000e-01 6.460099e-01 1.042042e+00 6.450000e-01 8.200000e-01 6.422369e-01 1.047850e+00
9.050000e-01 8.200000e-01 7.016591e-01 8.742236e-01 9.000000e-01 8.250000e-01 6.964195e-01 8.789591e-01
9.100000e-01 8.150000e-01 7.069220e-01 8.695185e-01 9.050000e-01 8.200000e-01 7.016591e-01 8.742236e-01
6.350000e-01 8.300000e-01 6.347449e-01 1.059471e+00 6.300000e-01 8.350000e-01 6.310262e-01 1.065283e+00
6.400000e-01 8.250000e-01 6.384872e-01 1.053651e+00 6.350000e-01 8.300000e-01 6.347449e-01 1.059471e+00
8.950000e-01 8.300000e-01 6.911491e-01 8.836553e-01 8.900000e-01 8.350000e-01 6.859025e-01 8.883825e-01
9.000000e-01 8.250000e-01 6.964195e-01 8.789591e-01 8.950000e-01 8.300000e-01 6.911491e-01 8.836553e-01
6.250000e-01 8.400000e-01 6.273159e-01 1.071116e+00 6.200000e-01 8.450000e-01 6.236294e-01 1.076940e+00
6.300000e-01 8.350000e-01 6.310262e-01 1.065283e+00 6.250000e-01 8.400000e-01 6.273159e-01 1.071116e+00
8.900000e-01 8.350000e-01 6.859025e-01 8.883825e-01 8.900000e-01 8.450000e-01 6.809355e-01 8.927904e-01
6.150000e-01 8.500000e-01 6.199523e-01 1.082785e+00 6.100000e-01 8.550000e-01 6.162993e-01 1.088621e+00
6.200000e-01 8.450000e-01 6.236294e-01 1.076940e+00 6.150000e-01 8.500000e-01 6.199523e-01 1.082785e+00
8.850000e-01 8.500000e-01 6.756290e-01 8.974387e-01 8.800000e-01 8.550000e-01 6.703429e-01 9.021158e-01
8.900000e-01 8.450000e-01 6.809355e-01 8.927904e-01 8.850000e-01 8.500000e-01 6.756290e-01 8.974387e-01
6.050000e-01 8.600000e-01 6.126569e-01 1.094479e+00 6.000000e-01 8.650000e-01 6.090388e-01 1.100326e+00
6.100000e-01 8.550000e-01 6.162993e-01 1.088621e+00 6.050000e-01 8.600000e-01 6.126569e-01 1.094479e+00
8.750000e-01 8.600000e-01 6.650277e-01 9.067533e-01 8.700000e-01 8.650000e-01 6.597331e-01 9.114201e-01
8.800000e-01 8.550000e-01 6.703429e-01 9.021158e-01 8.750000e-01 8.600000e-01 6.650277e-01 9.067533e-01
5.950000e-01 8.700000e-01 6.054325e-01 1.106197e+00 5.900000e-01 8.750000e-01 6.018508e-01 1.112055e+00
6.000000e-01 8.650000e-01 6.090388e-01 1.100326e+00 5.950000e-01 8.700000e-01 6.054325e-01 1.106197e+00
8.650000e-01 8.700000e-01 6.544089e-01 9.160462e-01 8.600000e-01 8.750000e-01 6.491055e-01 9.207024e-01
8.700000e-01 8.650000e-01 6.597331e-01 9.114201e-01 8.650000e-01 8.700000e-01 6.544089e-01 9.160462e-01
5.850000e-01 8.800000e-01 5.982821e-01 1.117939e+00 5.800000e-01 8.850000e-01 5.947385e-01 1.123809e+00
5.900000e-01 8.750000e-01 6.018508e-01 1.112055e+00 5.850000e-01 8.800000e-01 5.982821e-01 1.117939e+00
8.600000e-01 8.750000e-01 6.491055e-01 9.207024e-01 8.600000e-01 8.850000e-01 6.441624e-01 9.249889e-01
5.750000e-01 8.900000e-01 5.912091e-01 1.129705e+00 5.700000e-01 8.950000e-01 5.877053e-01 1.135587e+00
5.800000e-01 8.850000e-01 5.947385e-01 1.123809e+00 5.750000e-01 8.900000e-01 5.912091e-01 1.129705e+00
8.550000e-01 8.900000e-01 6.388016e-01 9.295632e-01 8.500000e-01 8.950000e-01 6.334581e-01 9.341649e-01
8.600000e-01 8.850000e-01 6.441624e-01 9.249889e-01 8.550000e-01 8.900000e-01 6.388016e-01 9.295632e-01
5.650000e-01 9.000000e-01 5.842170e-01 1.141496e+00 5.600000e-01 9.050000e-01 5.807548e-01 1.147389e+00
5.700000e-01 8.950000e-01 5.877053e-01 1.135587e+00 5.650000e-01 9.000000e-01 5.842170e-01 1.141496e+00
8.450000e-01 9.000000e-01 6.280869e-01 9.387257e-01 8.400000e-01 9.050000e-01 6.227331e-01 9.433143e-01
8.500000e-01 8.950000e-01 6.334581e-01 9.341649e-01 8.450000e-01 9.000000e-01 6.280869e-01 9.387257e-01
5.550000e-01 9.100000e-01 5.773096e-01 1.153311e+00 5.500000e-01 9.150000e-01 5.738910e-01 1.159216e+00
5.600000e-01 9.050000e-01 5.807548e-01 1.147389e+00 5.550000e-01 9.100000e-01 5.773096e-01 1.153311e+00
8.350000e-01 9.100000e-01 6.173512e-01 9.478608e-01 8.300000e-01 9.150000e-01 6.119866e-01 9.524357e-01
8.400000e-01 9.050000e-01 6.227331e-01 9.433143e-01 8.350000e-01 9.100000e-01 6.173512e-01 9.478608e-01
5.450000e-01 9.200000e-01 5.704909e-01 1.165150e+00 5.400000e-01 9.250000e-01 5.671180e-01 1.171066e+00
5.500000e-01 9.150000e-01 5.738910e-01 1.159216e+00 5.450000e-01 9.200000e-01 5.704909e-01 1.165150e+00
8.300000e-01 9.150000e-01 6.119866e-01 9.524357e-01 8.300000e-01 9.250000e-01 6.070878e-01 9.566010e-01
5.350000e-01 9.300000e-01 5.637654e-01 1.177013e+00 5.300000e-01 9.350000e-01 5.604406e-01 1.182939e+00
5.400000e-01 9.250000e-01 5.671180e-01 1.171066e+00 5.350000e-01 9.300000e-01 5.637654e-01 1.177013e+00
8.250000e-01 9.300000e-01 6.016691e-01 9.610910e-01 8.200000e-01 9.350000e-01 5.962640e-01 9.656068e-01
8.300000e-01 9.250000e-01 6.070878e-01 9.566010e-01 8.250000e-01 9.300000e-01 6.016691e-01 9.610910e-01
5.250000e-01 9.400000e-01 5.571378e-01 1.188899e+00 5.200000e-01 9.450000e-01 5.538635e-01 1.194835e+00
5.300000e-01 9.350000e-01 5.604406e-01 1.182939e+00 5.250000e-01 9.400000e-01 5.571378e-01 1.188899e+00
8.150000e-01 9.400000e-01 5.908332e-01 9.700799e-01 8.100000e-01 9.450000e-01 5.854159e-01 9.745791e-01
8.200000e-01 9.350000e-01 5.962640e-01 9.656068e-01 8.150000e-01 9.400000e-01 5.908332e-01 9.700799e-01
5.150000e-01 9.500000e-01 5.506131e-01 1.200807e+00 5.100000e-01 9.550000e-01 5.473921e-01 1.206753e+00
5.200000e-01 9.450000e-01 5.538635e-01 1.194835e+00 5.150000e-01 9.500000e-01 5.506131e-01 1.200807e+00
8.050000e-01 9.500000e-01 5.799723e-01 9.790345e-01 8.000000e-01 9.550000e-01 5.745422e-01 9.835163e-01
8.100000e-01 9.450000e-01 5.854159e-01 9.745791e-01 8.050000e-01 9.500000e-01 5.799723e-01 9.790345e-01
5.050000e-01 9.600000e-01 5.441971e-01 1.212736e+00 5.000000e-01 9.650000e-01 5.410321e-01 1.218692e+00
5.100000e-01 9.550000e-01 5.473921e-01 1.206753e+00 5.050000e-01 9.600000e-01 5.441971e-01 1.212736e+00
7.950000e-01 9.600000e-01 5.690854e-01 9.879529e-01 7.900000e-01 9.650000e-01 5.636419e-01 9.924164e-01
8.000000e-01 9.550000e-01 5.745422e-01 9.835163e-01 7.950000e-01 9.600000e-01 5.690854e-01 9.879529e-01
4.950000e-01 9.700000e-01 5.378955e-01 1.224687e+00 4.900000e-01 9.750000e-01 5.347899e-01 1.230652e+00
5.000000e-01 9.650000e-01 5.410321e-01 1.218692e+00 4.950000e-01 9.700000e-01 5.378955e-01 1.224687e+00
7.900000e-01 9.650000e-01 5.636419e-01 9.924164e-01 7.900000e-01 9.750000e-01 5.587588e-01 9.963684e-01
4.850000e-01 9.800000e-01 5.317151e-01 1.236657e+00 4.800000e-01 9.850000e-01 5.286722e-01 1.242629e+00
4.900000e-01 9.750000e-01 5.347899e-01 1.230652e+00 4.850000e-01 9.800000e-01 5.317151e-01 1.236657e+00
7.850000e-01 9.800000e-01 5.532646e-01 1.000741e+00 7.800000e-01 9.850000e-01 5.477796e-01 1.005137e+00
7.900000e-01 9.750000e-01 5.587588e-01 9.963684e-01 7.850000e-01 9.800000e-01 5.532646e-01 1.000741e+00
4.750000e-01 9.900000e-01 5.256628e-01 1.248644e+00 4.700000e-01 9.950000e-01 5.226864e-01 1.254624e+00
4.800000e-01 9.850000e-01 5.286722e-01 1.242629e+00 4.750000e-01 9.900000e-01 5.256628e-01 1.248644e+00
7.750000e-01 9.900000e-01 5.422707e-01 1.009487e+00 7.700000e-01 9.950000e-01 5.367706e-01 1.013861e+00
7.800000e-01 9.850000e-01 5.477796e-01 1.005137e+00 7.750000e-01 9.900000e-01 5.422707e-01 1.009487e+00
4.650000e-01 1.000000e+00 5.197464e-01 1.260648e+00 4.600000e-01 1.005000e+00 5.168404e-01 1.266633e+00
4.700000e-01 9.950000e-01 5.226864e-01 1.254624e+00 4.650000e-01 1.000000e+00 5.197464e-01 1.260648e+00
7.650000e-01 1.000000e+00 5.312464e-01 1.018188e+00 7.600000e-01 1.005000e+00 5.257306e-01 1.022540e+00
7.700000e-01 9.950000e-01 5.367706e-01 1.013861e+00 7.650000e-01 1.000000e+00 5.312464e-01 1.018188e+00
4.550000e-01 1.010000e+00 5.139742e-01 1.272665e+00 4.500000e-01 1.015000e+00 5.111432e-01 1.278655e+00
4.600000e-01 1.005000e+00 5.168404e-01 1.266633e+00 4.550000e-01 1.010000e+00 5.139742e-01 1.272665e+00
7.550000e-01 1.010000e+00 5.201905e-01 1.026842e+00 7.500000e-01 1.015000e+00 5.146581e-01 1.031169e+00
7.600000e-01 1.005000e+00 5.257306e-01 1.022540e+00 7.550000e-01 1.010000e+00 5.201905e-01 1.026842e+00
4.450000e-01 1.020000e+00 5.083554e-01 1.284692e+00 4.400000e-01 1.025000e+00 5.056041e-01 1.290685e+00
4.500000e-01 1.015000e+00 5.111432e-01 1.278655e+00 4.450000e-01 1.020000e+00 5.083554e-01 1.284692e+00
7.500000e-01 1.015000e+00 5.146581e-01 1.031169e+00 7.500000e-01 1.025000e+00 5.098255e-01 1.034890e+00
4.350000e-01 1.030000e+00 5.029000e-01 1.296727e+00 4.300000e-01 1.035000e+00 5.002337e-01 1.302720e+00
4.400000e-01 1.025000e+00 5.056041e-01 1.290685e+00 4.350000e-01 1.030000e+00 5.029000e-01 1.296727e+00
7.450000e-01 1.030000e+00 5.042481e-01 1.039118e+00 7.400000e-01 1.035000e+00 4.986738e-01 1.043367e+00
7.500000e-01 1.025000e+00 5.098255e-01 1.034890e+00 7.450000e-01 1.030000e+00 5.042481e-01 1.039118e+00
4.250000e-01 1.040000e+00 4.976189e-01 1.308765e+00 4.200000e-01 1.045000e+00 4.950432e-01 1.314755e+00
4.300000e-01 1.035000e+00 5.002337e-01 1.302720e+00 4.250000e-01 1.040000e+00 4.976189e-01 1.308765e+00
7.350000e-01 1.040000e+00 4.930789e-01 1.047565e+00 7.300000e-01 1.045000e+00 4.874865e-01 1.051785e+00
7.400000e-01 1.035000e+00 4.986738e-01 1.043367e+00 7.350000e-01 1.040000e+00 4.930789e-01 1.047565e+00
4.150000e-01 1.050000e+00 4.925240e-01 1.320799e+00 4.100000e-01 1.055000e+00 4.900451e-01 1.326785e+00
4.200000e-01 1.045000e+00 4.950432e-01 1.314755e+00 4.150000e-01 1.050000e+00 4.925240e-01 1.320799e+00
7.250000e-01 1.050000e+00 4.818734e-01 1.055953e+00 7.200000e-01 1.055000e+00 4.762619e-01 1.060141e+00
7.300000e-01 1.045000e+00 4.874865e-01 1.051785e+00 7.250000e-01 1.050000e+00 4.818734e-01 1.055953e+00
4.050000e-01 1.060000e+00 4.876282e-01 1.332825e+00 4.000000e-01 1.065000e+00 4.852529e-01 1.338801e+00
4.100000e-01 1.055000e+00 4.900451e-01 1.326785e+00 4.050000e-01 1.060000e+00 4.876282e-01 1.332825e+00
7.150000e-01 1.060000e+00 4.706299e-01 1.064277e+00 7.100000e-01 1.065000e+00 4.649985e-01 1.068432e+00
7.200000e-01 1.055000e+00 4.762619e-01 1.060141e+00 7.150000e-01 1.060000e+00 4.706299e-01 1.064277e+00
3.950000e-01 1.070000e+00 4.829458e-01 1.344834e+00 3.900000e-01 1.075000e+00 4.806813e-01 1.350796e+00
4.000000e-01 1.065000e+00 4.852529e-01 1.338801e+00 3.950000e-01 1.070000e+00 4.829458e-01 1.344834e+00
7.100000e-01 1.065000e+00 4.649985e-01 1.068432e+00 7.100000e-01 1.075000e+00 4.602606e-01 1.071897e+00
3.900000e-01 1.075000e+00 4.806813e-01 1.350796e+00 3.900000e-01 1.085000e+00 4.774680e-01 1.359625e+00
7.050000e-01 1.080000e+00 4.545925e-01 1.075944e+00 7.000000e-01 1.085000e+00 4.489200e-01 1.080007e+00
7.100000e-01 1.075000e+00 4.602606e-01 1.071897e+00 7.050000e-01 1.080000e+00 4.545925e-01 1.075944e+00
3.850000e-01 1.090000e+00 4.753575e-01 1.365710e+00 3.800000e-01 1.095000e+00 4.732949e-01 1.371713e+00
3.900000e-01 1.085000e+00 4.774680e-01 1.359625e+00 3.850000e-01 1.090000e+00 4.753575e-01 1.365710e+00
6.950000e-01 1.090000e+00 4.432316e-01 1.084016e+00 6.900000e-01 1.095000e+00 4.375376e-01 1.088040e+00
7.000000e-01 1.085000e+00 4.489200e-01 1.080007e+00 6.950000e-01 1.090000e+00 4.432316e-01 1.084016e+00
3.750000e-01 1.100000e+00 4.713196e-01 1.377782e+00 3.700000e-01 1.105000e+00 4.693932e-01 1.383760e+00
3.800000e-01 1.095000e+00 4.732949e-01 1.371713e+00 3.750000e-01 1.100000e+00 4.713196e-01 1.377782e+00
6.850000e-01 1.100000e+00 4.318282e-01 1.092007e+00 6.800000e-01 1.105000e+00 4.261117e-01 1.095989e+00
6.900000e-01 1.095000e+00 4.375376e-01 1.088040e+00 6.850000e-01 1.100000e+00 4.318282e-01 1.092007e+00
3.650000e-01 1.110000e+00 4.675639e-01 1.389805e+00 3.600000e-01 1.115000e+00 4.657841e-01 1.395748e+00
3.700000e-01 1.105000e+00 4.693932e-01 1.383760e+00 3.650000e-01 1.110000e+00 4.675639e-01 1.389805e+00
6.750000e-01 1.110000e+00 4.203803e-01 1.099911e+00 6.700000e-01 1.115000e+00 4.146403e-01 1.103848e+00
6.800000e-01 1.105000e+00 4.261117e-01 1.095989e+00 6.750000e-01 1.110000e+00 4.203803e-01 1.099911e+00
3.550000e-01 1.120000e+00 4.641125e-01 1.401759e+00 3.500000e-01 1.125000e+00 4.624903e-01 1.407657e+00
3.600000e-01 1.115000e+00 4.657841e-01 1.395748e+00 3.550000e-01 1.120000e+00 4.641125e-01 1.401759e+00
6.650000e-01 1.120000e+00 4.088861e-01 1.107724e+00 6.600000e-01 1.125000e+00 4.031215e-01 1.111613e+00
6.700000e-01 1.115000e+00 4.146403e-01 1.103848e+00 6.650000e-01 1.120000e+00 4.088861e-01 1.107724e+00
3.450000e-01 1.130000e+00 4.609890e-01 1.413623e+00 3.400000e-01 1.135000e+00 4.595360e-01 1.419462e+00
3.500000e-01 1.125000e+00 4.624903e-01 1.407657e+00 3.450000e-01 1.130000e+00 4.609890e-01 1.413623e+00
6.600000e-01 1.125000e+00 4.031215e-01 1.111613e+00 6.600000e-01 1.135000e+00 3.985144e-01 1.114657e+00
3.350000e-01 1.140000e+00 4.582184e-01 1.425369e+00 3.300000e-01 1.145000e+00 4.569467e-01 1.431132e+00
3.400000e-01 1.135000e+00 4.595360e-01 1.419462e+00 3.350000e-01 1.140000e+00 4.582184e-01 1.425369e+00
6.550000e-01 1.140000e+00 3.927280e-01 1.118420e+00 6.500000e-01 1.145000e+00 3.869255e-01 1.122190e+00
6.600000e-01 1.135000e+00 3.985144e-01 1.114657e+00 6.550000e-01 1.140000e+00 3.927280e-01 1.118420e+00
3.250000e-01 1.150000e+00 4.558268e-01 1.436961e+00 3.200000e-01 1.155000e+00 4.547486e-01 1.442629e+00
3.300000e-01 1.145000e+00 4.569467e-01 1.431132e+00 3.250000e-01 1.150000e+00 4.558268e-01 1.436961e+00
6.450000e-01 1.150000e+00 3.811158e-01 1.125896e+00 6.400000e-01 1.155000e+00 3.752877e-01 1.129608e+00
6.500000e-01 1.145000e+00 3.869255e-01 1.122190e+00 6.450000e-01 1.150000e+00 3.811158e-01 1.125896e+00
3.150000e-01 1.160000e+00 4.538408e-01 1.448357e+00 3.100000e-01 1.165000e+00 4.529676e-01 1.453905e+00
3.200000e-01 1.155000e+00 4.547486e-01 1.442629e+00 3.150000e-01 1.160000e+00 4.538408e-01 1.448357e+00
6.350000e-01 1.160000e+00 3.694538e-01 1.133253e+00 6.300000e-01 1.165000e+00 3.635992e-01 1.136903e+00
6.400000e-01 1.155000e+00 3.752877e-01 1.129608e+00 6.350000e-01 1.160000e+00 3.694538e-01 1.133253e+00
3.050000e-01 1.170000e+00 4.522858e-01 1.459506e+00 3.000000e-01 1.175000e+00 4.516281e-01 1.464904e+00
3.100000e-01 1.165000e+00 4.529676e-01 1.453905e+00 3.050000e-01 1.170000e+00 4.522858e-01 1.459506e+00
6.250000e-01 1.170000e+00 3.577406e-01 1.140482e+00 6.200000e-01 1.175000e+00 3.518586e-01 1.144064e+00
6.300000e-01 1.165000e+00 3.635992e-01 1.136903e+00 6.250000e-01 1.170000e+00 3.577406e-01 1.140482e+00
2.950000e-01 1.180000e+00 4.511846e-01 1.470343e+00 2.900000e-01 1.185000e+00 4.507501e-01 1.475555e+00
3.000000e-01 1.175000e+00 4.516281e-01 1.464904e+00 2.950000e-01 1.180000e+00 4.511846e-01 1.470343e+00
6.150000e-01 1.180000e+00 3.459746e-01 1.147572e+00 6.100000e-01 1.185000e+00 3.400642e-01 1.151081e+00
6.200000e-01 1.175000e+00 3.518586e-01 1.144064e+00 6.150000e-01 1.180000e+00 3.459746e-01 1.147572e+00
2.850000e-01 1.190000e+00 4.505544e-01 1.480790e+00 2.800000e-01 1.195000e+00 4.503464e-01 1.485774e+00
2.900000e-01 1.185000e+00 4.507501e-01 1.475555e+00 2.850000e-01 1.190000e+00 4.505544e-01 1.480790e+00
6.100000e-01 1.185000e+00 3.400642e-01 1.151081e+00 6.100000e-01 1.195000e+00 3.357221e-01 1.153604e+00
2.750000e-01 1.200000e+00 4.504027e-01 1.490756e+00 2.700000e-01 1.205000e+00 4.504175e-01 1.495462e+00
2.800000e-01 1.195000e+00 4.503464e-01 1.485774e+00 2.750000e-01 1.200000e+00 4.504027e-01 1.490756e+00
6.050000e-01 1.200000e+00 3.298183e-01 1.156960e+00 6.000000e-01 1.205000e+00 3.238818e-01 1.160308e+00
6.100000e-01 1.195000e+00 3.357221e-01 1.153604e+00 6.050000e-01 1.200000e+00 3.298183e-01 1.156960e+00
2.650000e-01 1.210000e+00 4.507214e-01 1.500132e+00 2.600000e-01 1.215000e+00 4.509451e-01 1.504502e+00
2.700000e-01 1.205000e+00 4.504175e-01 1.495462e+00 2.650000e-01 1.210000e+00 4.507214e-01 1.500132e+00
5.950000e-01 1.210000e+00 3.179548e-01 1.163578e+00 5.900000e-01 1.215000e+00 3.119915e-01 1.166836e+00
6.000000e-01 1.205000e+00 3.238818e-01 1.160308e+00 5.950000e-01 1.210000e+00 3.179548e-01 1.163578e+00
2.600000e-01 1.215000e+00 4.509451e-01 1.504502e+00 2.600000e-01 1.225000e+00 4.521873e-01 1.514335e+00
5.850000e-01 1.220000e+00 3.060414e-01 1.170012e+00 5.800000e-01 1.225000e+00 3.000515e-01 1.173172e+00
5.900000e-01 1.215000e+00 3.119915e-01 1.166836e+00 5.850000e-01 1.220000e+00 3.060414e-01 1.170012e+00
2.550000e-01 1.230000e+00 4.530708e-01 1.518531e+00 2.500000e-01 1.235000e+00 4.538004e-01 1.522369e+00
2.600000e-01 1.225000e+00 4.521873e-01 1.514335e+00 2.550000e-01 1.230000e+00 4.530708e-01 1.518531e+00
5.750000e-01 1.230000e+00 2.940790e-01 1.176246e+00 5.700000e-01 1.235000e+00 2.880625e-01 1.179299e+00
5.800000e-01 1.225000e+00 3.000515e-01 1.173172e+00 5.750000e-01 1.230000e+00 2.940790e-01 1.176246e+00
2.450000e-01 1.240000e+00 4.548943e-01 1.526046e+00 2.400000e-01 1.245000e+00 4.557604e-01 1.529357e+00
2.500000e-01 1.235000e+00 4.538004e-01 1.522369e+00 2.450000e-01 1.240000e+00 4.548943e-01 1.526046e+00
5.650000e-01 1.240000e+00 2.820685e-01 1.182261e+00 5.600000e-01 1.245000e+00 2.760262e-01 1.185197e+00
5.700000e-01 1.235000e+00 2.880625e-01 1.179299e+00 5.650000e-01 1.240000e+00 2.820685e-01 1.182261e+00
2.350000e-01 1.250000e+00 4.569896e-01 1.532426e+00 2.300000e-01 1.255000e+00 4.579061e-01 1.535142e+00
2.400000e-01 1.245000e+00 4.557604e-01 1.529357e+00 2.350000e-01 1.250000e+00 4.569896e-01 1.532426e+00
5.550000e-01 1.250000e+00 2.700123e-01 1.188036e+00 5.500000e-01 1.255000e+00 2.639453e-01 1.190844e+00
5.600000e-01 1.245000e+00 2.760262e-01 1.185197e+00 5.550000e-01 1.250000e+00 2.700123e-01 1.188036e+00
2.250000e-01 1.260000e+00 4.591602e-01 1.537528e+00 2.200000e-01 1.265000e+00 4.600121e-01 1.539600e+00
2.300000e-01 1.255000e+00 4.579061e-01 1.535142e+00 2.250000e-01 1.260000e+00 4.591602e-01 1.537528e+00
5.500000e-01 1.255000e+00 2.639453e-01 1.190844e+00 5.500000e-01 1.265000e+00 2.601901e-01 1.192502e+00
2.150000e-01 1.270000e+00 4.611460e-01 1.541254e+00 2.100000e-01 1.275000e+00 4.617953e-01 1.542666e+00
2.200000e-01 1.265000e+00 4.600121e-01 1.539600e+00 2.150000e-01 1.270000e+00 4.611460e-01 1.541254e+00
5.450000e-01 1.270000e+00 2.542036e-01 1.195110e+00 5.400000e-01 1.275000e+00 2.481580e-01 1.197669e+00
5.500000e-01 1.265000e+00 2.601901e-01 1.192502e+00 5.450000e-01 1.270000e+00 2.542036e-01 1.195110e+00
2.050000e-01 1.280000e+00 4.626391e-01 1.543588e+00 2.000000e-01 1.285000e+00 4.629375e-01 1.544368e+00
2.100000e-01 1.275000e+00 4.617953e-01 1.542666e+00 2.050000e-01 1.280000e+00 4.626391e-01 1.543588e+00
5.350000e-01 1.280000e+00 2.421664e-01 1.200125e+00 5.300000e-01 1.285000e+00 2.361111e-01 1.202522e+00
5.400000e-01 1.275000e+00 2.481580e-01 1.197669e+00 5.350000e-01 1.280000e+00 2.421664e-01 1.200125e+00
1.950000e-01 1.290000e+00 4.633174e-01 1.544614e+00 1.900000e-01 1.295000e+00 4.631257e-01 1.544839e+00
2.000000e-01 1.285000e+00 4.629375e-01 1.544368e+00 1.950000e-01 1.290000e+00 4.633174e-01 1.544614e+00
5.250000e-01 1.290000e+00 2.301209e-01 1.204811e+00 5.200000e-01 1.295000e+00 2.240622e-01 1.207029e+00
5.300000e-01 1.285000e+00 2.361111e-01 1.202522e+00 5.250000e-01 1.290000e+00 2.301209e-01 1.204811e+00
1.850000e-01 1.300000e+00 4.628906e-01 1.544525e+00 1.800000e-01 1.305000e+00 4.620995e-01 1.544314e+00
1.900000e-01 1.295000e+00 4.631257e-01 1.544839e+00 1.850000e-01 1.300000e+00 4.628906e-01 1.544525e+00
5.150000e-01 1.300000e+00 2.180817e-01 1.209135e+00 5.100000e-01 1.305000e+00 2.120282e-01 1.211155e+00
5.200000e-01 1.295000e+00 2.240622e-01 1.207029e+00 5.150000e-01 1.300000e+00 2.180817e-01 1.209135e+00
1.750000e-01 1.310000e+00 4.611467e-01 1.543601e+00 1.700000e-01 1.315000e+00 4.596917e-01 1.543100e+00
1.800000e-01 1.305000e+00 4.620995e-01 1.544314e+00 1.750000e-01 1.310000e+00 4.611467e-01 1.543601e+00
5.050000e-01 1.310000e+00 2.060684e-01 1.213058e+00 5.000000e-01 1.315000e+00 2.000317e-01 1.214859e+00
5.100000e-01 1.305000e+00 2.120282e-01 1.211155e+00 5.050000e-01 1.310000e+00 2.060684e-01 1.213058e+00
1.700000e-01 1.315000e+00 4.596917e-01 1.543100e+00 1.700000e-01 1.325000e+00 4.639260e-01 1.545453e+00
4.950000e-01 1.320000e+00 1.941073e-01 1.216540e+00 4.900000e-01 1.325000e+00 1.881029e-01 1.218097e+00
5.000000e-01 1.315000e+00 2.000317e-01 1.214859e+00 4.950000e-01 1.320000e+00 1.941073e-01 1.216540e+00
1.650000e-01 1.330000e+00 4.618732e-01 1.544100e+00 1.600000e-01 1.335000e+00 4.594184e-01 1.543116e+00
1.700000e-01 1.325000e+00 4.639260e-01 1.545453e+00 1.650000e-01 1.330000e+00 4.618732e-01 1.544100e+00
4.900000e-01 1.325000e+00 1.881029e-01 1.218097e+00 4.900000e-01 1.335000e+00 1.857922e-01 1.218656e+00
1.550000e-01 1.340000e+00 4.565740e-01 1.541823e+00 1.500000e-01 1.345000e+00 4.534377e-01 1.540930e+00
1.600000e-01 1.335000e+00 4.594184e-01 1.543116e+00 1.550000e-01 1.340000e+00 4.565740e-01 1.541823e+00
4.850000e-01 1.340000e+00 1.800714e-01 1.219983e+00 4.800000e-01 1.345000e+00 1.742812e-01 1.221148e+00
4.900000e-01 1.335000e+00 1.857922e-01 1.218656e+00 4.850000e-01 1.340000e+00 1.800714e-01 1.219983e+00
1.450000e-01 1.350000e+00 4.498993e-01 1.539832e+00 1.400000e-01 1.355000e+00 4.461681e-01 1.539133e+00
1.500000e-01 1.345000e+00 4.534377e-01 1.540930e+00 1.450000e-01 1.350000e+00 4.498993e-01 1.539832e+00
4.750000e-01 1.350000e+00 1.686671e-01 1.222209e+00 4.700000e-01 1.355000e+00 1.629892e-01 1.223078e+00
4.800000e-01 1.345000e+00 1.742812e-01 1.221148e+00 4.750000e-01 1.350000e+00 1.686671e-01 1.222209e+00
1.350000e-01 1.360000e+00 4.420489e-01 1.538320e+00 1.300000e-01 1.365000e+00 4.378178e-01 1.537882e+00
1.400000e-01 1.355000e+00 4.461681e-01 1.539133e+00 1.350000e-01 1.360000e+00 4.420489e-01 1.538320e+00
4.650000e-01 1.360000e+00 1.575187e-01 1.223851e+00 4.600000e-01 1.365000e+00 1.519957e-01 1.224399e+00
4.700000e-01 1.355000e+00 1.629892e-01 1.223078e+00 4.650000e-01 1.360000e+00 1.575187e-01 1.223851e+00
1.250000e-01 1.370000e+00 4.332289e-01 1.537401e+00 1.200000e-01 1.375000e+00 4.285902e-01 1.537261e+00
1.300000e-01 1.365000e+00 4.378178e-01 1.537882e+00 1.250000e-01 1.370000e+00 4.332289e-01 1.537401e+00
4.550000e-01 1.370000e+00 1.467158e-01 1.224866e+00 4.500000e-01 1.375000e+00 1.414024e-01 1.225070e+00
4.600000e-01 1.365000e+00 1.519957e-01 1.224399e+00 4.550000e-01 1.370000e+00 1.467158e-01 1.224866e+00
1.150000e-01 1.380000e+00 4.236313e-01 1.537131e+00 1.100000e-01 1.385000e+00 4.186675e-01 1.537301e+00
1.200000e-01 1.375000e+00 4.285902e-01 1.537261e+00 1.150000e-01 1.380000e+00 4.236313e-01 1.537131e+00
4.450000e-01 1.380000e+00 1.363717e-01 1.225217e+00 4.400000e-01 1.385000e+00 1.313372e-01 1.225060e+00
4.500000e-01 1.375000e+00 1.414024e-01 1.225070e+00 4.450000e-01 1.380000e+00 1.363717e-01 1.225217e+00
1.050000e-01 1.390000e+00 4.134230e-01 1.537520e+00 1.000000e-01 1.395000e+00 4.082046e-01 1.538000e+00
1.100000e-01 1.385000e+00 4.186675e-01 1.537301e+00 1.050000e-01 1.390000e+00 4.134230e-01 1.537520e+00
4.350000e-01 1.390000e+00 1.266274e-01 1.224882e+00 4.300000e-01 1.395000e+00 1.219579e-01 1.224358e+00
4.400000e-01 1.385000e+00 1.313372e-01 1.225060e+00 4.350000e-01 1.390000e+00 1.266274e-01 1.224882e+00
1.000000e-01 1.395000e+00 4.082046e-01 1.538000e+00 1.000000e-01 1.405000e+00 4.071653e-01 1.538064e+00
4.250000e-01 1.400000e+00 1.176539e-01 1.223865e+00 4.200000e-01 1.405000e+00 1.134524e-01 1.222988e+00
4.300000e-01 1.395000e+00 1.219579e-01 1.224358e+00 4.250000e-01 1.400000e+00 1.176539e-01 1.223865e+00
9.500000e-02 1.410000e+00 4.014739e-01 1.538720e+00 9.000000e-02 1.415000e+00 3.958507e-01 1.539587e+00
1.000000e-01 1.405000e+00 4.071653e-01 1.538064e+00 9.500000e-02 1.410000e+00 4.014739e-01 1.538720e+00
4.200000e-01 1.405000e+00 1.134524e-01 1.222988e+00 4.200000e-01 1.415000e+00 1.154325e-01 1.223408e+00
8.500000e-02 1.420000e+00 3.900334e-01 1.540566e+00 8.000000e-02 1.425000e+00 3.842911e-01 1.541724e+00
9.000000e-02 1.415000e+00 3.958507e-01 1.539587e+00 8.500000e-02 1.420000e+00 3.900334e-01 1.540566e+00
4.150000e-01 1.420000e+00 1.120006e-01 1.222791e+00 4.100000e-01 1.425000e+00 1.088024e-01 1.221802e+00
4.200000e-01 1.415000e+00 1.154325e-01 1.223408e+00 4.150000e-01 1.420000e+00 1.120006e-01 1.222791e+00
7.500000e-02 1.430000e+00 3.783856e-01 1.542998e+00 7.000000e-02 1.435000e+00 3.725578e-01 1.544422e+00
8.000000e-02 1.425000e+00 3.842911e-01 1.541724e+00 7.500000e-02 1.430000e+00 3.783856e-01 1.542998e+00
4.050000e-01 1.430000e+00 1.059733e-01 1.221059e+00 4.000000e-01 1.435000e+00 1.034730e-01 1.219957e+00
4.100000e-01 1.425000e+00 1.088024e-01 1.221802e+00 4.050000e-01 1.430000e+00 1.059733e-01 1.221059e+00
6.500000e-02 1.440000e+00 3.665929e-01 1.545964e+00 6.000000e-02 1.445000e+00 3.607051e-01 1.547631e+00
7.000000e-02 1.435000e+00 3.725578e-01 1.544422e+00 6.500000e-02 1.440000e+00 3.665929e-01 1.545964e+00
3.950000e-01 1.440000e+00 1.013127e-01 1.219200e+00 3.900000e-01 1.445000e+00 9.957997e-02 1.218130e+00
4.000000e-01 1.435000e+00 1.034730e-01 1.219957e+00 3.950000e-01 1.440000e+00 1.013127e-01 1.219200e+00
5.500000e-02 1.450000e+00 3.547024e-01 1.549415e+00 5.000000e-02 1.455000e+00 3.487745e-01 1.551304e+00
6.000000e-02 1.445000e+00 3.607051e-01 1.547631e+00 5.500000e-02 1.450000e+00 3.547024e-01 1.549415e+00
3.850000e-01 1.450000e+00 9.812362e-02 1.217501e+00 3.800000e-01 1.455000e+00 9.718264e-02 1.216642e+00
3.900000e-01 1.445000e+00 9.957997e-02 1.218130e+00 3.850000e-01 1.450000e+00 9.812362e-02 1.217501e+00
4.500000e-02 1.460000e+00 3.427504e-01 1.553306e+00 4.000000e-02 1.465000e+00 3.367976e-01 1.555396e+00
5.000000e-02 1.455000e+00 3.487745e-01 1.551304e+00 4.500000e-02 1.460000e+00 3.427504e-01 1.553306e+00
3.750000e-01 1.460000e+00 9.641963e-02 1.216300e+00 3.700000e-01 1.465000e+00 9.623214e-02 1.215842e+00
3.800000e-01 1.455000e+00 9.718264e-02 1.216642e+00 3.750000e-01 1.460000e+00 9.641963e-02 1.216300e+00
3.500000e-02 1.470000e+00 3.307641e-01 1.557595e+00 3.000000e-02 1.475000e+00 3.247980e-01 1.559868e+00
4.000000e-02 1.465000e+00 3.367976e-01 1.555396e+00 3.500000e-02 1.470000e+00 3.307641e-01 1.557595e+00
3.650000e-01 1.470000e+00 9.609847e-02 1.215942e+00 3.600000e-01 1.475000e+00 9.655969e-02 1.216057e+00
3.700000e-01 1.465000e+00 9.623214e-02 1.215842e+00 3.650000e-01 1.470000e+00 9.609847e-02 1.215942e+00
3.000000e-02 1.475000e+00 3.247980e-01 1.559868e+00 3.000000e-02 1.485000e+00 3.213774e-01 1.561205e+00
3.550000e-01 1.480000e+00 9.694223e-02 1.216729e+00 3.500000e-01 1.485000e+00 9.789396e-02 1.217544e+00
3.600000e-01 1.475000e+00 9.655969e-02 1.216057e+00 3.550000e-01 1.480000e+00 9.694223e-02 1.216729e+00
2.500000e-02 1.490000e+00 3.152871e-01 1.563693e+00 2.000000e-02 1.495000e+00 3.092601e-01 1.566233e+00
3.000000e-02 1.485000e+00 3.213774e-01 1.561205e+00 2.500000e-02 1.490000e+00 3.152871e-01 1.563693e+00
3.450000e-01 1.490000e+00 9.864625e-02 1.218870e+00 3.400000e-01 1.495000e+00 9.990403e-02 1.220447e+00
3.500000e-01 1.485000e+00 9.789396e-02 1.217544e+00 3.450000e-01 1.490000e+00 9.864625e-02 1.218870e+00
1.500000e-02 1.500000e+00 3.031866e-01 1.568878e+00 1.000000e-02 1.505000e+00 2.971712e-01 1.571566e+00
2.000000e-02 1.495000e+00 3.092601e-01 1.566233e+00 1.500000e-02 1.500000e+00 3.031866e-01 1.568878e+00
3.350000e-01 1.500000e+00 1.008690e-01 1.222460e+00 3.300000e-01 1.505000e+00 1.022522e-01 1.224799e+00
3.400000e-01 1.495000e+00 9.990403e-02 1.220447e+00 3.350000e-01 1.500000e+00 1.008690e-01 1.222460e+00
5.000000e-03 1.510000e+00 2.911179e-01 1.574353e+00 2.081668e-17 1.515000e+00 2.851178e-01 1.577174e+00
1.000000e-02 1.505000e+00 2.971712e-01 1.571566e+00 5.000000e-03 1.510000e+00 2.911179e-01 1.574353e+00
3.300000e-01 1.505000e+00 1.022522e-01 1.224799e+00 3.300000e-01 1.515000e+00 1.055875e-01 1.233511e+00
-5.000000e-03 1.520000e+00 2.790870e-01 1.580090e+00 -1.000000e-02 1.525000e+00 2.731048e-01 1.583034e+00
2.081668e-17 1.515000e+00 2.851178e-01 1.577174e+00 -5.000000e-03 1.520000e+00 2.790870e-01 1.580090e+00
3.250000e-01 1.520000e+00 1.062954e-01 1.236475e+00 3.200000e-01 1.525000e+00 1.072720e-01 1.239773e+00
3.300000e-01 1.515000e+00 1.055875e-01 1.233511e+00 3.250000e-01 1.520000e+00 1.062954e-01 1.236475e+00
-1.500000e-02 1.530000e+00 2.670979e-01 1.586067e+00 -2.000000e-02 1.535000e+00 2.611354e-01 1.589123e+00
-1.000000e-02 1.525000e+00 2.731048e-01 1.583034e+00 -1.500000e-02 1.530000e+00 2.670979e-01 1.586067e+00
3.150000e-01 1.530000e+00 1.079088e-01 1.243275e+00 3.100000e-01 1.535000e+00 1.087402e-01 1.247118e+00
3.200000e-01 1.525000e+00 1.072720e-01 1.239773e+00 3.150000e-01 1.530000e+00 1.079088e-01 1.243275e+00
-2.500000e-02 1.540000e+00 2.551535e-01 1.592264e+00 -3.000000e-02 1.545000e+00 2.492119e-01 1.595423e+00
-2.000000e-02 1.535000e+00 2.611354e-01 1.589123e+00 -2.500000e-02 1.540000e+00 2.551535e-01 1.592264e+00
3.050000e-01 1.540000e+00 1.092348e-01 1.251096e+00 3.000000e-01 1.545000e+00 1.098604e-01 1.255404e+00
3.100000e-01 1.535000e+00 1.087402e-01 1.247118e+00 3.050000e-01 1.540000e+00 1.092348e-01 1.251096e+00
-3.000000e-02 1.545000e+00 2.492119e-01 1.595423e+00 -3.000000e-02 1.555000e+00 2.450143e-01 1.597707e+00
2.950000e-01 1.550000e+00 1.101650e-01 1.259790e+00 2.900000e-01 1.555000e+00 1.105490e-01 1.264486e+00
3.000000e-01 1.545000e+00 1.098604e-01 1.255404e+00 2.950000e-01 1.550000e+00 1.101650e-01 1.259790e+00
-3.500000e-02 1.560000e+00 2.390495e-01 1.601031e+00 -4.000000e-02 1.565000e+00 2.331184e-01 1.604362e+00
-3.000000e-02 1.555000e+00 2.450143e-01 1.597707e+00 -3.500000e-02 1.560000e+00 2.390495e-01 1.601031e+00
2.850000e-01 1.560000e+00 1.106352e-01 1.269215e+00 2.800000e-01 1.565000e+00 1.107610e-01 1.274228e+00
2.900000e-01 1.555000e+00 1.105490e-01 1.264486e+00 2.850000e-01 1.560000e+00 1.106352e-01 1.269215e+00
-4.500000e-02 1.570000e+00 2.271823e-01 1.607772e+00 -5.000000e-02 1.575000e+00 2.212766e-01 1.611187e+00
-4.000000e-02 1.565000e+00 2.331184e-01 1.604362e+00 -4.500000e-02 1.570000e+00 2.271823e-01 1.607772e+00
2.750000e-01 1.570000e+00 1.106153e-01 1.279240e+00 2.700000e-01 1.575000e+00 1.104794e-01 1.284510e+00
2.800000e-01 1.565000e+00 1.107610e-01 1.274228e+00 2.750000e-01 1.570000e+00 1.106153e-01 1.279240e+00
-5.500000e-02 1.580000e+00 2.153688e-01 1.614677e+00 -6.000000e-02 1.585000e+00 2.094881e-01 1.618168e+00
-5.000000e-02 1.575000e+00 2.212766e-01 1.611187e+00 -5.500000e-02 1.580000e+00 2.153688e-01 1.614677e+00
2.650000e-01 1.580000e+00 1.100989e-01 1.289754e+00 2.600000e-01 1.585000e+00 1.097065e-01 1.295228e+00
2.700000e-01 1.575000e+00 1.104794e-01 1.284510e+00 2.650000e-01 1.580000e+00 1.100989e-01 1.289754e+00
-6.500000e-02 1.590000e+00 2.036078e-01 1.621732e+00 -7.000000e-02 1.595000e+00 1.977517e-01 1.625295e+00
-6.000000e-02 1.585000e+00 2.094881e-01 1.618168e+00 -6.500000e-02 1.590000e+00 2.036078e-01 1.621732e+00
2.550000e-01 1.590000e+00 1.090955e-01 1.300659e+00 2.500000e-01 1.595000e+00 1.084573e-01 1.306296e+00
2.600000e-01 1.585000e+00 1.097065e-01 1.295228e+00 2.550000e-01 1.590000e+00 1.090955e-01 1.300659e+00
-7.500000e-02 1.600000e+00 1.918980e-01 1.628927e+00 -8.000000e-02 1.605000e+00 1.860660e-01 1.632556e+00
-7.000000e-02 1.595000e+00 1.977517e-01 1.625295e+00 -7.500000e-02 1.600000e+00 1.918980e-01 1.628927e+00
2.450000e-01 1.600000e+00 1.076244e-01 1.311876e+00 2.400000e-01 1.605000e+00 1.067540e-01 1.317640e+00
2.500000e-01 1.595000e+00 1.084573e-01 1.306296e+00 2.450000e-01 1.600000e+00 1.076244e-01 1.311876e+00
-8.000000e-02 1.605000e+00 1.860660e-01 1.632556e+00 -8.000000e-02 1.615000e+00 1.815294e-01 1.635412e+00
2.350000e-01 1.610000e+00 1.057103e-01 1.323340e+00 2.300000e-01 1.615000e+00 1.046225e-01 1.329204e+00
2.400000e-01 1.605000e+00 1.067540e-01 1.317640e+00 2.350000e-01 1.610000e+00 1.057103e-01 1.323340e+00
-8.500000e-02 1.620000e+00 1.757110e-01 1.639176e+00 -9.000000e-02 1.625000e+00 1.699082e-01 1.642931e+00
-8.000000e-02 1.615000e+00 1.815294e-01 1.635412e+00 -8.500000e-02 1.620000e+00 1.757110e-01 1.639176e+00
2.250000e-01 1.620000e+00 1.033807e-01 1.334998e+00 2.200000e-01 1.625000e+00 1.020906e-01 1.340938e+00
2.300000e-01 1.615000e+00 1.046225e-01 1.329204e+00 2.250000e-01 1.620000e+00 1.033807e-01 1.334998e+00
-9.500000e-02 1.630000e+00 1.641160e-01 1.646751e+00 -1.000000e-01 1.635000e+00 1.583373e-01 1.650560e+00
-9.000000e-02 1.625000e+00 1.699082e-01 1.642931e+00 -9.500000e-02 1.630000e+00 1.641160e-01 1.646751e+00
2.200000e-01 1.625000e+00 1.020906e-01 1.340938e+00 2.200000e-01 1.635000e+00 9.978688e-02 1.350372e+00
-1.050000e-01 1.640000e+00 1.525703e-01 1.654432e+00 -1.100000e-01 1.645000e+00 1.468148e-01 1.658292e+00
-1.000000e-01 1.635000e+00 1.583373e-01 1.650560e+00 -1.050000e-01 1.640000e+00 1.525703e-01 1.654432e+00
2.150000e-01 1.640000e+00 9.823192e-02 1.356178e+00 2.100000e-01 1.645000e+00 9.663208e-02 1.362104e+00
2.200000e-01 1.635000e+00 9.978688e-02 1.350372e+00 2.150000e-01 1.640000e+00 9.823192e-02 1.356178e+00
-1.150000e-01 1.650000e+00 1.410720e-01 1.662213e+00 -1.200000e-01 1.655000e+00 1.353390e-01 1.666120e+00
-1.100000e-01 1.645000e+00 1.468148e-01 1.658292e+00 -1.150000e-01 1.650000e+00 1.410720e-01 1.662213e+00
2.050000e-01 1.650000e+00 9.491770e-02 1.367966e+00 2.000000e-01 1.655000e+00 9.315734e-02 1.373936e+00
2.100000e-01 1.645000e+00 9.663208e-02 1.362104e+00 2.050000e-01 1.650000e+00 9.491770e-02 1.367966e+00
-1.250000e-01 1.660000e+00 1.296194e-01 1.670086e+00 -1.300000e-01 1.665000e+00 1.239079e-01 1.674039e+00
-1.200000e-01 1.655000e+00 1.353390e-01 1.666120e+00 -1.250000e-01 1.660000e+00 1.296194e-01 1.670086e+00
1.950000e-01 1.660000e+00 9.129412e-02 1.379842e+00 1.900000e-01 1.665000e+00 8.938471e-02 1.385845e+00
2.000000e-01 1.655000e+00 9.315734e-02 1.373936e+00 1.950000e-01 1.660000e+00 9.129412e-02 1.379842e+00
-1.300000e-01 1.665000e+00 1.239079e-01 1.674039e+00 -1.300000e-01 1.675000e+00 1.191992e-01 1.677349e+00
1.850000e-01 1.670000e+00 8.738273e-02 1.391785e+00 1.800000e-01 1.675000e+00 8.533496e-02 1.397812e+00
1.900000e-01 1.665000e+00 8.938471e-02 1.385845e+00 1.850000e-01 1.670000e+00 8.738273e-02 1.391785e+00
-1.350000e-01 1.680000e+00 1.135201e-01 1.681416e+00 -1.400000e-01 1.685000e+00 1.078440e-01 1.685464e+00
-1.300000e-01 1.675000e+00 1.191992e-01 1.677349e+00 -1.350000e-01 1.680000e+00 1.135201e-01 1.681416e+00
1.750000e-01 1.680000e+00 8.320366e-02 1.403777e+00 1.700000e-01 1.685000e+00 8.102739e-02 1.409821e+00
1.800000e-01 1.675000e+00 8.533496e-02 1.397812e+00 1.750000e-01 1.680000e+00 8.320366e-02 1.403777e+00
-1.450000e-01 1.690000e+00 1.021866e-01 1.689569e+00 -1.500000e-01 1.695000e+00 9.653095e-02 1.693655e+00
-1.400000e-01 1.685000e+00 1.078440e-01 1.685464e+00 -1.450000e-01 1.690000e+00 1.021866e-01 1.689569e+00
1.650000e-01 1.690000e+00 7.877559e-02 1.415805e+00 1.600000e-01 1.695000e+00 7.647990e-02 1.421860e+00
1.700000e-01 1.685000e+00 8.102739e-02 1.409821e+00 1.650000e-01 1.690000e+00 7.877559e-02 1.415805e+00
-1.550000e-01 1.700000e+00 9.089422e-02 1.697795e+00 -1.600000e-01 1.705000e+00 8.525817e-02 1.701916e+00
-1.500000e-01 1.695000e+00 9.653095e-02 1.693655e+00 -1.550000e-01 1.700000e+00 9.089422e-02 1.697795e+00
1.550000e-01 1.700000e+00 7.411574e-02 1.427856e+00 1.500000e-01 1.705000e+00 7.170894e-02 1.433918e+00
1.600000e-01 1.695000e+00 7.647990e-02 1.421860e+00 1.550000e-01 1.700000e+00 7.411574e-02 1.427856e+00
-1.650000e-01 1.710000e+00 7.964124e-02 1.706089e+00 -1.700000e-01 1.715000e+00 7.402399e-02 1.710243e+00
-1.600000e-01 1.705000e+00 8.525817e-02 1.701916e+00 -1.650000e-01 1.710000e+00 7.964124e-02 1.706089e+00
1.450000e-01 1.710000e+00 6.923993e-02 1.439923e+00 1.400000e-01 1.715000e+00 6.672960e-02 1.445987e+00
1.500000e-01 1.705000e+00 7.170894e-02 1.433918e+00 1.450000e-01 1.710000e+00 6.923993e-02 1.439923e+00
-1.700000e-01 1.715000e+00 7.402399e-02 1.710243e+00 -1.700000e-01 1.725000e+00 6.919733e-02 1.713828e+00
1.350000e-01 1.720000e+00 6.416265e-02 1.451996e+00 1.300000e-01 1.725000e+00 6.155575e-02 1.458059e+00
1.400000e-01 1.715000e+00 6.672960e-02 1.445987e+00 1.350000e-01 1.720000e+00 6.416265e-02 1.451996e+00
-1.750000e-01 1.730000e+00 6.362261e-02 1.718085e+00 -1.800000e-01 1.735000e+00 5.804277e-02 1.722320e+00
-1.700000e-01 1.725000e+00 6.919733e-02 1.713828e+00 -1.750000e-01 1.730000e+00 6.362261e-02 1.718085e+00
1.250000e-01 1.730000e+00 5.889717e-02 1.464069e+00 1.200000e-01 1.735000e+00 5.620001e-02 1.470129e+00
1.300000e-01 1.725000e+00 6.155575e-02 1.458059e+00 1.250000e-01 1.730000e+00 5.889717e-02 1.464069e+00
-1.850000e-01 1.740000e+00 5.248609e-02 1.726605e+00 -1.900000e-01 1.745000e+00 4.692361e-02 1.730867e+00
-1.800000e-01 1.735000e+00 5.804277e-02 1.722320e+00 -1.850000e-01 1.740000e+00 5.248609e-02 1.726605e+00
1.150000e-01 1.740000e+00 5.345562e-02 1.476138e+00 1.100000e-01 1.745000e+00 5.067397e-02 1.482192e+00
1.200000e-01 1.735000e+00 5.620001e-02 1.470129e+00 1.150000e-01 1.740000e+00 5.345562e-02 1.476138e+00
-1.950000e-01 1.750000e+00 4.138420e-02 1.735179e+00 -2.000000e-01 1.755000e+00 3.583835e-02 1.739468e+00
-1.900000e-01 1.745000e+00 4.692361e-02 1.730867e+00 -1.950000e-01 1.750000e+00 4.138420e-02 1.735179e+00
1.050000e-01 1.750000e+00 4.784910e-02 1.488198e+00 1.000000e-01 1.755000e+00 4.498824e-02 1.494245e+00
1.100000e-01 1.745000e+00 5.067397e-02 1.482192e+00 1.050000e-01 1.750000e+00 4.784910e-02 1.488198e+00
-2.050000e-01 1.760000e+00 3.031544e-02 1.743805e+00 -2.100000e-01 1.765000e+00 2.478553e-02 1.748118e+00
-2.000000e-01 1.755000e+00 3.583835e-02 1.739468e+00 -2.050000e-01 1.760000e+00 3.031544e-02 1.743805e+00
9.500000e-02 1.760000e+00 4.208776e-02 1.500246e+00 9.000000e-02 1.765000e+00 3.915251e-02 1.506284e+00
1.000000e-01 1.755000e+00 4.498824e-02 1.494245e+00 9.500000e-02 1.760000e+00 4.208776e-02 1.500246e+00
-2.100000e-01 1.765000e+00 2.478553e-02 1.748118e+00 -2.100000e-01 1.775000e+00 1.989100e-02 1.751945e+00
8.500000e-02 1.770000e+00 3.618090e-02 1.512278e+00 8.000000e-02 1.775000e+00 3.317565e-02 1.518307e+00
9.000000e-02 1.765000e+00 3.915251e-02 1.506284e+00 8.500000e-02 1.770000e+00 3.618090e-02 1.512278e+00
-2.150000e-01 1.780000e+00 1.441032e-02 1.756354e+00 -2.200000e-01 1.785000e+00 8.918284e-03 1.760737e+00
-2.100000e-01 1.775000e+00 1.989100e-02 1.751945e+00 -2.150000e-01 1.780000e+00 1.441032e-02 1.756354e+00
7.500000e-02 1.780000e+00 3.013702e-02 1.524293e+00 7.000000e-02 1.785000e+00 2.706582e-02 1.530311e+00
8.000000e-02 1.775000e+00 3.317565e-02 1.518307e+00 7.500000e-02 1.780000e+00 3.013702e-02 1.524293e+00
-2.250000e-01 1.790000e+00 3.452355e-03 1.765166e+00 -2.300000e-01 1.795000e+00 -2.025228e-03 1.769570e+00
-2.200000e-01 1.785000e+00 8.918284e-03 1.760737e+00 -2.250000e-01 1.790000e+00 3.452355e-03 1.765166e+00
6.500000e-02 1.790000e+00 2.396395e-02 1.536289e+00 6.000000e-02 1.795000e+00 2.083049e-02 1.542296e+00
7.000000e-02 1.785000e+00 2.706582e-02 1.530311e+00 6.500000e-02 1.790000e+00 2.396395e-02 1.536289e+00
-2.350000e-01 1.800000e+00 -7.477031e-03 1.774019e+00 -2.400000e-01 1.805000e+00 -1.294075e-02 1.778442e+00
-2.300000e-01 1.795000e+00 -2.025228e-03 1.769570e+00 -2.350000e-01 1.800000e+00 -7.477031e-03 1.774019e+00
5.500000e-02 1.800000e+00 1.766885e-02 1.548264e+00 5.000000e-02 1.805000e+00 1.447653e-02 1.554259e+00
6.000000e-02 1.795000e+00 2.083049e-02 1.542296e+00 5.500000e-02 1.800000e+00 1.766885e-02 1.548264e+00
-2.450000e-01 1.810000e+00 -1.837906e-02 1.782910e+00 -2.500000e-01 1.815000e+00 -2.382952e-02 1.787353e+00
-2.400000e-01 1.805000e+00 -1.294075e-02 1.778442e+00 -2.450000e-01 1.810000e+00 -1.837906e-02 1.782910e+00
4.500000e-02 1.810000e+00 1.125831e-02 1.560217e+00 4.000000e-02 1.815000e+00 8.010262e-03 1.566199e+00
5.000000e-02 1.805000e+00 1.447653e-02 1.554259e+00 4.500000e-02 1.810000e+00 1.125831e-02 1.560217e+00
-2.500000e-01 1.815000e+00 -2.382952e-02 1.787353e+00 -2.500000e-01 1.825000e+00 -2.875318e-02 1.791402e+00
3.500000e-02 1.820000e+00 4.738424e-03 1.572147e+00 3.000000e-02 1.825000e+00 1.437518e-03 1.578117e+00
4.000000e-02 1.815000e+00 8.010262e-03 1.566199e+00 3.500000e-02 1.820000e+00 4.738424e-03 1.572147e+00
-2.550000e-01 1.830000e+00 -3.415004e-02 1.795933e+00 -2.600000e-01 1.835000e+00 -3.956304e-02 1.800435e+00
-2.500000e-01 1.825000e+00 -2.875318e-02 1.791402e+00 -2.550000e-01 1.830000e+00 -3.415004e-02 1.795933e+00
2.500000e-02 1.830000e+00 -1.885226e-03 1.584053e+00 2.000000e-02 1.835000e+00 -5.236335e-03 1.590010e+00
3.000000e-02 1.825000e+00 1.437518e-03 1.578117e+00 2.500000e-02 1.830000e+00 -1.885226e-03 1.584053e+00
-2.650000e-01 1.840000e+00 -4.494804e-02 1.804982e+00 -2.700000e-01 1.845000e+00 -5.034920e-02 1.809501e+00
-2.600000e-01 1.835000e+00 -3.956304e-02 1.800435e+00 -2.650000e-01 1.840000e+00 -4.494804e-02 1.804982e+00
1.500000e-02 1.840000e+00 -8.607461e-03 1.595935e+00 1.000000e-02 1.845000e+00 -1.200631e-02 1.601879e+00
2.000000e-02 1.835000e+00 -5.236335e-03 1.590010e+00 1.500000e-02 1.840000e+00 -8.607461e-03 1.595935e+00
-2.750000e-01 1.850000e+00 -5.572281e-02 1.814062e+00 -2.800000e-01 1.855000e+00 -6.111260e-02 1.818596e+00
-2.700000e-01 1.845000e+00 -5.034920e-02 1.809501e+00 -2.750000e-01 1.850000e+00 -5.572281e-02 1.814062e+00
5.000000e-03 1.850000e+00 -1.542350e-02 1.607793e+00 2.081668e-17 1.855000e+00 -1.886783e-02 1.613723e+00
1.000000e-02 1.845000e+00 -1.200631e-02 1.601879e+00 5.000000e-03 1.850000e+00 -1.542350e-02 1.607793e+00
-2.850000e-01 1.860000e+00 -6.647534e-02 1.823171e+00 -2.900000e-01 1.865000e+00 -7.185423e-02 1.827720e+00
-2.800000e-01 1.855000e+00 -6.111260e-02 1.818596e+00 -2.850000e-01 1.860000e+00 -6.647534e-02 1.823171e+00
-5.000000e-03 1.860000e+00 -2.232890e-02 1.619625e+00 -1.000000e-02 1.865000e+00 -2.581661e-02 1.625543e+00
2.081668e-17 1.855000e+00 -1.886783e-02 1.613723e+00 -5.000000e-03 1.860000e+00 -2.232890e-02 1.619625e+00
-2.900000e-01 1.865000e+00 -7.185423e-02 1.827720e+00 -2.900000e-01 1.875000e+00 -7.677575e-02 1.831977e+00
-1.500000e-02 1.870000e+00 -2.931957e-02 1.631433e+00 -2.000000e-02 1.875000e+00 -3.284870e-02 1.637337e+00
-1.000000e-02 1.865000e+00 -2.581661e-02 1.625543e+00 -1.500000e-02 1.870000e+00 -2.931957e-02 1.631433e+00
-2.950000e-01 1.880000e+00 -8.209836e-02 1.836608e+00 -3.000000e-01 1.885000e+00 -8.744069e-02 1.841209e+00
-2.900000e-01 1.875000e+00 -7.677575e-02 1.831977e+00 -2.950000e-01 1.880000e+00 -8.209836e-02 1.836608e+00
-2.500000e-02 1.880000e+00 -3.639169e-02 1.643215e+00 -3.000000e-02 1.885000e+00 -3.996042e-02 1.649106e+00
-2.000000e-02 1.875000e+00 -3.284870e-02 1.637337e+00 -2.500000e-02 1.880000e+00 -3.639169e-02 1.643215e+00
-3.050000e-01 1.890000e+00 -9.275391e-02 1.845852e+00 -3.100000e-01 1.895000e+00 -9.808668e-02 1.850466e+00
-3.000000e-01 1.885000e+00 -8.744069e-02 1.841209e+00 -3.050000e-01 1.890000e+00 -9.275391e-02 1.845852e+00
-3.500000e-02 1.890000e+00 -4.354169e-02 1.654972e+00 -4.000000e-02 1.895000e+00 -4.714834e-02 1.660849e+00
-3.000000e-02 1.885000e+00 -3.996042e-02 1.649106e+00 -3.500000e-02 1.890000e+00 -4.354169e-02 1.654972e+00
-3.150000e-01 1.900000e+00 -1.033909e-01 1.855119e+00 -3.200000e-01 1.905000e+00 -1.087145e-01 1.859745e+00
-3.100000e-01 1.895000e+00 -9.808668e-02 1.850466e+00 -3.150000e-01 1.900000e+00 -1.033909e-01 1.855119e+00
-4.500000e-02 1.900000e+00 -5.076627e-02 1.666703e+00 -5.000000e-02 1.905000e+00 -5.440926e-02 1.672568e+00
-4.000000e-02 1.895000e+00 -4.714834e-02 1.660849e+00 -4.500000e-02 1.900000e+00 -5.076627e-02 1.666703e+00
-3.200000e-01 1.905000e+00 -1.087145e-01 1.859745e+00 -3.200000e-01 1.915000e+00 -1.136664e-01 1.864123e+00
-5.500000e-02 1.910000e+00 -5.806234e-02 1.678410e+00 -6.000000e-02 1.915000e+00 -6.174020e-02 1.684261e+00
-5.000000e-02 1.905000e+00 -5.440926e-02 1.672568e+00 -5.500000e-02 1.910000e+00 -5.806234e-02 1.678410e+00
-3.250000e-01 1.920000e+00 -1.189310e-01 1.868828e+00 -3.300000e-01 1.925000e+00 -1.242184e-01 1.873502e+00
-3.200000e-01 1.915000e+00 -1.136664e-01 1.864123e+00 -3.250000e-01 1.920000e+00 -1.189310e-01 1.868828e+00
-6.500000e-02 1.920000e+00 -6.542702e-02 1.690091e+00 -7.000000e-02 1.925000e+00 -6.913835e-02 1.695930e+00
-6.000000e-02 1.915000e+00 -6.174020e-02 1.684261e+00 -6.500000e-02 1.920000e+00 -6.542702e-02 1.690091e+00
-3.350000e-01 1.930000e+00 -1.294755e-01 1.878216e+00 -3.400000e-01 1.935000e+00 -1.347549e-01 1.882900e+00
-3.300000e-01 1.925000e+00 -1.242184e-01 1.873502e+00 -3.350000e-01 1.930000e+00 -1.294755e-01 1.878216e+00
-7.500000e-02 1.930000e+00 -7.285759e-02 1.701748e+00 -8.000000e-02 1.935000e+00 -7.660111e-02 1.707573e+00
-7.000000e-02 1.925000e+00 -6.913835e-02 1.695930e+00 -7.500000e-02 1.930000e+00 -7.285759e-02 1.701748e+00
-3.450000e-01 1.940000e+00 -1.400047e-01 1.887623e+00 -3.500000e-01 1.945000e+00 -1.452765e-01 1.892316e+00
-3.400000e-01 1.935000e+00 -1.347549e-01 1.882900e+00 -3.450000e-01 1.940000e+00 -1.400047e-01 1.887623e+00
-8.500000e-02 1.940000e+00 -8.035151e-02 1.713379e+00 -9.000000e-02 1.945000e+00 -8.412602e-02 1.719192e+00
-8.000000e-02 1.935000e+00 -7.660111e-02 1.707573e+00 -8.500000e-02 1.940000e+00 -8.035151e-02 1.713379e+00
-3.500000e-01 1.945000e+00 -1.452765e-01 1.892316e+00 -3.500000e-01 1.955000e+00 -1.502394e-01 1.896816e+00
-9.500000e-02 1.950000e+00 -8.790642e-02 1.724986e+00 -1.000000e-01 1.955000e+00 -9.171076e-02 1.730786e+00
-9.000000e-02 1.945000e+00 -8.412602e-02 1.719192e+00 -9.500000e-02 1.950000e+00 -8.790642e-02 1.724986e+00
-3.550000e-01 1.960000e+00 -1.554505e-01 1.901586e+00 -3.600000e-01 1.965000e+00 -1.606867e-01 1.906324e+00
-3.500000e-01 1.955000e+00 -1.502394e-01 1.896816e+00 -3.550000e-01 1.960000e+00 -1.554505e-01 1.901586e+00
-1.050000e-01 1.960000e+00 -9.552008e-02 1.736569e+00 -1.100000e-01 1.965000e+00 -9.935318e-02 1.742356e+00
-1.000000e-01 1.955000e+00 -9.171076e-02 1.730786e+00 -1.050000e-01 1.960000e+00 -9.552008e-02 1.736569e+00
-3.650000e-01 1.970000e+00 -1.658918e-01 1.911101e+00 -3.700000e-01 1.975000e+00 -1.711216e-01 1.915847e+00
-3.600000e-01 1.965000e+00 -1.606867e-01 1.906324e+00 -3.650000e-01 1.970000e+00 -1.658918e-01 1.911101e+00
-1.150000e-01 1.970000e+00 -1.031904e-01 1.748128e+00 -1.200000e-01 1.975000e+00 -1.070512e-01 1.753903e+00
-1.100000e-01 1.965000e+00 -9.935318e-02 1.742356e+00 -1.150000e-01 1.970000e+00 -1.031904e-01 1.748128e+00
-3.750000e-01 1.980000e+00 -1.763211e-01 1.920631e+00 -3.800000e-01 1.985000e+00 -1.815447e-01 1.925384e+00
-3.700000e-01 1.975000e+00 -1.711216e-01 1.915847e+00 -3.750000e-01 1.980000e+00 -1.763211e-01 1.920631e+00
-1.250000e-01 1.980000e+00 -1.109153e-01 1.759662e+00 -1.300000e-01 1.985000e+00 -1.148029e-01 1.765425e+00
-1.200000e-01 1.975000e+00 -1.070512e-01 1.753903e+00 -1.250000e-01 1.980000e+00 -1.109153e-01 1.759662e+00
-3.800000e-01 1.985000e+00 -1.815447e-01 1.925384e+00 -3.800000e-01 1.995000e+00 -1.865004e-01 1.930008e+00
-1.350000e-01 1.990000e+00 -1.186930e-01 1.771173e+00 -1.400000e-01 1.995000e+00 -1.226065e-01 1.776924e+00
-1.300000e-01 1.985000e+00 -1.148029e-01 1.765425e+00 -1.350000e-01 1.990000e+00 -1.186930e-01 1.771173e+00
-3.850000e-01 2.000000e+00 -1.916623e-01 1.934835e+00 -3.900000e-01 2.005000e+00 -1.968510e-01 1.939631e+00
-3.800000e-01 1.995000e+00 -1.865004e-01 1.930008e+00 -3.850000e-01 2.000000e+00 -1.916623e-01 1.934835e+00
-1.450000e-01 2.000000e+00 -1.265217e-01 1.782661e+00 -1.500000e-01 2.005000e+00 -1.304603e-01 1.788400e+00
-1.400000e-01 1.995000e+00 -1.226065e-01 1.776924e+00 -1.450000e-01 2.000000e+00 -1.265217e-01 1.782661e+00
-3.950000e-01 2.010000e+00 -2.020084e-01 1.944463e+00 -4.000000e-01 2.015000e+00 -2.071921e-01 1.949264e+00
-3.900000e-01 2.005000e+00 -1.968510e-01 1.939631e+00 -3.950000e-01 2.010000e+00 -2.020084e-01 1.944463e+00
-1.550000e-01 2.010000e+00 -1.343997e-01 1.794126e+00 -1.600000e-01 2.015000e+00 -1.383625e-01 1.799852e+00
-1.500000e-01 2.005000e+00 -1.304603e-01 1.788400e+00 -1.550000e-01 2.010000e+00 -1.343997e-01 1.794126e+00
-4.000000e-01 2.015000e+00 -2.071921e-01 1.949264e+00 -4.000000e-01 2.025000e+00 -2.121867e-01 1.953944e+00
-1.650000e-01 2.020000e+00 -1.423254e-01 1.805568e+00 -1.700000e-01 2.025000e+00 -1.463117e-01 1.811283e+00
-1.600000e-01 2.015000e+00 -1.383625e-01 1.799852e+00 -1.650000e-01 2.020000e+00 -1.423254e-01 1.805568e+00
-4.050000e-01 2.030000e+00 -2.173069e-01 1.958818e+00 -4.100000e-01 2.035000e+00 -2.224559e-01 1.963660e+00
-4.000000e-01 2.025000e+00 -2.121867e-01 1.953944e+00 -4.050000e-01 2.030000e+00 -2.173069e-01 1.958818e+00
-1.750000e-01 2.030000e+00 -1.502974e-01 1.816987e+00 -1.800000e-01 2.035000e+00 -1.543063e-01 1.822690e+00
-1.700000e-01 2.025000e+00 -1.463117e-01 1.811283e+00 -1.750000e-01 2.030000e+00 -1.502974e-01 1.816987e+00
-4.150000e-01 2.040000e+00 -2.275727e-01 1.968537e+00 -4.200000e-01 2.045000e+00 -2.327177e-01 1.973383e+00
-4.100000e-01 2.035000e+00 -2.224559e-01 1.963660e+00 -4.150000e-01 2.040000e+00 -2.275727e-01 1.968537e+00
-1.850000e-01 2.040000e+00 -1.583141e-01 1.828384e+00 -1.900000e-01 2.045000e+00 -1.623450e-01 1.834076e+00
-1.800000e-01 2.035000e+00 -1.543063e-01 1.822690e+00 -1.850000e-01 2.040000e+00 -1.583141e-01 1.828384e+00
-4.200000e-01 2.045000e+00 -2.327177e-01 1.973383e+00 -4.200000e-01 2.055000e+00 -2.377369e-01 1.978127e+00
-1.950000e-01 2.050000e+00 -1.663742e-01 1.839759e+00 -2.000000e-01 2.055000e+00 -1.704265e-01 1.845440e+00
-1.900000e-01 2.045000e+00 -1.623450e-01 1.834076e+00 -1.950000e-01 2.050000e+00 -1.663742e-01 1.839759e+00
-4.250000e-01 2.060000e+00 -2.428170e-01 1.983044e+00 -4.300000e-01 2.065000e+00 -2.479276e-01 1.987928e+00
-4.200000e-01 2.055000e+00 -2.377369e-01 1.978127e+00 -4.250000e-01 2.060000e+00 -2.428170e-01 1.983044e+00
-2.050000e-01 2.060000e+00 -1.744763e-01 1.851113e+00 -2.100000e-01 2.065000e+00 -1.785494e-01 1.856783e+00
-2.000000e-01 2.055000e+00 -1.704265e-01 1.845440e+00 -2.050000e-01 2.060000e+00 -1.744763e-01 1.851113e+00
-4.350000e-01 2.070000e+00 -2.530056e-01 1.992848e+00 -4.400000e-01 2.075000e+00 -2.581133e-01 1.997735e+00
-4.300000e-01 2.065000e+00 -2.479276e-01 1.987928e+00 -4.350000e-01 2.070000e+00 -2.530056e-01 1.992848e+00
-2.150000e-01 2.070000e+00 -1.826194e-01 1.862445e+00 -2.200000e-01 2.075000e+00 -1.867125e-01 1.868104e+00
-2.100000e-01 2.065000e+00 -1.785494e-01 1.856783e+00 -2.150000e-01 2.070000e+00 -1.826194e-01 1.862445e+00
-4.400000e-01 2.075000e+00 -2.581133e-01 1.997735e+00 -4.400000e-01 2.085000e+00 -2.631425e-01 2.002550e+00
-2.250000e-01 2.080000e+00 -1.908021e-01 1.873756e+00 -2.300000e-01 2.085000e+00 -1.949147e-01 1.879404e+00
-2.200000e-01 2.075000e+00 -1.867125e-01 1.868104e+00 -2.250000e-01 2.080000e+00 -1.908021e-01 1.873756e+00
-4.450000e-01 2.090000e+00 -2.681845e-01 2.007507e+00 -4.500000e-01 2.095000e+00 -2.732584e-01 2.012431e+00
-4.400000e-01 2.085000e+00 -2.631425e-01 2.002550e+00 -4.450000e-01 2.090000e+00 -2.681845e-01 2.007507e+00
-2.350000e-01 2.090000e+00 -1.990233e-01 1.885046e+00 -2.400000e-01 2.095000e+00 -2.031549e-01 1.890684e+00
-2.300000e-01 2.085000e+00 -1.949147e-01 1.879404e+00 -2.350000e-01 2.090000e+00 -1.990233e-01 1.885046e+00
-4.550000e-01 2.100000e+00 -2.782993e-01 2.017390e+00 -4.600000e-01 2.105000e+00 -2.833712e-01 2.022316e+00
-4.500000e-01 2.095000e+00 -2.732584e-01 2.012431e+00 -4.550000e-01 2.100000e+00 -2.782993e-01 2.017390e+00
-2.450000e-01 2.100000e+00 -2.072819e-01 1.896316e+00 -2.500000e-01 2.105000e+00 -2.114320e-01 1.901944e+00
-2.400000e-01 2.095000e+00 -2.031549e-01 1.890684e+00 -2.450000e-01 2.100000e+00 -2.072819e-01 1.896316e+00
-4.600000e-01 2.105000e+00 -2.833712e-01 2.022316e+00 -4.600000e-01 2.115000e+00 -2.883961e-01 2.027211e+00
-2.650000e-01 2.110000e+00 -2.191344e-01 1.912345e+00 -2.700000e-01 2.115000e+00 -2.233279e-01 1.917955e+00
-2.650000e-01 2.110000e+00 -2.191344e-01 1.912345e+00 -2.550000e-01 2.110000e+00 -2.155769e-01 1.907566e+00
-2.500000e-01 2.105000e+00 -2.114320e-01 1.901944e+00 -2.550000e-01 2.110000e+00 -2.155769e-01 1.907566e+00
-4.650000e-01 2.120000e+00 -2.934021e-01 2.032205e+00 -4.700000e-01 2.125000e+00 -2.984408e-01 2.037165e+00
-4.600000e-01 2.115000e+00 -2.883961e-01 2.027211e+00 -4.650000e-01 2.120000e+00 -2.934021e-01 2.032205e+00
-2.750000e-01 2.120000e+00 -2.275134e-01 1.923562e+00 -2.800000e-01 2.125000e+00 -2.317243e-01 1.929160e+00
-2.700000e-01 2.115000e+00 -2.233279e-01 1.917955e+00 -2.750000e-01 2.120000e+00 -2.275134e-01 1.923562e+00
-4.750000e-01 2.130000e+00 -3.034467e-01 2.042159e+00 -4.800000e-01 2.135000e+00 -3.084845e-01 2.047121e+00
-4.700000e-01 2.125000e+00 -2.984408e-01 2.037165e+00 -4.750000e-01 2.130000e+00 -3.034467e-01 2.042159e+00
-2.850000e-01 2.130000e+00 -2.359266e-01 1.934757e+00 -2.900000e-01 2.135000e+00 -2.401544e-01 1.940346e+00
-2.800000e-01 2.125000e+00 -2.317243e-01 1.929160e+00 -2.850000e-01 2.130000e+00 -2.359266e-01 1.934757e+00
-4.800000e-01 2.135000e+00 -3.084845e-01 2.047121e+00 -4.800000e-01 2.145000e+00 -3.134910e-01 2.052104e+00
-2.950000e-01 2.140000e+00 -2.443733e-01 1.945933e+00 -3.000000e-01 2.145000e+00 -2.486176e-01 1.951511e+00
-2.900000e-01 2.135000e+00 -2.401544e-01 1.940346e+00 -2.950000e-01 2.140000e+00 -2.443733e-01 1.945933e+00
-4.850000e-01 2.150000e+00 -3.184632e-01 2.057131e+00 -4.900000e-01 2.155000e+00 -3.234688e-01 2.062125e+00
-4.800000e-01 2.145000e+00 -3.134910e-01 2.052104e+00 -4.850000e-01 2.150000e+00 -3.184632e-01 2.057131e+00
-3.050000e-01 2.150000e+00 -2.528525e-01 1.957089e+00 -3.100000e-01 2.155000e+00 -2.571128e-01 1.962657e+00
-3.000000e-01 2.145000e+00 -2.486176e-01 1.951511e+00 -3.050000e-01 2.150000e+00 -2.528525e-01 1.957089e+00
-4.950000e-01 2.160000e+00 -3.284417e-01 2.067152e+00 -5.000000e-01 2.165000e+00 -3.334471e-01 2.072147e+00
-4.900000e-01 2.155000e+00 -3.234688e-01 2.062125e+00 -4.950000e-01 2.160000e+00 -3.284417e-01 2.067152e+00
-3.150000e-01 2.160000e+00 -2.613634e-01 1.968225e+00 -3.200000e-01 2.165000e+00 -2.656392e-01 1.973784e+00
-3.100000e-01 2.155000e+00 -2.571128e-01 1.962657e+00 -3.150000e-01 2.160000e+00 -2.613634e-01 1.968225e+00
-5.000000e-01 2.165000e+00 -3.334471e-01 2.072147e+00 -5.000000e-01 2.175000e+00 -3.384219e-01 2.077225e+00
-3.250000e-01 2.170000e+00 -2.699051e-01 1.979343e+00 -3.300000e-01 2.175000e+00 -2.741961e-01 1.984891e+00
-3.200000e-01 2.165000e+00 -2.656392e-01 1.973784e+00 -3.250000e-01 2.170000e+00 -2.699051e-01 1.979343e+00
-5.050000e-01 2.180000e+00 -3.433626e-01 2.082283e+00 -5.100000e-01 2.185000e+00 -3.483369e-01 2.087308e+00
-5.000000e-01 2.175000e+00 -3.384219e-01 2.077225e+00 -5.050000e-01 2.180000e+00 -3.433626e-01 2.082283e+00
-3.450000e-01 2.180000e+00 -2.822554e-01 1.995275e+00 -3.500000e-01 2.185000e+00 -2.865887e-01 2.000801e+00
-3.450000e-01 2.180000e+00 -2.822554e-01 1.995275e+00 -3.350000e-01 2.180000e+00 -2.784767e-01 1.990441e+00
-3.300000e-01 2.175000e+00 -2.741961e-01 1.984891e+00 -3.350000e-01 2.180000e+00 -2.784767e-01 1.990441e+00
-5.100000e-01 2.185000e+00 -3.483369e-01 2.087308e+00 -5.100000e-01 2.195000e+00 -3.533315e-01 2.092427e+00
-3.550000e-01 2.190000e+00 -2.909089e-01 2.006331e+00 -3.600000e-01 2.195000e+00 -2.952565e-01 2.011848e+00
-3.500000e-01 2.185000e+00 -2.865887e-01 2.000801e+00 -3.550000e-01 2.190000e+00 -2.909089e-01 2.006331e+00
-5.150000e-01 2.200000e+00 -3.582409e-01 2.097514e+00 -5.200000e-01 2.205000e+00 -3.631846e-01 2.102569e+00
-5.100000e-01 2.195000e+00 -3.533315e-01 2.092427e+00 -5.150000e-01 2.200000e+00 -3.582409e-01 2.097514e+00
-3.650000e-01 2.200000e+00 -2.995906e-01 2.017369e+00 -3.700000e-01 2.205000e+00 -3.039521e-01 2.022876e+00
-3.600000e-01 2.195000e+00 -2.952565e-01 2.011848e+00 -3.650000e-01 2.200000e+00 -2.995906e-01 2.017369e+00
-5.200000e-01 2.205000e+00 -3.631846e-01 2.102569e+00 -5.200000e-01 2.215000e+00 -3.681855e-01 2.107739e+00
-3.750000e-01 2.210000e+00 -3.082999e-01 2.028388e+00 -3.800000e-01 2.215000e+00 -3.126748e-01 2.033886e+00
-3.700000e-01 2.205000e+00 -3.039521e-01 2.022876e+00 -3.750000e-01 2.210000e+00 -3.082999e-01 2.028388e+00
-5.250000e-01 2.220000e+00 -3.730646e-01 2.112855e+00 -5.300000e-01 2.225000e+00 -3.779785e-01 2.117938e+00
-5.200000e-01 2.215000e+00 -3.681855e-01 2.107739e+00 -5.250000e-01 2.220000e+00 -3.730646e-01 2.112855e+00
-3.950000e-01 2.220000e+00 -3.209361e-01 2.044266e+00 -4.000000e-01 2.225000e+00 -3.253536e-01 2.049739e+00
-3.950000e-01 2.220000e+00 -3.209361e-01 2.044266e+00 -3.850000e-01 2.220000e+00 -3.170359e-01 2.039389e+00
-3.800000e-01 2.215000e+00 -3.126748e-01 2.033886e+00 -3.850000e-01 2.220000e+00 -3.170359e-01 2.039389e+00
-5.300000e-01 2.225000e+00 -3.779785e-01 2.117938e+00 -5.300000e-01 2.235000e+00 -3.829721e-01 2.123170e+00
-4.050000e-01 2.230000e+00 -3.297545e-01 2.055219e+00 -4.100000e-01 2.235000e+00 -3.341845e-01 2.060683e+00
-4.000000e-01 2.225000e+00 -3.253536e-01 2.049739e+00 -4.050000e-01 2.230000e+00 -3.297545e-01 2.055219e+00
-5.350000e-01 2.240000e+00 -3.878221e-01 2.128311e+00 -5.400000e-01 2.245000e+00 -3.927071e-01 2.133421e+00
-5.300000e-01 2.235000e+00 -3.829721e-01 2.123170e+00 -5.350000e-01 2.240000e+00 -3.878221e-01 2.128311e+00
-4.150000e-01 2.240000e+00 -3.385978e-01 2.066154e+00 -4.200000e-01 2.245000e+00 -3.430400e-01 2.071609e+00
-4.100000e-01 2.235000e+00 -3.341845e-01 2.060683e+00 -4.150000e-01 2.240000e+00 -3.385978e-01 2.066154e+00
-5.400000e-01 2.245000e+00 -3.927071e-01 2.133421e+00 -5.400000e-01 2.255000e+00 -3.976801e-01 2.138725e+00
-4.350000e-01 2.250000e+00 -3.514733e-01 2.081974e+00 -4.400000e-01 2.255000e+00 -3.559582e-01 2.087401e+00
-4.350000e-01 2.250000e+00 -3.514733e-01 2.081974e+00 -4.250000e-01 2.250000e+00 -3.474654e-01 2.077073e+00
-4.200000e-01 2.245000e+00 -3.430400e-01 2.071609e+00 -4.250000e-01 2.250000e+00 -3.474654e-01 2.077073e+00
-5.400000e-01 2.255000e+00 -3.976801e-01 2.138725e+00 -5.400000e-01 2.265000e+00 -4.026812e-01 2.144055e+00
-4.450000e-01 2.260000e+00 -3.604238e-01 2.092839e+00 -4.500000e-01 2.265000e+00 -3.649199e-01 2.098258e+00
-4.400000e-01 2.255000e+00 -3.559582e-01 2.087401e+00 -4.450000e-01 2.260000e+00 -3.604238e-01 2.092839e+00
-5.450000e-01 2.270000e+00 -4.074725e-01 2.149248e+00 -5.500000e-01 2.275000e+00 -4.122991e-01 2.154410e+00
-5.400000e-01 2.265000e+00 -4.026812e-01 2.144055e+00 -5.450000e-01 2.270000e+00 -4.074725e-01 2.149248e+00
-4.650000e-01 2.270000e+00 -3.734879e-01 2.108612e+00 -4.700000e-01 2.275000e+00 -3.780269e-01 2.114001e+00
-4.650000e-01 2.270000e+00 -3.734879e-01 2.108612e+00 -4.550000e-01 2.270000e+00 -3.693967e-01 2.103688e+00
-4.500000e-01 2.265000e+00 -3.649199e-01 2.098258e+00 -4.550000e-01 2.270000e+00 -3.693967e-01 2.103688e+00
-5.500000e-01 2.275000e+00 -4.122991e-01 2.154410e+00 -5.500000e-01 2.285000e+00 -4.172523e-01 2.159833e+00
-4.750000e-01 2.280000e+00 -3.825444e-01 2.119404e+00 -4.800000e-01 2.285000e+00 -3.870936e-01 2.124785e+00
-4.700000e-01 2.275000e+00 -3.780269e-01 2.114001e+00 -4.750000e-01 2.280000e+00 -3.825444e-01 2.119404e+00
-5.500000e-01 2.285000e+00 -4.172523e-01 2.159833e+00 -5.450000e-01 2.290000e+00 -4.174378e-01 2.160094e+00
-5.450000e-01 2.290000e+00 -4.174378e-01 2.160094e+00 -5.400000e-01 2.295000e+00 -4.176997e-01 2.160343e+00
-4.950000e-01 2.290000e+00 -3.958266e-01 2.135094e+00 -5.000000e-01 2.295000e+00 -4.004182e-01 2.140445e+00
-4.950000e-01 2.290000e+00 -3.958266e-01 2.135094e+00 -4.850000e-01 2.290000e+00 -3.916214e-01 2.130180e+00
-4.800000e-01 2.285000e+00 -3.870936e-01 2.124785e+00 -4.850000e-01 2.290000e+00 -3.916214e-01 2.130180e+00
-5.400000e-01 2.295000e+00 -4.176997e-01 2.160343e+00 -5.350000e-01 2.300000e+00 -4.179568e-01 2.160649e+00
-5.350000e-01 2.300000e+00 -4.179568e-01 2.160649e+00 -5.250000e-01 2.300000e+00 -4.135857e-01 2.155683e+00
-5.250000e-01 2.300000e+00 -4.135857e-01 2.155683e+00 -5.150000e-01 2.300000e+00 -4.092692e-01 2.150731e+00
-5.150000e-01 2.300000e+00 -4.092692e-01 2.150731e+00 -5.050000e-01 2.300000e+00 -4.049868e-01 2.145811e+00
-5.000000e-01 2.295000e+00 -4.004182e-01 2.140445e+00 -5.050000e-01 2.300000e+00 -4.049868e-01 2.145811e+00
2.805579e-01 1.381177e+00 -2.315168e-02 1.225146e+00 2.805579e-01 1.381177e+00 -2.277816e-02 1.214343e+00
2.805579e-01 1.381177e+00 -2.277816e-02 1.214343e+00 2.805579e-01 1.381177e+00 -2.171209e-02 1.204171e+00
2.805579e-01 1.381177e+00 -2.171209e-02 1.204171e+00 2.805579e-01 1.381177e+00 -2.002152e-02 1.194568e+00
2.805579e-01 1.381177e+00 -2.002152e-02 1.194568e+00 2.805579e-01 1.381177e+00 -1.775971e-02 1.185488e+00
2.805579e-01 1.381177e+00 -1.775971e-02 1.185488e+00 2.805579e-01 1.381177e+00 -1.496840e-02 1.176892e+00
2.805579e-01 1.381177e+00 -1.496840e-02 1.176892e+00 2.805579e-01 1.381177e+00 -1.168010e-02 1.168750e+00
2.805579e-01 1.381177e+00 -1.168010e-02 1.168750e+00 2.805579e-01 1.381177e+00 -7.919745e-03 1.161037e+00
2.805579e-01 1.381177e+00 -7.919745e-03 1.161037e+00 2.805579e-01 1.381177e+00 -3.705903e-03 1.153737e+00
2.805579e-01 1.381177e+00 -3.705903e-03 1.153737e+00 2.805579e-01 1.381177e+00 9.484211e-04 1.146836e+00
2.805579e-01 1.381177e+00 9.484211e-04 1.146836e+00 2.805579e-01 1.381177e+00 6.035188e-03 1.140325e+00
2.805579e-01 1.381177e+00 6.035188e-03 1.140325e+00 2.805579e-01 1.381177e+00 1.155097e-02 1.134199e+00
2.805579e-01 1.381177e+00 1.155097e-02 1.134199e+00 2.805579e-01 1.381177e+00 1.749677e-02 1.128458e+00
2.805579e-01 1.381177e+00 1.749677e-02 1.128458e+00 2.805579e-01 1.381177e+00 2.387801e-02 1.123104e+00
2.805579e-01 1.381177e+00 2.387801e-02 1.123104e+00 2.805579e-01 1.381177e+00 3.070469e-02 1.118145e+00
2.805579e-01 1.381177e+00 3.070469e-02 1.118145e+00 2.805579e-01 1.381177e+00 3.799171e-02 1.113593e+00
2.805579e-01 1.381177e+00 3.799171e-02 1.113593e+00 2.805579e-01 1.381177e+00 4.575947e-02 1.109464e+00
2.805579e-01 1.381177e+00 4.575947e-02 1.109464e+00 2.805579e-01 1.381177e+00 5.403461e-02 1.105782e+00
2.805579e-01 1.381177e+00 5.403461e-02 1.105782e+00 2.805579e-01 1.381177e+00 6.285121e-02 1.102575e+00
2.805579e-01 1.381177e+00 6.285121e-02 1.102575e+00 2.805579e-01 1.381177e+00 7.225236e-02 1.099882e+00
2.805579e-01 1.381177e+00 7.225236e-02 1.099882e+00 2.805579e-01 1.381177e+00 8.229243e-02 1.097751e+00
2.805579e-01 1.381177e+00 8.229243e-02 1.097751e+00 2.805579e-01 1.381177e+00 9.304023e-02 1.096244e+00
2.805579e-01 1.381177e+00 9.304023e-02 1.096244e+00 2.805579e-01 1.381177e+00 1.045835e-01 1.095442e+00
2.805579e-01 1.381177e+00 1.045835e-01 1.095442e+00 2.805579e-01 1.381177e+00 1.170358e-01 1.095447e+00
2.805579e-01 1.381177e+00 1.170358e-01 1.095447e+00 2.805579e-01 1.381177e+00 1.305459e-01 1.096399e+00
2.805579e-01 1.381177e+00 1.305459e-01 1.096399e+00 2.805579e-01 1.381177e+00 1.453140e-01 1.098484e+00
2.805579e-01 1.381177e+00 1.453140e-01 1.098484e+00 2.805579e-01 1.381177e+00 1.616162e-01 1.101961e+00
2.805579e-01 1.381177e+00 1.616162e-01 1.101961e+00 2.805579e-01 1.381177e+00 1.798467e-01 1.107204e+00
2.805579e-01 1.381177e+00 1.798467e-01 1.107204e+00 2.805579e-01 1.381177e+00 2.005923e-01 1.114777e+00
2.805579e-01 1.381177e+00 2.005923e-01 1.114777e+00 2.805579e-01 1.381177e+00 2.247722e-01 1.125577e+00
2.805579e-01 1.381177e+00 2.247722e-01 1.125577e+00 2.805579e-01 1.381177e+00 2.539126e-01 1.141124e+00
2.805579e-01 1.381177e+00 2.539126e-01 1.141124e+00 2.805579e-01 1.381177e+00 2.906704e-01 1.164182e+00
2.805579e-01 1.381177e+00 2.906704e-01 1.164182e+00 2.805579e-01 1.381177e+00 3.392924e-01 1.199657e+00
2.805579e-01 1.381177e+00 3.392924e-01 1.199657e+00 2.805579e-01 1.381177e+00 4.007714e-01 1.251360e+00
2.805579e-01 1.381177e+00 4.007714e-01 1.251360e+00 2.805579e-01 1.381177e+00 4.578798e-01 1.306372e+00
2.805579e-01 1.381177e+00 4.578798e-01 1.306372e+00 2.805579e-01 1.381177e+00 4.973240e-01 1.350004e+00
2.805579e-01 1.381177e+00 4.973240e-01 1.350004e+00 2.805579e-01 1.381177e+00 5.235598e-01 1.383465e+00
2.805579e-01 1.381177e+00 5.235598e-01 1.383465e+00 2.805579e-01 1.381177e+00 5.417662e-01 1.410376e+00
2.805579e-01 1.381177e+00 5.417662e-01 1.410376e+00 2.805579e-01 1.381177e+00 5.548570e-01 1.432991e+00
2.805579e-01 1.381177e+00 5.548570e-01 1.432991e+00 2.805579e-01 1.381177e+00 5.644500e-01 1.452612e+00
2.805579e-01 1.381177e+00 5.644500e-01 1.452612e+00 2.805579e-01 1.381177e+00 5.715038e-01 1.470030e+00
2.805579e-01 1.381177e+00 5.715038e-01 1.470030e+00 2.805579e-01 1.381177e+00 5.766243e-01 1.485753e+00
2.805579e-01 1.381177e+00 5.766243e-01 1.485753e+00 2.805579e-01 1.381177e+00 5.802160e-01 1.500122e+00
2.805579e-01 1.381177e+00 5.802160e-01 1.500122e+00 2.805579e-01 1.381177e+00 5.825606e-01 1.513378e+00
2.805579e-01 1.381177e+00 5.825606e-01 1.513378e+00 2.805579e-01 1.381177e+00 5.838609e-01 1.525697e+00
2.805579e-01 1.381177e+00 5.838609e-01 1.525697e+00 2.805579e-01 1.381177e+00 5.842674e-01 1.537207e+00
2.805579e-01 1.381177e+00 5.842674e-01 1.537207e+00 2.805579e-01 1.381177e+00 5.838939e-01 1.548010e+00
2.805579e-01 1.381177e+00 5.838939e-01 1.548010e+00 2.805579e-01 1.381177e+00 5.828278e-01 1.558183e+00
2.805579e-01 1.381177e+00 5.828278e-01 1.558183e+00 2.805579e-01 1.381177e+00 5.811373e-01 1.567785e+00
2.805579e-01 1.381177e+00 5.811373e-01 1.567785e+00 2.805579e-01 1.381177e+00 5.788754e-01 1.576865e+00
2.805579e-01 1.381177e+00 5.788754e-01 1.576865e+00 2.805579e-01 1.381177e+00 5.760841e-01 1.585461e+00
2.805579e-01 1.381177e+00 5.760841e-01 1.585461e+00 2.805579e-01 1.381177e+00 5.727958e-01 1.593603e+00
2.805579e-01 1.381177e+00 5.727958e-01 1.593603e+00 2.805579e-01 1.381177e+00 5.690355e-01 1.601316e+00
2.805579e-01 1.381177e+00 5.690355e-01 1.601316e+00 2.805579e-01 1.381177e+00 5.648216e-01 1.608616e+00
2.805579e-01 1.381177e+00 5.648216e-01 1.608616e+00 2.805579e-01 1.381177e+00 5.601673e-01 1.615517e+00
2.805579e-01 1.381177e+00 5.601673e-01 1.615517e+00 2.805579e-01 1.381177e+00 5.550805e-01 1.622028e+00
2.805579e-01 1.381177e+00 5.550805e-01 1.622028e+00 2.805579e-01 1.381177e+00 5.495648e-01 1.628154e+00
2.805579e-01 1.381177e+00 5.495648e-01 1.628154e+00 2.805579e-01 1.381177e+00 5.436190e-01 1.633895e+00
2.805579e-01 1.381177e+00 5.436190e-01 1.633895e+00 2.805579e-01 1.381177e+00 5.372377e-01 1.639249e+00
2.805579e-01 1.381177e+00 5.372377e-01 1.639249e+00 2.805579e-01 1.381177e+00 5.304110e-01 1.644208e+00
2.805579e-01 1.381177e+00 5.304110e-01 1.644208e+00 2.805579e-01 1.381177e+00 5.231240e-01 1.648760e+00
2.805579e-01 1.381177e+00 5.231240e-01 1.648760e+00 2.805579e-01 1.381177e+00 5.153563e-01 1.652889e+00
2.805579e-01 1.381177e+00 5.153563e-01 1.652889e+00 2.805579e-01 1.381177e+00 5.070811e-01 1.656571e+00
2.805579e-01 1.381177e+00 5.070811e-01 1.656571e+00 2.805579e-01 1.381177e+00 4.982645e-01 1.659778e+00
2.805579e-01 1.381177e+00 4.982645e-01 1.659778e+00 2.805579e-01 1.381177e+00 4.888634e-01 1.662471e+00
2.805579e-01 1.381177e+00 4.888634e-01 1.662471e+00 2.805579e-01 1.381177e+00 4.788233e-01 1.664602e+00
2.805579e-01 1.381177e+00 4.788233e-01 1.664602e+00 2.805579e-01 1.381177e+00 4.680755e-01 1.666109e+00
2.805579e-01 1.381177e+00 4.680755e-01 1.666109e+00 2.805579e-01 1.381177e+00 4.565322e-01 1.666911e+00
2.805579e-01 1.381177e+00 4.565322e-01 1.666911e+00 2.805579e-01 1.381177e+00 4.440800e-01 1.666906e+00
2.805579e-01 1.381177e+00 4.440800e-01 1.666906e+00 2.805579e-01 1.381177e+00 4.305699e-01 1.665954e+00
2.805579e-01 1.381177e+00 4.305699e-01 1.665954e+00 2.805579e-01 1.381177e+00 4.158018e-01 1.663869e+00
2.805579e-01 1.381177e+00 4.158018e-01 1.663869e+00 2.805579e-01 1.381177e+00 3.994996e-01 1.660392e+00
2.805579e-01 1.381177e+00 3.994996e-01 1.660392e+00 2.805579e-01 1.381177e+00 3.812691e-01 1.655149e+00
2.805579e-01 1.381177e+00 3.812691e-01 1.655149e+00 2.805579e-01 1.381177e+00 3.605235e-01 1.647576e+00
2.805579e-01 1.381177e+00 3.605235e-01 1.647576e+00 2.805579e-01 1.381177e+00 3.363436e-01 1.636776e+00
2.805579e-01 1.381177e+00 3.363436e-01 1.636776e+00 2.805579e-01 1.381177e+00 3.072031e-01 1.621229e+00
2.805579e-01 1.381177e+00 3.072031e-01 1.621229e+00 2.805579e-01 1.381177e+00 2.704453e-01 1.598171e+00
2.805579e-01 1.381177e+00 2.704453e-01 1.598171e+00 2.805579e-01 1.381177e+00 2.218233e-01 1.562696e+00
2.805579e-01 1.381177e+00 2.218233e-01 1.562696e+00 2.805579e-01 1.381177e+00 1.603444e-01 1.510993e+00
2.805579e-01 1.381177e+00 1.603444e-01 1.510993e+00 2.805579e-01 1.381177e+00 1.032359e-01 1.455981e+00
2.805579e-01 1.381177e+00 1.032359e-01 1.455981e+00 2.805579e-01 1.381177e+00 6.379178e-02 1.412349e+00
2.805579e-01 1.381177e+00 6.379178e-02 1.412349e+00 2.805579e-01 1.381177e+00 3.755593e-02 1.378888e+00
2.805579e-01 1.381177e+00 3.755593e-02 1.378888e+00 2.805579e-01 1.381177e+00 1.934956e-02 1.351977e+00
2.805579e-01 1.381177e+00 1.934956e-02 1.351977e+00 2.805579e-01 1.381177e+00 6.258695e-03 1.329363e+00
2.805579e-01 1.381177e+00 6.258695e-03 1.329363e+00 2.805579e-01 1.381177e+00 -3.334306e-03 1.309741e+00
2.805579e-01 1.381177e+00 -3.334306e-03 1.309741e+00 2.805579e-01 1.381177e+00 -1.038804e-02 1.292323e+00
2.805579e-01 1.381177e+00 -1.038804e-02 1.292323e+00 2.805579e-01 1.381177e+00 -1.550859e-02 1.276600e+00
2.805579e-01 1.381177e+00 -1.550859e-02 1.276600e+00 2.805579e-01 1.381177e+00 -1.910031e-02 1.262231e+00
2.805579e-01 1.381177e+00 -1.910031e-02 1.262231e+00 2.805579e-01 1.381177e+00 -2.144483e-02 1.248975e+00
2.805579e-01 1.381177e+00 -2.144483e-02 1.248975e+00 2.805579e-01 1.381177e+00 -2.274516e-02 1.236656e+00
2.805579e-01 1.381177e+00 -2.274516e-02 1.236656e+00 2.805579e-01 1.381177e+00 -2.315168e-02 1.225146e+00
