-1.443000e+00 -7.530000e-01 -1.503310e+00 -2.137791e-01 -1.448000e+00 -7.480000e-01 -1.504687e+00 -2.079570e-01
-1.443000e+00 -7.530000e-01 -1.503310e+00 -2.137791e-01 -1.433000e+00 -7.530000e-01 -1.502578e+00 -2.161380e-01
-1.433000e+00 -7.530000e-01 -1.502578e+00 -2.161380e-01 -1.423000e+00 -7.530000e-01 -1.501728e+00 -2.187173e-01
-1.423000e+00 -7.530000e-01 -1.501728e+00 -2.187173e-01 -1.413000e+00 -7.530000e-01 -1.500749e+00 -2.215075e-01
-1.413000e+00 -7.530000e-01 -1.500749e+00 -2.215075e-01 -1.403000e+00 -7.530000e-01 -1.499631e+00 -2.244979e-01
-1.403000e+00 -7.530000e-01 -1.499631e+00 -2.244979e-01 -1.393000e+00 -7.530000e-01 -1.498365e+00 -2.276779e-01
-1.393000e+00 -7.530000e-01 -1.498365e+00 -2.276779e-01 -1.383000e+00 -7.530000e-01 -1.496944e+00 -2.310362e-01
-1.383000e+00 -7.530000e-01 -1.496944e+00 -2.310362e-01 -1.373000e+00 -7.530000e-01 -1.495359e+00 -2.345614e-01
-1.373000e+00 -7.530000e-01 -1.495359e+00 -2.345614e-01 -1.363000e+00 -7.530000e-01 -1.493607e+00 -2.382419e-01
-1.363000e+00 -7.530000e-01 -1.493607e+00 -2.382419e-01 -1.353000e+00 -7.530000e-01 -1.491681e+00 -2.420664e-01
-1.353000e+00 -7.530000e-01 -1.491681e+00 -2.420664e-01 -1.343000e+00 -7.530000e-01 -1.489578e+00 -2.460232e-01
-1.343000e+00 -7.530000e-01 -1.489578e+00 -2.460232e-01 -1.333000e+00 -7.530000e-01 -1.487295e+00 -2.501010e-01
-1.333000e+00 -7.530000e-01 -1.487295e+00 -2.501010e-01 -1.328000e+00 -7.480000e-01 -1.488155e+00 -2.483586e-01
-1.543000e+00 -7.430000e-01 -1.506768e+00 -1.938793e-01 -1.533000e+00 -7.430000e-01 -1.506724e+00 -1.936801e-01
-1.533000e+00 -7.430000e-01 -1.506724e+00 -1.936801e-01 -1.523000e+00 -7.430000e-01 -1.506709e+00 -1.937616e-01
-1.523000e+00 -7.430000e-01 -1.506709e+00 -1.937616e-01 -1.513000e+00 -7.430000e-01 -1.506708e+00 -1.941248e-01
-1.513000e+00 -7.430000e-01 -1.506708e+00 -1.941248e-01 -1.503000e+00 -7.430000e-01 -1.506701e+00 -1.947694e-01
-1.503000e+00 -7.430000e-01 -1.506701e+00 -1.947694e-01 -1.493000e+00 -7.430000e-01 -1.506673e+00 -1.956934e-01
-1.493000e+00 -7.430000e-01 -1.506673e+00 -1.956934e-01 -1.483000e+00 -7.430000e-01 -1.506605e+00 -1.968935e-01
-1.483000e+00 -7.430000e-01 -1.506605e+00 -1.968935e-01 -1.473000e+00 -7.430000e-01 -1.506481e+00 -1.983652e-01
-1.473000e+00 -7.430000e-01 -1.506481e+00 -1.983652e-01 -1.463000e+00 -7.430000e-01 -1.506285e+00 -2.001021e-01
-1.463000e+00 -7.430000e-01 -1.506285e+00 -2.001021e-01 -1.453000e+00 -7.430000e-01 -1.506001e+00 -2.020973e-01
-1.448000e+00 -7.480000e-01 -1.504687e+00 -2.079570e-01 -1.453000e+00 -7.430000e-01 -1.506001e+00 -2.020973e-01
-1.328000e+00 -7.480000e-01 -1.488155e+00 -2.483586e-01 -1.323000e+00 -7.430000e-01 -1.489156e+00 -2.467884e-01
-1.323000e+00 -7.430000e-01 -1.489156e+00 -2.467884e-01 -1.313000e+00 -7.430000e-01 -1.486599e+00 -2.512517e-01
-1.313000e+00 -7.430000e-01 -1.486599e+00 -2.512517e-01 -1.303000e+00 -7.430000e-01 -1.483846e+00 -2.558019e-01
-1.303000e+00 -7.430000e-01 -1.483846e+00 -2.558019e-01 -1.293000e+00 -7.430000e-01 -1.480899e+00 -2.604281e-01
-1.293000e+00 -7.430000e-01 -1.480899e+00 -2.604281e-01 -1.283000e+00 -7.430000e-01 -1.477757e+00 -2.651201e-01
-1.283000e+00 -7.430000e-01 -1.477757e+00 -2.651201e-01 -1.273000e+00 -7.430000e-01 -1.474422e+00 -2.698678e-01
-1.273000e+00 -7.430000e-01 -1.474422e+00 -2.698678e-01 -1.263000e+00 -7.430000e-01 -1.470897e+00 -2.746620e-01
-1.263000e+00 -7.430000e-01 -1.470897e+00 -2.746620e-01 -1.253000e+00 -7.430000e-01 -1.467183e+00 -2.794938e-01
-1.253000e+00 -7.430000e-01 -1.467183e+00 -2.794938e-01 -1.243000e+00 -7.430000e-01 -1.463283e+00 -2.843548e-01
-1.243000e+00 -7.430000e-01 -1.463283e+00 -2.843548e-01 -1.233000e+00 -7.430000e-01 -1.459202e+00 -2.892372e-01
-1.233000e+00 -7.430000e-01 -1.459202e+00 -2.892372e-01 -1.223000e+00 -7.430000e-01 -1.454941e+00 -2.941336e-01
-1.223000e+00 -7.430000e-01 -1.454941e+00 -2.941336e-01 -1.218000e+00 -7.380000e-01 -1.455175e+00 -2.937458e-01
-1.218000e+00 -7.380000e-01 -1.455175e+00 -2.937458e-01 -1.213000e+00 -7.330000e-01 -1.455480e+00 -2.935571e-01
-1.213000e+00 -7.330000e-01 -1.455480e+00 -2.935571e-01 -1.203000e+00 -7.330000e-01 -1.450868e+00 -2.985989e-01
-1.203000e+00 -7.330000e-01 -1.450868e+00 -2.985989e-01 -1.193000e+00 -7.330000e-01 -1.446083e+00 -3.036298e-01
-1.193000e+00 -7.330000e-01 -1.446083e+00 -3.036298e-01 -1.183000e+00 -7.330000e-01 -1.441129e+00 -3.086444e-01
-1.183000e+00 -7.330000e-01 -1.441129e+00 -3.086444e-01 -1.173000e+00 -7.330000e-01 -1.436011e+00 -3.136375e-01
-1.173000e+00 -7.330000e-01 -1.436011e+00 -3.136375e-01 -1.163000e+00 -7.330000e-01 -1.430734e+00 -3.186046e-01
-1.163000e+00 -7.330000e-01 -1.430734e+00 -3.186046e-01 -1.153000e+00 -7.330000e-01 -1.425303e+00 -3.235416e-01
-1.153000e+00 -7.330000e-01 -1.425303e+00 -3.235416e-01 -1.148000e+00 -7.280000e-01 -1.424963e+00 -3.237133e-01
-1.148000e+00 -7.280000e-01 -1.424963e+00 -3.237133e-01 -1.143000e+00 -7.230000e-01 -1.424656e+00 -3.240755e-01
-1.143000e+00 -7.230000e-01 -1.424656e+00 -3.240755e-01 -1.133000e+00 -7.230000e-01 -1.418887e+00 -3.290373e-01
-1.133000e+00 -7.230000e-01 -1.418887e+00 -3.290373e-01 -1.123000e+00 -7.230000e-01 -1.412975e+00 -3.339529e-01
-1.123000e+00 -7.230000e-01 -1.412975e+00 -3.339529e-01 -1.113000e+00 -7.230000e-01 -1.406925e+00 -3.388195e-01
-1.113000e+00 -7.230000e-01 -1.406925e+00 -3.388195e-01 -1.108000e+00 -7.180000e-01 -1.406240e+00 -3.392662e-01
-1.108000e+00 -7.180000e-01 -1.406240e+00 -3.392662e-01 -1.103000e+00 -7.130000e-01 -1.405567e+00 -3.398944e-01
-1.103000e+00 -7.130000e-01 -1.405567e+00 -3.398944e-01 -1.093000e+00 -7.130000e-01 -1.399196e+00 -3.447276e-01
-1.093000e+00 -7.130000e-01 -1.399196e+00 -3.447276e-01 -1.083000e+00 -7.130000e-01 -1.392699e+00 -3.495006e-01
-1.083000e+00 -7.130000e-01 -1.392699e+00 -3.495006e-01 -1.073000e+00 -7.130000e-01 -1.386081e+00 -3.542120e-01
-1.073000e+00 -7.130000e-01 -1.386081e+00 -3.542120e-01 -1.068000e+00 -7.080000e-01 -1.385038e+00 -3.548463e-01
-1.068000e+00 -7.080000e-01 -1.385038e+00 -3.548463e-01 -1.063000e+00 -7.030000e-01 -1.383988e+00 -3.556487e-01
-1.063000e+00 -7.030000e-01 -1.383988e+00 -3.556487e-01 -1.053000e+00 -7.030000e-01 -1.377073e+00 -3.602801e-01
-1.053000e+00 -7.030000e-01 -1.377073e+00 -3.602801e-01 -1.043000e+00 -7.030000e-01 -1.370050e+00 -3.648424e-01
-1.043000e+00 -7.030000e-01 -1.370050e+00 -3.648424e-01 -1.038000e+00 -6.980000e-01 -1.368733e+00 -3.656038e-01
-1.038000e+00 -6.980000e-01 -1.368733e+00 -3.656038e-01 -1.033000e+00 -6.930000e-01 -1.367396e+00 -3.665218e-01
-1.033000e+00 -6.930000e-01 -1.367396e+00 -3.665218e-01 -1.023000e+00 -6.930000e-01 -1.360097e+00 -3.709730e-01
-1.023000e+00 -6.930000e-01 -1.360097e+00 -3.709730e-01 -1.013000e+00 -6.930000e-01 -1.352701e+00 -3.753506e-01
-1.013000e+00 -6.930000e-01 -1.352701e+00 -3.753506e-01 -1.008000e+00 -6.880000e-01 -1.351109e+00 -3.761922e-01
-1.008000e+00 -6.880000e-01 -1.351109e+00 -3.761922e-01 -1.003000e+00 -6.830000e-01 -1.349487e+00 -3.771774e-01
-1.003000e+00 -6.830000e-01 -1.349487e+00 -3.771774e-01 -9.930000e-01 -6.830000e-01 -1.341836e+00 -3.814188e-01
-9.930000e-01 -6.830000e-01 -1.341836e+00 -3.814188e-01 -9.880000e-01 -6.780000e-01 -1.340051e+00 -3.823345e-01
-9.880000e-01 -6.780000e-01 -1.340051e+00 -3.823345e-01 -9.830000e-01 -6.730000e-01 -1.338228e+00 -3.833841e-01
-9.830000e-01 -6.730000e-01 -1.338228e+00 -3.833841e-01 -9.730000e-01 -6.730000e-01 -1.330336e+00 -3.874717e-01
-9.730000e-01 -6.730000e-01 -1.330336e+00 -3.874717e-01 -9.680000e-01 -6.680000e-01 -1.328357e+00 -3.884370e-01
-9.680000e-01 -6.680000e-01 -1.328357e+00 -3.884370e-01 -9.630000e-01 -6.630000e-01 -1.326333e+00 -3.895261e-01
-9.630000e-01 -6.630000e-01 -1.326333e+00 -3.895261e-01 -9.530000e-01 -6.630000e-01 -1.318215e+00 -3.934448e-01
-9.530000e-01 -6.630000e-01 -1.318215e+00 -3.934448e-01 -9.480000e-01 -6.580000e-01 -1.316043e+00 -3.944365e-01
-9.480000e-01 -6.580000e-01 -1.316043e+00 -3.944365e-01 -9.430000e-01 -6.530000e-01 -1.313819e+00 -3.955407e-01
-9.430000e-01 -6.530000e-01 -1.313819e+00 -3.955407e-01 -9.330000e-01 -6.530000e-01 -1.305491e+00 -3.992788e-01
-9.330000e-01 -6.530000e-01 -1.305491e+00 -3.992788e-01 -9.280000e-01 -6.480000e-01 -1.303127e+00 -4.002745e-01
-9.280000e-01 -6.480000e-01 -1.303127e+00 -4.002745e-01 -9.230000e-01 -6.430000e-01 -1.300707e+00 -4.013712e-01
-9.230000e-01 -6.430000e-01 -1.300707e+00 -4.013712e-01 -9.130000e-01 -6.430000e-01 -1.292184e+00 -4.049195e-01
-9.130000e-01 -6.430000e-01 -1.292184e+00 -4.049195e-01 -9.080000e-01 -6.380000e-01 -1.289632e+00 -4.058984e-01
-9.080000e-01 -6.380000e-01 -1.289632e+00 -4.058984e-01 -9.030000e-01 -6.330000e-01 -1.287020e+00 -4.069664e-01
-9.030000e-01 -6.330000e-01 -1.287020e+00 -4.069664e-01 -8.980000e-01 -6.280000e-01 -1.284346e+00 -4.079715e-01
-8.980000e-01 -6.280000e-01 -1.284346e+00 -4.079715e-01 -8.930000e-01 -6.230000e-01 -1.281607e+00 -4.090580e-01
-8.930000e-01 -6.230000e-01 -1.281607e+00 -4.090580e-01 -8.830000e-01 -6.230000e-01 -1.272786e+00 -4.122813e-01
-8.830000e-01 -6.230000e-01 -1.272786e+00 -4.122813e-01 -8.780000e-01 -6.180000e-01 -1.269930e+00 -4.132355e-01
-8.780000e-01 -6.180000e-01 -1.269930e+00 -4.132355e-01 -8.730000e-01 -6.130000e-01 -1.267007e+00 -4.142589e-01
-8.730000e-01 -6.130000e-01 -1.267007e+00 -4.142589e-01 -8.680000e-01 -6.080000e-01 -1.264029e+00 -4.152135e-01
-8.680000e-01 -6.080000e-01 -1.264029e+00 -4.152135e-01 -8.630000e-01 -6.030000e-01 -1.260981e+00 -4.162289e-01
-8.630000e-01 -6.030000e-01 -1.260981e+00 -4.162289e-01 -8.580000e-01 -5.980000e-01 -1.257881e+00 -4.171730e-01
-8.580000e-01 -5.980000e-01 -1.257881e+00 -4.171730e-01 -8.530000e-01 -5.930000e-01 -1.254709e+00 -4.181694e-01
-8.530000e-01 -5.930000e-01 -1.254709e+00 -4.181694e-01 -8.480000e-01 -5.880000e-01 -1.251488e+00 -4.190923e-01
-8.480000e-01 -5.880000e-01 -1.251488e+00 -4.190923e-01 -8.430000e-01 -5.830000e-01 -1.248192e+00 -4.200587e-01
-8.430000e-01 -5.830000e-01 -1.248192e+00 -4.200587e-01 -8.380000e-01 -5.780000e-01 -1.244851e+00 -4.209500e-01
-8.380000e-01 -5.780000e-01 -1.244851e+00 -4.209500e-01 -8.330000e-01 -5.730000e-01 -1.241434e+00 -4.218761e-01
-8.330000e-01 -5.730000e-01 -1.241434e+00 -4.218761e-01 -8.280000e-01 -5.680000e-01 -1.237975e+00 -4.227259e-01
-8.280000e-01 -5.680000e-01 -1.237975e+00 -4.227259e-01 -8.280000e-01 -5.580000e-01 -1.240319e+00 -4.221346e-01
-8.280000e-01 -5.580000e-01 -1.240319e+00 -4.221346e-01 -8.230000e-01 -5.530000e-01 -1.236704e+00 -4.230302e-01
-8.230000e-01 -5.530000e-01 -1.236704e+00 -4.230302e-01 -8.180000e-01 -5.480000e-01 -1.233051e+00 -4.238466e-01
-8.180000e-01 -5.480000e-01 -1.233051e+00 -4.238466e-01 -8.180000e-01 -5.380000e-01 -1.235133e+00 -4.234194e-01
-8.180000e-01 -5.380000e-01 -1.235133e+00 -4.234194e-01 -8.130000e-01 -5.330000e-01 -1.231321e+00 -4.242509e-01
-8.130000e-01 -5.330000e-01 -1.231321e+00 -4.242509e-01 -8.080000e-01 -5.280000e-01 -1.227475e+00 -4.250017e-01
-8.080000e-01 -5.280000e-01 -1.227475e+00 -4.250017e-01 -8.080000e-01 -5.180000e-01 -1.229285e+00 -4.246857e-01
-8.080000e-01 -5.180000e-01 -1.229285e+00 -4.246857e-01 -8.030000e-01 -5.130000e-01 -1.225277e+00 -4.254210e-01
-8.030000e-01 -5.130000e-01 -1.225277e+00 -4.254210e-01 -7.980000e-01 -5.080000e-01 -1.221243e+00 -4.260756e-01
-7.980000e-01 -5.080000e-01 -1.221243e+00 -4.260756e-01 -7.980000e-01 -4.980000e-01 -1.222773e+00 -4.258171e-01
-7.980000e-01 -4.980000e-01 -1.222773e+00 -4.258171e-01 -7.980000e-01 -4.880000e-01 -1.224180e+00 -4.256293e-01
-7.980000e-01 -4.880000e-01 -1.224180e+00 -4.256293e-01 -7.980000e-01 -4.780000e-01 -1.225461e+00 -4.255015e-01
-7.980000e-01 -4.780000e-01 -1.225461e+00 -4.255015e-01 -7.980000e-01 -4.680000e-01 -1.226612e+00 -4.254227e-01
-7.980000e-01 -4.680000e-01 -1.226612e+00 -4.254227e-01 -7.980000e-01 -4.580000e-01 -1.227633e+00 -4.253816e-01
-7.980000e-01 -4.580000e-01 -1.227633e+00 -4.253816e-01 -7.980000e-01 -4.480000e-01 -1.228520e+00 -4.253666e-01
-7.980000e-01 -4.480000e-01 -1.228520e+00 -4.253666e-01 -7.980000e-01 -4.380000e-01 -1.229271e+00 -4.253662e-01
-7.980000e-01 -4.380000e-01 -1.229271e+00 -4.253662e-01 -7.980000e-01 -4.280000e-01 -1.229887e+00 -4.253686e-01
-7.980000e-01 -4.280000e-01 -1.229887e+00 -4.253686e-01 -7.980000e-01 -4.180000e-01 -1.230365e+00 -4.253622e-01
-7.980000e-01 -4.180000e-01 -1.230365e+00 -4.253622e-01 -7.980000e-01 -4.080000e-01 -1.230707e+00 -4.253356e-01
-8.030000e-01 -4.030000e-01 -1.235807e+00 -4.252040e-01 -8.080000e-01 -3.980000e-01 -1.240910e+00 -4.251388e-01
-7.980000e-01 -4.080000e-01 -1.230707e+00 -4.253356e-01 -8.030000e-01 -4.030000e-01 -1.235807e+00 -4.252040e-01
-8.080000e-01 -3.980000e-01 -1.240910e+00 -4.251388e-01 -8.080000e-01 -3.880000e-01 -1.240981e+00 -4.251752e-01
-8.080000e-01 -3.880000e-01 -1.240981e+00 -4.251752e-01 -8.080000e-01 -3.780000e-01 -1.240913e+00 -4.251569e-01
-8.130000e-01 -3.730000e-01 -1.245808e+00 -4.252171e-01 -8.180000e-01 -3.680000e-01 -1.250701e+00 -4.253490e-01
-8.080000e-01 -3.780000e-01 -1.240913e+00 -4.251569e-01 -8.130000e-01 -3.730000e-01 -1.245808e+00 -4.252171e-01
-8.180000e-01 -3.680000e-01 -1.250701e+00 -4.253490e-01 -8.180000e-01 -3.580000e-01 -1.250352e+00 -4.253248e-01
-8.230000e-01 -3.530000e-01 -1.255098e+00 -4.255105e-01 -8.280000e-01 -3.480000e-01 -1.259837e+00 -4.257710e-01
-8.180000e-01 -3.580000e-01 -1.250352e+00 -4.253248e-01 -8.230000e-01 -3.530000e-01 -1.255098e+00 -4.255105e-01
-8.330000e-01 -3.430000e-01 -1.264499e+00 -4.260491e-01 -8.380000e-01 -3.380000e-01 -1.269152e+00 -4.264043e-01
-8.280000e-01 -3.480000e-01 -1.259837e+00 -4.257710e-01 -8.330000e-01 -3.430000e-01 -1.264499e+00 -4.260491e-01
-8.380000e-01 -3.380000e-01 -1.269152e+00 -4.264043e-01 -8.380000e-01 -3.280000e-01 -1.268364e+00 -4.263492e-01
-8.430000e-01 -3.230000e-01 -1.272860e+00 -4.267202e-01 -8.480000e-01 -3.180000e-01 -1.277342e+00 -4.271699e-01
-8.380000e-01 -3.280000e-01 -1.268364e+00 -4.263492e-01 -8.430000e-01 -3.230000e-01 -1.272860e+00 -4.267202e-01
-8.530000e-01 -3.130000e-01 -1.281744e+00 -4.276175e-01 -8.580000e-01 -3.080000e-01 -1.286129e+00 -4.281453e-01
-8.480000e-01 -3.180000e-01 -1.277342e+00 -4.271699e-01 -8.530000e-01 -3.130000e-01 -1.281744e+00 -4.276175e-01
-8.630000e-01 -3.030000e-01 -1.290432e+00 -4.286638e-01 -8.680000e-01 -2.980000e-01 -1.294715e+00 -4.292639e-01
-8.580000e-01 -3.080000e-01 -1.286129e+00 -4.281453e-01 -8.630000e-01 -3.030000e-01 -1.290432e+00 -4.286638e-01
-8.730000e-01 -2.930000e-01 -1.298915e+00 -4.298473e-01 -8.780000e-01 -2.880000e-01 -1.303091e+00 -4.305132e-01
-8.680000e-01 -2.980000e-01 -1.294715e+00 -4.292639e-01 -8.730000e-01 -2.930000e-01 -1.298915e+00 -4.298473e-01
-8.830000e-01 -2.830000e-01 -1.307185e+00 -4.311548e-01 -8.880000e-01 -2.780000e-01 -1.311250e+00 -4.318795e-01
-8.780000e-01 -2.880000e-01 -1.303091e+00 -4.305132e-01 -8.830000e-01 -2.830000e-01 -1.307185e+00 -4.311548e-01
-8.930000e-01 -2.730000e-01 -1.315232e+00 -4.325722e-01 -8.980000e-01 -2.680000e-01 -1.319184e+00 -4.333484e-01
-8.880000e-01 -2.780000e-01 -1.311250e+00 -4.318795e-01 -8.930000e-01 -2.730000e-01 -1.315232e+00 -4.325722e-01
-9.030000e-01 -2.630000e-01 -1.323051e+00 -4.340847e-01 -9.080000e-01 -2.580000e-01 -1.326884e+00 -4.349043e-01
-8.980000e-01 -2.680000e-01 -1.319184e+00 -4.333484e-01 -9.030000e-01 -2.630000e-01 -1.323051e+00 -4.340847e-01
-9.130000e-01 -2.530000e-01 -1.330634e+00 -4.356763e-01 -9.180000e-01 -2.480000e-01 -1.334345e+00 -4.365310e-01
-9.080000e-01 -2.580000e-01 -1.326884e+00 -4.349043e-01 -9.130000e-01 -2.530000e-01 -1.330634e+00 -4.356763e-01
-9.230000e-01 -2.430000e-01 -1.337973e+00 -4.373302e-01 -9.280000e-01 -2.380000e-01 -1.341560e+00 -4.382113e-01
-9.180000e-01 -2.480000e-01 -1.334345e+00 -4.365310e-01 -9.230000e-01 -2.430000e-01 -1.337973e+00 -4.373302e-01
-9.430000e-01 -2.330000e-01 -1.354426e+00 -4.414720e-01 -9.480000e-01 -2.280000e-01 -1.357836e+00 -4.424527e-01
-9.430000e-01 -2.330000e-01 -1.354426e+00 -4.414720e-01 -9.330000e-01 -2.330000e-01 -1.345065e+00 -4.390290e-01
-9.280000e-01 -2.380000e-01 -1.341560e+00 -4.382113e-01 -9.330000e-01 -2.330000e-01 -1.345065e+00 -4.390290e-01
-9.530000e-01 -2.230000e-01 -1.361165e+00 -4.433588e-01 -9.580000e-01 -2.180000e-01 -1.364442e+00 -4.443454e-01
-9.480000e-01 -2.280000e-01 -1.357836e+00 -4.424527e-01 -9.530000e-01 -2.230000e-01 -1.361165e+00 -4.433588e-01
-9.730000e-01 -2.130000e-01 -1.376757e+00 -4.480854e-01 -9.780000e-01 -2.080000e-01 -1.379839e+00 -4.491473e-01
-9.730000e-01 -2.130000e-01 -1.376757e+00 -4.480854e-01 -9.630000e-01 -2.130000e-01 -1.367639e+00 -4.452497e-01
-9.580000e-01 -2.180000e-01 -1.364442e+00 -4.443454e-01 -9.630000e-01 -2.130000e-01 -1.367639e+00 -4.452497e-01
-9.830000e-01 -2.030000e-01 -1.382843e+00 -4.501151e-01 -9.880000e-01 -1.980000e-01 -1.385784e+00 -4.511595e-01
-9.780000e-01 -2.080000e-01 -1.379839e+00 -4.491473e-01 -9.830000e-01 -2.030000e-01 -1.382843e+00 -4.501151e-01
-1.003000e+00 -1.930000e-01 -1.397472e+00 -4.553236e-01 -1.008000e+00 -1.880000e-01 -1.400202e+00 -4.564134e-01
-1.003000e+00 -1.930000e-01 -1.397472e+00 -4.553236e-01 -9.930000e-01 -1.930000e-01 -1.388651e+00 -4.521022e-01
-9.880000e-01 -1.980000e-01 -1.385784e+00 -4.511595e-01 -9.930000e-01 -1.930000e-01 -1.388651e+00 -4.521022e-01
-1.023000e+00 -1.830000e-01 -1.411481e+00 -4.608406e-01 -1.028000e+00 -1.780000e-01 -1.413988e+00 -4.619569e-01
-1.023000e+00 -1.830000e-01 -1.411481e+00 -4.608406e-01 -1.013000e+00 -1.830000e-01 -1.402860e+00 -4.573895e-01
-1.008000e+00 -1.880000e-01 -1.400202e+00 -4.564134e-01 -1.013000e+00 -1.830000e-01 -1.402860e+00 -4.573895e-01
-1.043000e+00 -1.730000e-01 -1.424825e+00 -4.666243e-01 -1.048000e+00 -1.680000e-01 -1.427100e+00 -4.677457e-01
-1.043000e+00 -1.730000e-01 -1.424825e+00 -4.666243e-01 -1.033000e+00 -1.730000e-01 -1.416428e+00 -4.629475e-01
-1.028000e+00 -1.780000e-01 -1.413988e+00 -4.619569e-01 -1.033000e+00 -1.730000e-01 -1.416428e+00 -4.629475e-01
-1.063000e+00 -1.630000e-01 -1.437461e+00 -4.726245e-01 -1.068000e+00 -1.580000e-01 -1.439495e+00 -4.737272e-01
-1.063000e+00 -1.630000e-01 -1.437461e+00 -4.726245e-01 -1.053000e+00 -1.630000e-01 -1.429313e+00 -4.687295e-01
-1.048000e+00 -1.680000e-01 -1.427100e+00 -4.677457e-01 -1.053000e+00 -1.630000e-01 -1.429313e+00 -4.687295e-01
-1.083000e+00 -1.530000e-01 -1.449346e+00 -4.787822e-01 -1.088000e+00 -1.480000e-01 -1.451133e+00 -4.798397e-01
-1.083000e+00 -1.530000e-01 -1.449346e+00 -4.787822e-01 -1.073000e+00 -1.530000e-01 -1.441474e+00 -4.746804e-01
-1.068000e+00 -1.580000e-01 -1.439495e+00 -4.737272e-01 -1.073000e+00 -1.530000e-01 -1.441474e+00 -4.746804e-01
-1.103000e+00 -1.430000e-01 -1.460444e+00 -4.850296e-01 -1.108000e+00 -1.380000e-01 -1.461978e+00 -4.860132e-01
-1.103000e+00 -1.430000e-01 -1.460444e+00 -4.850296e-01 -1.093000e+00 -1.430000e-01 -1.452872e+00 -4.807367e-01
-1.088000e+00 -1.480000e-01 -1.451133e+00 -4.798397e-01 -1.093000e+00 -1.430000e-01 -1.452872e+00 -4.807367e-01
-1.123000e+00 -1.330000e-01 -1.470719e+00 -4.912893e-01 -1.128000e+00 -1.280000e-01 -1.471999e+00 -4.921682e-01
-1.123000e+00 -1.330000e-01 -1.470719e+00 -4.912893e-01 -1.113000e+00 -1.330000e-01 -1.463474e+00 -4.868260e-01
-1.108000e+00 -1.380000e-01 -1.461978e+00 -4.860132e-01 -1.113000e+00 -1.330000e-01 -1.463474e+00 -4.868260e-01
-1.153000e+00 -1.230000e-01 -1.486897e+00 -5.021706e-01 -1.158000e+00 -1.180000e-01 -1.487806e+00 -5.029285e-01
-1.153000e+00 -1.230000e-01 -1.486897e+00 -5.021706e-01 -1.143000e+00 -1.230000e-01 -1.480145e+00 -4.974752e-01
-1.143000e+00 -1.230000e-01 -1.480145e+00 -4.974752e-01 -1.133000e+00 -1.230000e-01 -1.473252e+00 -4.928671e-01
-1.128000e+00 -1.280000e-01 -1.471999e+00 -4.921682e-01 -1.133000e+00 -1.230000e-01 -1.473252e+00 -4.928671e-01
-1.183000e+00 -1.130000e-01 -1.501266e+00 -5.131735e-01 -1.188000e+00 -1.080000e-01 -1.501801e+00 -5.137428e-01
-1.183000e+00 -1.130000e-01 -1.501266e+00 -5.131735e-01 -1.173000e+00 -1.130000e-01 -1.495067e+00 -5.082938e-01
-1.173000e+00 -1.130000e-01 -1.495067e+00 -5.082938e-01 -1.163000e+00 -1.130000e-01 -1.488705e+00 -5.034923e-01
-1.158000e+00 -1.180000e-01 -1.487806e+00 -5.029285e-01 -1.163000e+00 -1.130000e-01 -1.488705e+00 -5.034923e-01
-1.213000e+00 -1.030000e-01 -1.513712e+00 -5.240397e-01 -1.218000e+00 -9.800000e-02 -1.513880e+00 -5.243459e-01
-1.213000e+00 -1.030000e-01 -1.513712e+00 -5.240397e-01 -1.203000e+00 -1.030000e-01 -1.508121e+00 -5.190417e-01
-1.203000e+00 -1.030000e-01 -1.508121e+00 -5.190417e-01 -1.193000e+00 -1.030000e-01 -1.502345e+00 -5.141069e-01
-1.188000e+00 -1.080000e-01 -1.501801e+00 -5.137428e-01 -1.193000e+00 -1.030000e-01 -1.502345e+00 -5.141069e-01
-1.243000e+00 -9.300000e-02 -1.524157e+00 -5.344603e-01 -1.248000e+00 -8.800000e-02 -1.523983e+00 -5.344239e-01
-1.243000e+00 -9.300000e-02 -1.524157e+00 -5.344603e-01 -1.233000e+00 -9.300000e-02 -1.519223e+00 -5.294291e-01
-1.233000e+00 -9.300000e-02 -1.519223e+00 -5.294291e-01 -1.223000e+00 -9.300000e-02 -1.514080e+00 -5.244395e-01
-1.218000e+00 -9.800000e-02 -1.513880e+00 -5.243459e-01 -1.223000e+00 -9.300000e-02 -1.514080e+00 -5.244395e-01
-1.273000e+00 -8.300000e-02 -1.532586e+00 -5.440807e-01 -1.278000e+00 -7.800000e-02 -1.532111e+00 -5.436220e-01
-1.273000e+00 -8.300000e-02 -1.532586e+00 -5.440807e-01 -1.263000e+00 -8.300000e-02 -1.528338e+00 -5.391203e-01
-1.263000e+00 -8.300000e-02 -1.528338e+00 -5.391203e-01 -1.253000e+00 -8.300000e-02 -1.523865e+00 -5.341728e-01
-1.248000e+00 -8.800000e-02 -1.523983e+00 -5.344239e-01 -1.253000e+00 -8.300000e-02 -1.523865e+00 -5.341728e-01
-1.313000e+00 -7.300000e-02 -1.542367e+00 -5.572519e-01 -1.318000e+00 -6.800000e-02 -1.541553e+00 -5.561837e-01
-1.313000e+00 -7.300000e-02 -1.542367e+00 -5.572519e-01 -1.303000e+00 -7.300000e-02 -1.539059e+00 -5.525150e-01
-1.303000e+00 -7.300000e-02 -1.539059e+00 -5.525150e-01 -1.293000e+00 -7.300000e-02 -1.535507e+00 -5.477451e-01
-1.293000e+00 -7.300000e-02 -1.535507e+00 -5.477451e-01 -1.283000e+00 -7.300000e-02 -1.531719e+00 -5.429530e-01
-1.278000e+00 -7.800000e-02 -1.532111e+00 -5.436220e-01 -1.283000e+00 -7.300000e-02 -1.531719e+00 -5.429530e-01
-1.363000e+00 -6.300000e-02 -1.550889e+00 -5.722127e-01 -1.368000e+00 -5.800000e-02 -1.549805e+00 -5.702643e-01
-1.363000e+00 -6.300000e-02 -1.550889e+00 -5.722127e-01 -1.353000e+00 -6.300000e-02 -1.548749e+00 -5.680296e-01
-1.353000e+00 -6.300000e-02 -1.548749e+00 -5.680296e-01 -1.343000e+00 -6.300000e-02 -1.546362e+00 -5.637433e-01
-1.343000e+00 -6.300000e-02 -1.546362e+00 -5.637433e-01 -1.333000e+00 -6.300000e-02 -1.543730e+00 -5.593683e-01
-1.333000e+00 -6.300000e-02 -1.543730e+00 -5.593683e-01 -1.323000e+00 -6.300000e-02 -1.540855e+00 -5.549182e-01
-1.318000e+00 -6.800000e-02 -1.541553e+00 -5.561837e-01 -1.323000e+00 -6.300000e-02 -1.540855e+00 -5.549182e-01
-1.413000e+00 -5.300000e-02 -1.554680e+00 -5.821981e-01 -1.418000e+00 -4.800000e-02 -1.553602e+00 -5.792483e-01
-1.413000e+00 -5.300000e-02 -1.554680e+00 -5.821981e-01 -1.403000e+00 -5.300000e-02 -1.553562e+00 -5.789383e-01
-1.403000e+00 -5.300000e-02 -1.553562e+00 -5.789383e-01 -1.393000e+00 -5.300000e-02 -1.552225e+00 -5.755002e-01
-1.393000e+00 -5.300000e-02 -1.552225e+00 -5.755002e-01 -1.383000e+00 -5.300000e-02 -1.550664e+00 -5.718988e-01
-1.383000e+00 -5.300000e-02 -1.550664e+00 -5.718988e-01 -1.373000e+00 -5.300000e-02 -1.548875e+00 -5.681496e-01
-1.368000e+00 -5.800000e-02 -1.549805e+00 -5.702643e-01 -1.373000e+00 -5.300000e-02 -1.548875e+00 -5.681496e-01
-1.483000e+00 -4.300000e-02 -1.555716e+00 -5.889739e-01 -1.488000e+00 -3.800000e-02 -1.555106e+00 -5.846728e-01
-1.483000e+00 -4.300000e-02 -1.555716e+00 -5.889739e-01 -1.473000e+00 -4.300000e-02 -1.555583e+00 -5.874604e-01
-1.473000e+00 -4.300000e-02 -1.555583e+00 -5.874604e-01 -1.463000e+00 -4.300000e-02 -1.555320e+00 -5.856844e-01
-1.463000e+00 -4.300000e-02 -1.555320e+00 -5.856844e-01 -1.453000e+00 -4.300000e-02 -1.554913e+00 -5.836567e-01
-1.453000e+00 -4.300000e-02 -1.554913e+00 -5.836567e-01 -1.443000e+00 -4.300000e-02 -1.554348e+00 -5.813886e-01
-1.443000e+00 -4.300000e-02 -1.554348e+00 -5.813886e-01 -1.433000e+00 -4.300000e-02 -1.553613e+00 -5.788925e-01
-1.433000e+00 -4.300000e-02 -1.553613e+00 -5.788925e-01 -1.423000e+00 -4.300000e-02 -1.552699e+00 -5.761817e-01
-1.418000e+00 -4.800000e-02 -1.553602e+00 -5.792483e-01 -1.423000e+00 -4.300000e-02 -1.552699e+00 -5.761817e-01
-1.543000e+00 -3.300000e-02 -1.555075e+00 -5.821196e-01 -1.533000e+00 -3.300000e-02 -1.555073e+00 -5.823199e-01
-1.533000e+00 -3.300000e-02 -1.555073e+00 -5.823199e-01 -1.523000e+00 -3.300000e-02 -1.555049e+00 -5.822386e-01
-1.523000e+00 -3.300000e-02 -1.555049e+00 -5.822386e-01 -1.513000e+00 -3.300000e-02 -1.554983e+00 -5.818776e-01
-1.513000e+00 -3.300000e-02 -1.554983e+00 -5.818776e-01 -1.503000e+00 -3.300000e-02 -1.554860e+00 -5.812404e-01
-1.503000e+00 -3.300000e-02 -1.554860e+00 -5.812404e-01 -1.493000e+00 -3.300000e-02 -1.554663e+00 -5.803316e-01
-1.488000e+00 -3.800000e-02 -1.555106e+00 -5.846728e-01 -1.493000e+00 -3.300000e-02 -1.554663e+00 -5.803316e-01
-1.530895e+00 -3.879095e-01 -1.958875e+00 -4.251753e-01 -1.530895e+00 -3.879095e-01 -1.957163e+00 -4.745032e-01
-1.530895e+00 -3.879095e-01 -1.957163e+00 -4.745032e-01 -1.530895e+00 -3.879095e-01 -1.952218e+00 -5.216697e-01
-1.530895e+00 -3.879095e-01 -1.952218e+00 -5.216697e-01 -1.530895e+00 -3.879095e-01 -1.944388e+00 -5.661504e-01
-1.530895e+00 -3.879095e-01 -1.944388e+00 -5.661504e-01 -1.530895e+00 -3.879095e-01 -1.934053e+00 -6.076596e-01
-1.530895e+00 -3.879095e-01 -1.934053e+00 -6.076596e-01 -1.530895e+00 -3.879095e-01 -1.921579e+00 -6.460970e-01
-1.530895e+00 -3.879095e-01 -1.921579e+00 -6.460970e-01 -1.530895e+00 -3.879095e-01 -1.907293e+00 -6.814877e-01
-1.530895e+00 -3.879095e-01 -1.907293e+00 -6.814877e-01 -1.530895e+00 -3.879095e-01 -1.891482e+00 -7.139323e-01
-1.530895e+00 -3.879095e-01 -1.891482e+00 -7.139323e-01 -1.530895e+00 -3.879095e-01 -1.874383e+00 -7.435697e-01
-1.530895e+00 -3.879095e-01 -1.874383e+00 -7.435697e-01 -1.530895e+00 -3.879095e-01 -1.856193e+00 -7.705531e-01
-1.530895e+00 -3.879095e-01 -1.856193e+00 -7.705531e-01 -1.530895e+00 -3.879095e-01 -1.837076e+00 -7.950352e-01
-1.530895e+00 -3.879095e-01 -1.837076e+00 -7.950352e-01 -1.530895e+00 -3.879095e-01 -1.817164e+00 -8.171599e-01
-1.530895e+00 -3.879095e-01 -1.817164e+00 -8.171599e-01 -1.530895e+00 -3.879095e-01 -1.796568e+00 -8.370582e-01
-1.530895e+00 -3.879095e-01 -1.796568e+00 -8.370582e-01 -1.530895e+00 -3.879095e-01 -1.775377e+00 -8.548460e-01
-1.530895e+00 -3.879095e-01 -1.775377e+00 -8.548460e-01 -1.530895e+00 -3.879095e-01 -1.753668e+00 -8.706243e-01
-1.530895e+00 -3.879095e-01 -1.753668e+00 -8.706243e-01 -1.530895e+00 -3.879095e-01 -1.731502e+00 -8.844791e-01
-1.530895e+00 -3.879095e-01 -1.731502e+00 -8.844791e-01 -1.530895e+00 -3.879095e-01 -1.708934e+00 -8.964821e-01
-1.530895e+00 -3.879095e-01 -1.708934e+00 -8.964821e-01 -1.530895e+00 -3.879095e-01 -1.686009e+00 -9.066917e-01
-1.530895e+00 -3.879095e-01 -1.686009e+00 -9.066917e-01 -1.530895e+00 -3.879095e-01 -1.662766e+00 -9.151536e-01
-1.530895e+00 -3.879095e-01 -1.662766e+00 -9.151536e-01 -1.530895e+00 -3.879095e-01 -1.639238e+00 -9.219012e-01
-1.530895e+00 -3.879095e-01 -1.639238e+00 -9.219012e-01 -1.530895e+00 -3.879095e-01 -1.615457e+00 -9.269568e-01
-1.530895e+00 -3.879095e-01 -1.615457e+00 -9.269568e-01 -1.530895e+00 -3.879095e-01 -1.591450e+00 -9.303309e-01
-1.530895e+00 -3.879095e-01 -1.591450e+00 -9.303309e-01 -1.530895e+00 -3.879095e-01 -1.567242e+00 -9.320232e-01
-1.530895e+00 -3.879095e-01 -1.567242e+00 -9.320232e-01 -1.530895e+00 -3.879095e-01 -1.542858e+00 -9.320223e-01
-1.530895e+00 -3.879095e-01 -1.542858e+00 -9.320223e-01 -1.530895e+00 -3.879095e-01 -1.518323e+00 -9.303051e-01
-1.530895e+00 -3.879095e-01 -1.518323e+00 -9.303051e-01 -1.530895e+00 -3.879095e-01 -1.493659e+00 -9.268367e-01
-1.530895e+00 -3.879095e-01 -1.493659e+00 -9.268367e-01 -1.530895e+00 -3.879095e-01 -1.468894e+00 -9.215699e-01
-1.530895e+00 -3.879095e-01 -1.468894e+00 -9.215699e-01 -1.530895e+00 -3.879095e-01 -1.444055e+00 -9.144440e-01
-1.530895e+00 -3.879095e-01 -1.444055e+00 -9.144440e-01 -1.530895e+00 -3.879095e-01 -1.419175e+00 -9.053840e-01
-1.530895e+00 -3.879095e-01 -1.419175e+00 -9.053840e-01 -1.530895e+00 -3.879095e-01 -1.394290e+00 -8.942992e-01
-1.530895e+00 -3.879095e-01 -1.394290e+00 -8.942992e-01 -1.530895e+00 -3.879095e-01 -1.369444e+00 -8.810821e-01
-1.530895e+00 -3.879095e-01 -1.369444e+00 -8.810821e-01 -1.530895e+00 -3.879095e-01 -1.344692e+00 -8.656076e-01
-1.530895e+00 -3.879095e-01 -1.344692e+00 -8.656076e-01 -1.530895e+00 -3.879095e-01 -1.320100e+00 -8.477312e-01
-1.530895e+00 -3.879095e-01 -1.320100e+00 -8.477312e-01 -1.530895e+00 -3.879095e-01 -1.295752e+00 -8.272898e-01
-1.530895e+00 -3.879095e-01 -1.295752e+00 -8.272898e-01 -1.530895e+00 -3.879095e-01 -1.271756e+00 -8.041031e-01
-1.530895e+00 -3.879095e-01 -1.271756e+00 -8.041031e-01 -1.530895e+00 -3.879095e-01 -1.248247e+00 -7.779778e-01
-1.530895e+00 -3.879095e-01 -1.248247e+00 -7.779778e-01 -1.530895e+00 -3.879095e-01 -1.225402e+00 -7.487172e-01
-1.530895e+00 -3.879095e-01 -1.225402e+00 -7.487172e-01 -1.530895e+00 -3.879095e-01 -1.203443e+00 -7.161384e-01
-1.530895e+00 -3.879095e-01 -1.203443e+00 -7.161384e-01 -1.530895e+00 -3.879095e-01 -1.182653e+00 -6.801013e-01
-1.530895e+00 -3.879095e-01 -1.182653e+00 -6.801013e-01 -1.530895e+00 -3.879095e-01 -1.163379e+00 -6.405516e-01
-1.530895e+00 -3.879095e-01 -1.163379e+00 -6.405516e-01 -1.530895e+00 -3.879095e-01 -1.146031e+00 -5.975795e-01
-1.530895e+00 -3.879095e-01 -1.146031e+00 -5.975795e-01 -1.530895e+00 -3.879095e-01 -1.131066e+00 -5.514850e-01
-1.530895e+00 -3.879095e-01 -1.131066e+00 -5.514850e-01 -1.530895e+00 -3.879095e-01 -1.118943e+00 -5.028300e-01
-1.530895e+00 -3.879095e-01 -1.118943e+00 -5.028300e-01 -1.530895e+00 -3.879095e-01 -1.110062e+00 -4.524429e-01
-1.530895e+00 -3.879095e-01 -1.110062e+00 -4.524429e-01 -1.530895e+00 -3.879095e-01 -1.104691e+00 -4.013509e-01
-1.530895e+00 -3.879095e-01 -1.104691e+00 -4.013509e-01 -1.530895e+00 -3.879095e-01 -1.102914e+00 -3.506436e-01
-1.530895e+00 -3.879095e-01 -1.102914e+00 -3.506436e-01 -1.530895e+00 -3.879095e-01 -1.104627e+00 -3.013157e-01
-1.530895e+00 -3.879095e-01 -1.104627e+00 -3.013157e-01 -1.530895e+00 -3.879095e-01 -1.109572e+00 -2.541492e-01
-1.530895e+00 -3.879095e-01 -1.109572e+00 -2.541492e-01 -1.530895e+00 -3.879095e-01 -1.117401e+00 -2.096685e-01
-1.530895e+00 -3.879095e-01 -1.117401e+00 -2.096685e-01 -1.530895e+00 -3.879095e-01 -1.127736e+00 -1.681593e-01
-1.530895e+00 -3.879095e-01 -1.127736e+00 -1.681593e-01 -1.530895e+00 -3.879095e-01 -1.140211e+00 -1.297220e-01
-1.530895e+00 -3.879095e-01 -1.140211e+00 -1.297220e-01 -1.530895e+00 -3.879095e-01 -1.154496e+00 -9.433125e-02
-1.530895e+00 -3.879095e-01 -1.154496e+00 -9.433125e-02 -1.530895e+00 -3.879095e-01 -1.170308e+00 -6.188665e-02
-1.530895e+00 -3.879095e-01 -1.170308e+00 -6.188665e-02 -1.530895e+00 -3.879095e-01 -1.187407e+00 -3.224924e-02
-1.530895e+00 -3.879095e-01 -1.187407e+00 -3.224924e-02 -1.530895e+00 -3.879095e-01 -1.205596e+00 -5.265844e-03
-1.530895e+00 -3.879095e-01 -1.205596e+00 -5.265844e-03 -1.530895e+00 -3.879095e-01 -1.224714e+00 1.921626e-02
-1.530895e+00 -3.879095e-01 -1.224714e+00 1.921626e-02 -1.530895e+00 -3.879095e-01 -1.244625e+00 4.134100e-02
-1.530895e+00 -3.879095e-01 -1.244625e+00 4.134100e-02 -1.530895e+00 -3.879095e-01 -1.265222e+00 6.123925e-02
-1.530895e+00 -3.879095e-01 -1.265222e+00 6.123925e-02 -1.530895e+00 -3.879095e-01 -1.286412e+00 7.902709e-02
-1.530895e+00 -3.879095e-01 -1.286412e+00 7.902709e-02 -1.530895e+00 -3.879095e-01 -1.308122e+00 9.480541e-02
-1.530895e+00 -3.879095e-01 -1.308122e+00 9.480541e-02 -1.530895e+00 -3.879095e-01 -1.330287e+00 1.086602e-01
-1.530895e+00 -3.879095e-01 -1.330287e+00 1.086602e-01 -1.530895e+00 -3.879095e-01 -1.352855e+00 1.206632e-01
-1.530895e+00 -3.879095e-01 -1.352855e+00 1.206632e-01 -1.530895e+00 -3.879095e-01 -1.375780e+00 1.308728e-01
-1.530895e+00 -3.879095e-01 -1.375780e+00 1.308728e-01 -1.530895e+00 -3.879095e-01 -1.399024e+00 1.393346e-01
-1.530895e+00 -3.879095e-01 -1.399024e+00 1.393346e-01 -1.530895e+00 -3.879095e-01 -1.422551e+00 1.460823e-01
-1.530895e+00 -3.879095e-01 -1.422551e+00 1.460823e-01 -1.530895e+00 -3.879095e-01 -1.446332e+00 1.511378e-01
-1.530895e+00 -3.879095e-01 -1.446332e+00 1.511378e-01 -1.530895e+00 -3.879095e-01 -1.470340e+00 1.545119e-01
-1.530895e+00 -3.879095e-01 -1.470340e+00 1.545119e-01 -1.530895e+00 -3.879095e-01 -1.494547e+00 1.562043e-01
-1.530895e+00 -3.879095e-01 -1.494547e+00 1.562043e-01 -1.530895e+00 -3.879095e-01 -1.518931e+00 1.562034e-01
-1.530895e+00 -3.879095e-01 -1.518931e+00 1.562034e-01 -1.530895e+00 -3.879095e-01 -1.543467e+00 1.544861e-01
-1.530895e+00 -3.879095e-01 -1.543467e+00 1.544861e-01 -1.530895e+00 -3.879095e-01 -1.568130e+00 1.510178e-01
-1.530895e+00 -3.879095e-01 -1.568130e+00 1.510178e-01 -1.530895e+00 -3.879095e-01 -1.592896e+00 1.457510e-01
-1.530895e+00 -3.879095e-01 -1.592896e+00 1.457510e-01 -1.530895e+00 -3.879095e-01 -1.617734e+00 1.386251e-01
-1.530895e+00 -3.879095e-01 -1.617734e+00 1.386251e-01 -1.530895e+00 -3.879095e-01 -1.642615e+00 1.295650e-01
-1.530895e+00 -3.879095e-01 -1.642615e+00 1.295650e-01 -1.530895e+00 -3.879095e-01 -1.667500e+00 1.184802e-01
-1.530895e+00 -3.879095e-01 -1.667500e+00 1.184802e-01 -1.530895e+00 -3.879095e-01 -1.692345e+00 1.052632e-01
-1.530895e+00 -3.879095e-01 -1.692345e+00 1.052632e-01 -1.530895e+00 -3.879095e-01 -1.717097e+00 8.978862e-02
-1.530895e+00 -3.879095e-01 -1.717097e+00 8.978862e-02 -1.530895e+00 -3.879095e-01 -1.741689e+00 7.191222e-02
-1.530895e+00 -3.879095e-01 -1.741689e+00 7.191222e-02 -1.530895e+00 -3.879095e-01 -1.766037e+00 5.147088e-02
-1.530895e+00 -3.879095e-01 -1.766037e+00 5.147088e-02 -1.530895e+00 -3.879095e-01 -1.790034e+00 2.828417e-02
-1.530895e+00 -3.879095e-01 -1.790034e+00 2.828417e-02 -1.530895e+00 -3.879095e-01 -1.813542e+00 2.158847e-03
-1.530895e+00 -3.879095e-01 -1.813542e+00 2.158847e-03 -1.530895e+00 -3.879095e-01 -1.836388e+00 -2.710177e-02
-1.530895e+00 -3.879095e-01 -1.836388e+00 -2.710177e-02 -1.530895e+00 -3.879095e-01 -1.858347e+00 -5.968049e-02
-1.530895e+00 -3.879095e-01 -1.858347e+00 -5.968049e-02 -1.530895e+00 -3.879095e-01 -1.879137e+00 -9.571759e-02
-1.530895e+00 -3.879095e-01 -1.879137e+00 -9.571759e-02 -1.530895e+00 -3.879095e-01 -1.898411e+00 -1.352673e-01
-1.530895e+00 -3.879095e-01 -1.898411e+00 -1.352673e-01 -1.530895e+00 -3.879095e-01 -1.915759e+00 -1.782395e-01
-1.530895e+00 -3.879095e-01 -1.915759e+00 -1.782395e-01 -1.530895e+00 -3.879095e-01 -1.930724e+00 -2.243339e-01
-1.530895e+00 -3.879095e-01 -1.930724e+00 -2.243339e-01 -1.530895e+00 -3.879095e-01 -1.942846e+00 -2.729890e-01
-1.530895e+00 -3.879095e-01 -1.942846e+00 -2.729890e-01 -1.530895e+00 -3.879095e-01 -1.951727e+00 -3.233761e-01
-1.530895e+00 -3.879095e-01 -1.951727e+00 -3.233761e-01 -1.530895e+00 -3.879095e-01 -1.957098e+00 -3.744680e-01
-1.530895e+00 -3.879095e-01 -1.957098e+00 -3.744680e-01 -1.530895e+00 -3.879095e-01 -1.958875e+00 -4.251753e-01
