-7.300000e-01 -1.942000e+00 -2.231456e-01 -1.590316e+00 -7.300000e-01 -1.932000e+00 -2.196449e-01 -1.581761e+00
-1.500000e-01 -1.942000e+00 -6.048700e-01 -1.514574e+00 -1.500000e-01 -1.932000e+00 -6.071913e-01 -1.505141e+00
-7.300000e-01 -1.932000e+00 -2.196449e-01 -1.581761e+00 -7.300000e-01 -1.922000e+00 -2.161181e-01 -1.573234e+00
-1.500000e-01 -1.932000e+00 -6.071913e-01 -1.505141e+00 -1.500000e-01 -1.922000e+00 -6.095460e-01 -1.495723e+00
-7.300000e-01 -1.922000e+00 -2.161181e-01 -1.573234e+00 -7.300000e-01 -1.912000e+00 -2.125649e-01 -1.564735e+00
-1.500000e-01 -1.922000e+00 -6.095460e-01 -1.495723e+00 -1.450000e-01 -1.917000e+00 -6.105242e-01 -1.492215e+00
-1.450000e-01 -1.917000e+00 -6.105242e-01 -1.492215e+00 -1.400000e-01 -1.912000e+00 -6.113516e-01 -1.488738e+00
-7.300000e-01 -1.912000e+00 -2.125649e-01 -1.564735e+00 -7.300000e-01 -1.902000e+00 -2.089853e-01 -1.556265e+00
-1.400000e-01 -1.912000e+00 -6.113516e-01 -1.488738e+00 -1.400000e-01 -1.902000e+00 -6.138004e-01 -1.479386e+00
-7.300000e-01 -1.902000e+00 -2.089853e-01 -1.556265e+00 -7.300000e-01 -1.892000e+00 -2.053790e-01 -1.547824e+00
-1.400000e-01 -1.902000e+00 -6.138004e-01 -1.479386e+00 -1.400000e-01 -1.892000e+00 -6.162844e-01 -1.470050e+00
-7.300000e-01 -1.892000e+00 -2.053790e-01 -1.547824e+00 -7.300000e-01 -1.882000e+00 -2.017458e-01 -1.539414e+00
-1.400000e-01 -1.892000e+00 -6.162844e-01 -1.470050e+00 -1.400000e-01 -1.882000e+00 -6.188045e-01 -1.460733e+00
-7.300000e-01 -1.882000e+00 -2.017458e-01 -1.539414e+00 -7.300000e-01 -1.872000e+00 -1.980855e-01 -1.531036e+00
-1.400000e-01 -1.882000e+00 -6.188045e-01 -1.460733e+00 -1.400000e-01 -1.872000e+00 -6.213613e-01 -1.451434e+00
-7.300000e-01 -1.872000e+00 -1.980855e-01 -1.531036e+00 -7.300000e-01 -1.862000e+00 -1.943981e-01 -1.522689e+00
-1.400000e-01 -1.872000e+00 -6.213613e-01 -1.451434e+00 -1.400000e-01 -1.862000e+00 -6.239556e-01 -1.442153e+00
-7.300000e-01 -1.862000e+00 -1.943981e-01 -1.522689e+00 -7.300000e-01 -1.852000e+00 -1.906832e-01 -1.514376e+00
-1.400000e-01 -1.862000e+00 -6.239556e-01 -1.442153e+00 -1.400000e-01 -1.852000e+00 -6.265882e-01 -1.432893e+00
-7.300000e-01 -1.852000e+00 -1.906832e-01 -1.514376e+00 -7.300000e-01 -1.842000e+00 -1.869408e-01 -1.506096e+00
-1.400000e-01 -1.852000e+00 -6.265882e-01 -1.432893e+00 -1.350000e-01 -1.847000e+00 -6.276224e-01 -1.429609e+00
-1.350000e-01 -1.847000e+00 -6.276224e-01 -1.429609e+00 -1.300000e-01 -1.842000e+00 -6.284983e-01 -1.426354e+00
-7.300000e-01 -1.842000e+00 -1.869408e-01 -1.506096e+00 -7.250000e-01 -1.837000e+00 -1.841044e-01 -1.500089e+00
-7.250000e-01 -1.837000e+00 -1.841044e-01 -1.500089e+00 -7.200000e-01 -1.832000e+00 -1.814087e-01 -1.494046e+00
-1.300000e-01 -1.842000e+00 -6.284983e-01 -1.426354e+00 -1.300000e-01 -1.832000e+00 -6.312285e-01 -1.417175e+00
-7.200000e-01 -1.832000e+00 -1.814087e-01 -1.494046e+00 -7.200000e-01 -1.822000e+00 -1.775658e-01 -1.485808e+00
-1.300000e-01 -1.832000e+00 -6.312285e-01 -1.417175e+00 -1.300000e-01 -1.822000e+00 -6.339988e-01 -1.408020e+00
-7.200000e-01 -1.822000e+00 -1.775658e-01 -1.485808e+00 -7.200000e-01 -1.812000e+00 -1.736937e-01 -1.477608e+00
-1.300000e-01 -1.822000e+00 -6.339988e-01 -1.408020e+00 -1.300000e-01 -1.812000e+00 -6.368103e-01 -1.398888e+00
-7.200000e-01 -1.812000e+00 -1.736937e-01 -1.477608e+00 -7.200000e-01 -1.802000e+00 -1.697920e-01 -1.469445e+00
-1.300000e-01 -1.812000e+00 -6.368103e-01 -1.398888e+00 -1.300000e-01 -1.802000e+00 -6.396638e-01 -1.389780e+00
-7.200000e-01 -1.802000e+00 -1.697920e-01 -1.469445e+00 -7.200000e-01 -1.792000e+00 -1.658609e-01 -1.461321e+00
-1.300000e-01 -1.802000e+00 -6.396638e-01 -1.389780e+00 -1.300000e-01 -1.792000e+00 -6.425601e-01 -1.380699e+00
-7.200000e-01 -1.792000e+00 -1.658609e-01 -1.461321e+00 -7.200000e-01 -1.782000e+00 -1.618999e-01 -1.453237e+00
-1.300000e-01 -1.792000e+00 -6.425601e-01 -1.380699e+00 -1.300000e-01 -1.782000e+00 -6.455002e-01 -1.371643e+00
-7.200000e-01 -1.782000e+00 -1.618999e-01 -1.453237e+00 -7.200000e-01 -1.772000e+00 -1.579091e-01 -1.445194e+00
-1.300000e-01 -1.782000e+00 -6.455002e-01 -1.371643e+00 -1.250000e-01 -1.777000e+00 -6.465747e-01 -1.368622e+00
-1.250000e-01 -1.777000e+00 -6.465747e-01 -1.368622e+00 -1.200000e-01 -1.772000e+00 -6.474826e-01 -1.365629e+00
-7.200000e-01 -1.772000e+00 -1.579091e-01 -1.445194e+00 -7.200000e-01 -1.762000e+00 -1.538883e-01 -1.437193e+00
-1.200000e-01 -1.772000e+00 -6.474826e-01 -1.365629e+00 -1.200000e-01 -1.762000e+00 -6.505224e-01 -1.356675e+00
-7.200000e-01 -1.762000e+00 -1.538883e-01 -1.437193e+00 -7.200000e-01 -1.752000e+00 -1.498375e-01 -1.429236e+00
-1.200000e-01 -1.762000e+00 -6.505224e-01 -1.356675e+00 -1.200000e-01 -1.752000e+00 -6.536078e-01 -1.347753e+00
-7.200000e-01 -1.752000e+00 -1.498375e-01 -1.429236e+00 -7.200000e-01 -1.742000e+00 -1.457565e-01 -1.421325e+00
-1.200000e-01 -1.752000e+00 -6.536078e-01 -1.347753e+00 -1.200000e-01 -1.742000e+00 -6.567399e-01 -1.338863e+00
-7.200000e-01 -1.742000e+00 -1.457565e-01 -1.421325e+00 -7.200000e-01 -1.732000e+00 -1.416453e-01 -1.413459e+00
-1.200000e-01 -1.742000e+00 -6.567399e-01 -1.338863e+00 -1.200000e-01 -1.732000e+00 -6.599195e-01 -1.330006e+00
-7.200000e-01 -1.732000e+00 -1.416453e-01 -1.413459e+00 -7.200000e-01 -1.722000e+00 -1.375038e-01 -1.405641e+00
-1.200000e-01 -1.732000e+00 -6.599195e-01 -1.330006e+00 -1.200000e-01 -1.722000e+00 -6.631477e-01 -1.321184e+00
-7.200000e-01 -1.722000e+00 -1.375038e-01 -1.405641e+00 -7.200000e-01 -1.712000e+00 -1.333321e-01 -1.397872e+00
-1.200000e-01 -1.722000e+00 -6.631477e-01 -1.321184e+00 -1.200000e-01 -1.712000e+00 -6.664255e-01 -1.312398e+00
-7.200000e-01 -1.712000e+00 -1.333321e-01 -1.397872e+00 -7.200000e-01 -1.702000e+00 -1.291302e-01 -1.390153e+00
-1.200000e-01 -1.712000e+00 -6.664255e-01 -1.312398e+00 -1.200000e-01 -1.702000e+00 -6.697538e-01 -1.303650e+00
-7.200000e-01 -1.702000e+00 -1.291302e-01 -1.390153e+00 -7.200000e-01 -1.692000e+00 -1.248979e-01 -1.382487e+00
-1.200000e-01 -1.702000e+00 -6.697538e-01 -1.303650e+00 -1.150000e-01 -1.697000e+00 -6.708701e-01 -1.300985e+00
-1.150000e-01 -1.697000e+00 -6.708701e-01 -1.300985e+00 -1.100000e-01 -1.692000e+00 -6.718079e-01 -1.298345e+00
-7.200000e-01 -1.692000e+00 -1.248979e-01 -1.382487e+00 -7.200000e-01 -1.682000e+00 -1.206357e-01 -1.374875e+00
-1.100000e-01 -1.692000e+00 -6.718079e-01 -1.298345e+00 -1.100000e-01 -1.682000e+00 -6.752361e-01 -1.289729e+00
-7.200000e-01 -1.682000e+00 -1.206357e-01 -1.374875e+00 -7.200000e-01 -1.672000e+00 -1.163433e-01 -1.367318e+00
-1.100000e-01 -1.682000e+00 -6.752361e-01 -1.289729e+00 -1.100000e-01 -1.672000e+00 -6.787163e-01 -1.281157e+00
-7.200000e-01 -1.672000e+00 -1.163433e-01 -1.367318e+00 -7.200000e-01 -1.662000e+00 -1.120211e-01 -1.359818e+00
-1.100000e-01 -1.672000e+00 -6.787163e-01 -1.281157e+00 -1.100000e-01 -1.662000e+00 -6.822498e-01 -1.272630e+00
-7.200000e-01 -1.662000e+00 -1.120211e-01 -1.359818e+00 -7.200000e-01 -1.652000e+00 -1.076692e-01 -1.352377e+00
-1.100000e-01 -1.662000e+00 -6.822498e-01 -1.272630e+00 -1.100000e-01 -1.652000e+00 -6.858373e-01 -1.264150e+00
-7.200000e-01 -1.652000e+00 -1.076692e-01 -1.352377e+00 -7.200000e-01 -1.642000e+00 -1.032878e-01 -1.344996e+00
-1.100000e-01 -1.652000e+00 -6.858373e-01 -1.264150e+00 -1.100000e-01 -1.642000e+00 -6.894799e-01 -1.255720e+00
-7.200000e-01 -1.642000e+00 -1.032878e-01 -1.344996e+00 -7.200000e-01 -1.632000e+00 -9.887722e-02 -1.337679e+00
-1.100000e-01 -1.642000e+00 -6.894799e-01 -1.255720e+00 -1.100000e-01 -1.632000e+00 -6.931787e-01 -1.247341e+00
-7.200000e-01 -1.632000e+00 -9.887722e-02 -1.337679e+00 -7.200000e-01 -1.622000e+00 -9.443781e-02 -1.330426e+00
-1.100000e-01 -1.632000e+00 -6.931787e-01 -1.247341e+00 -1.100000e-01 -1.622000e+00 -6.969347e-01 -1.239016e+00
-7.200000e-01 -1.622000e+00 -9.443781e-02 -1.330426e+00 -7.200000e-01 -1.612000e+00 -8.996996e-02 -1.323240e+00
-1.100000e-01 -1.622000e+00 -6.969347e-01 -1.239016e+00 -1.100000e-01 -1.612000e+00 -7.007488e-01 -1.230748e+00
-7.200000e-01 -1.612000e+00 -8.996996e-02 -1.323240e+00 -7.200000e-01 -1.602000e+00 -8.547410e-02 -1.316123e+00
-1.100000e-01 -1.612000e+00 -7.007488e-01 -1.230748e+00 -1.050000e-01 -1.607000e+00 -7.018769e-01 -1.228580e+00
-1.050000e-01 -1.607000e+00 -7.018769e-01 -1.228580e+00 -1.000000e-01 -1.602000e+00 -7.028098e-01 -1.226429e+00
-7.200000e-01 -1.602000e+00 -8.547410e-02 -1.316123e+00 -7.200000e-01 -1.592000e+00 -8.095083e-02 -1.309076e+00
-1.000000e-01 -1.602000e+00 -7.028098e-01 -1.226429e+00 -1.000000e-01 -1.592000e+00 -7.067166e-01 -1.218339e+00
-7.200000e-01 -1.592000e+00 -8.095083e-02 -1.309076e+00 -7.200000e-01 -1.582000e+00 -7.640073e-02 -1.302104e+00
-1.000000e-01 -1.592000e+00 -7.067166e-01 -1.218339e+00 -1.000000e-01 -1.582000e+00 -7.106819e-01 -1.210315e+00
-7.200000e-01 -1.582000e+00 -7.640073e-02 -1.302104e+00 -7.150000e-01 -1.577000e+00 -7.248732e-02 -1.296367e+00
-7.150000e-01 -1.577000e+00 -7.248732e-02 -1.296367e+00 -7.100000e-01 -1.572000e+00 -6.869563e-02 -1.290571e+00
-1.000000e-01 -1.582000e+00 -7.106819e-01 -1.210315e+00 -1.000000e-01 -1.572000e+00 -7.147065e-01 -1.202358e+00
-7.100000e-01 -1.572000e+00 -6.869563e-02 -1.290571e+00 -7.100000e-01 -1.562000e+00 -6.399961e-02 -1.283725e+00
-1.000000e-01 -1.572000e+00 -7.147065e-01 -1.202358e+00 -1.000000e-01 -1.562000e+00 -7.187911e-01 -1.194473e+00
-7.100000e-01 -1.562000e+00 -6.399961e-02 -1.283725e+00 -7.100000e-01 -1.552000e+00 -5.927619e-02 -1.276961e+00
-1.000000e-01 -1.562000e+00 -7.187911e-01 -1.194473e+00 -1.000000e-01 -1.552000e+00 -7.229365e-01 -1.186661e+00
-7.100000e-01 -1.552000e+00 -5.927619e-02 -1.276961e+00 -7.100000e-01 -1.542000e+00 -5.452653e-02 -1.270281e+00
-1.000000e-01 -1.552000e+00 -7.229365e-01 -1.186661e+00 -1.000000e-01 -1.542000e+00 -7.271435e-01 -1.178928e+00
-7.100000e-01 -1.542000e+00 -5.452653e-02 -1.270281e+00 -7.100000e-01 -1.532000e+00 -4.975148e-02 -1.263687e+00
-1.000000e-01 -1.542000e+00 -7.271435e-01 -1.178928e+00 -1.000000e-01 -1.532000e+00 -7.314127e-01 -1.171275e+00
-7.100000e-01 -1.532000e+00 -4.975148e-02 -1.263687e+00 -7.100000e-01 -1.522000e+00 -4.495218e-02 -1.257184e+00
-1.000000e-01 -1.532000e+00 -7.314127e-01 -1.171275e+00 -9.500000e-02 -1.527000e+00 -7.324369e-01 -1.169657e+00
-9.500000e-02 -1.527000e+00 -7.324369e-01 -1.169657e+00 -9.000000e-02 -1.522000e+00 -7.332498e-01 -1.168044e+00
-7.100000e-01 -1.522000e+00 -4.495218e-02 -1.257184e+00 -7.100000e-01 -1.512000e+00 -4.012998e-02 -1.250773e+00
-9.000000e-02 -1.522000e+00 -7.332498e-01 -1.168044e+00 -9.000000e-02 -1.512000e+00 -7.375887e-01 -1.160626e+00
-7.100000e-01 -1.512000e+00 -4.012998e-02 -1.250773e+00 -7.100000e-01 -1.502000e+00 -3.528627e-02 -1.244457e+00
-9.000000e-02 -1.512000e+00 -7.375887e-01 -1.160626e+00 -9.000000e-02 -1.502000e+00 -7.419872e-01 -1.153302e+00
-7.100000e-01 -1.502000e+00 -3.528627e-02 -1.244457e+00 -7.100000e-01 -1.492000e+00 -3.042265e-02 -1.238240e+00
-9.000000e-02 -1.502000e+00 -7.419872e-01 -1.153302e+00 -9.000000e-02 -1.492000e+00 -7.464453e-01 -1.146075e+00
-7.100000e-01 -1.492000e+00 -3.042265e-02 -1.238240e+00 -7.100000e-01 -1.482000e+00 -2.554091e-02 -1.232125e+00
-9.000000e-02 -1.492000e+00 -7.464453e-01 -1.146075e+00 -9.000000e-02 -1.482000e+00 -7.509629e-01 -1.138950e+00
-7.100000e-01 -1.482000e+00 -2.554091e-02 -1.232125e+00 -7.100000e-01 -1.472000e+00 -2.064284e-02 -1.226116e+00
-9.000000e-02 -1.482000e+00 -7.509629e-01 -1.138950e+00 -9.000000e-02 -1.472000e+00 -7.555400e-01 -1.131932e+00
-7.100000e-01 -1.472000e+00 -2.064284e-02 -1.226116e+00 -7.100000e-01 -1.462000e+00 -1.573070e-02 -1.220214e+00
-9.000000e-02 -1.472000e+00 -7.555400e-01 -1.131932e+00 -9.000000e-02 -1.462000e+00 -7.601761e-01 -1.125025e+00
-7.100000e-01 -1.462000e+00 -1.573070e-02 -1.220214e+00 -7.100000e-01 -1.452000e+00 -1.080682e-02 -1.214425e+00
-9.000000e-02 -1.462000e+00 -7.601761e-01 -1.125025e+00 -9.000000e-02 -1.452000e+00 -7.648707e-01 -1.118235e+00
-7.100000e-01 -1.452000e+00 -1.080682e-02 -1.214425e+00 -7.100000e-01 -1.442000e+00 -5.873761e-03 -1.208750e+00
-9.000000e-02 -1.452000e+00 -7.648707e-01 -1.118235e+00 -9.000000e-02 -1.442000e+00 -7.696230e-01 -1.111568e+00
-7.100000e-01 -1.442000e+00 -5.873761e-03 -1.208750e+00 -7.100000e-01 -1.432000e+00 -9.342647e-04 -1.203195e+00
-9.000000e-02 -1.442000e+00 -7.696230e-01 -1.111568e+00 -8.500000e-02 -1.437000e+00 -7.703693e-01 -1.110702e+00
-8.500000e-02 -1.437000e+00 -7.703693e-01 -1.110702e+00 -8.000000e-02 -1.432000e+00 -7.708849e-01 -1.109815e+00
-7.100000e-01 -1.432000e+00 -9.342647e-04 -1.203195e+00 -7.100000e-01 -1.422000e+00 4.008570e-03 -1.197761e+00
-8.000000e-02 -1.432000e+00 -7.708849e-01 -1.109815e+00 -8.000000e-02 -1.422000e+00 -7.756465e-01 -1.103460e+00
-7.100000e-01 -1.422000e+00 4.008570e-03 -1.197761e+00 -7.100000e-01 -1.412000e+00 8.951225e-03 -1.192453e+00
-8.000000e-02 -1.422000e+00 -7.756465e-01 -1.103460e+00 -8.000000e-02 -1.412000e+00 -7.804559e-01 -1.097244e+00
-7.100000e-01 -1.412000e+00 8.951225e-03 -1.192453e+00 -7.100000e-01 -1.402000e+00 1.389030e-02 -1.187275e+00
-8.000000e-02 -1.412000e+00 -7.804559e-01 -1.097244e+00 -8.000000e-02 -1.402000e+00 -7.853109e-01 -1.091172e+00
-7.100000e-01 -1.402000e+00 1.389030e-02 -1.187275e+00 -7.100000e-01 -1.392000e+00 1.882169e-02 -1.182230e+00
-8.000000e-02 -1.402000e+00 -7.853109e-01 -1.091172e+00 -8.000000e-02 -1.392000e+00 -7.902090e-01 -1.085250e+00
-7.100000e-01 -1.392000e+00 1.882169e-02 -1.182230e+00 -7.050000e-01 -1.387000e+00 2.390502e-02 -1.177316e+00
-7.050000e-01 -1.387000e+00 2.390502e-02 -1.177316e+00 -7.000000e-01 -1.382000e+00 2.891772e-02 -1.172329e+00
-8.000000e-02 -1.392000e+00 -7.902090e-01 -1.085250e+00 -8.000000e-02 -1.382000e+00 -7.951473e-01 -1.079485e+00
-7.000000e-01 -1.382000e+00 2.891772e-02 -1.172329e+00 -7.000000e-01 -1.372000e+00 3.398376e-02 -1.167577e+00
-8.000000e-02 -1.382000e+00 -7.951473e-01 -1.079485e+00 -8.000000e-02 -1.372000e+00 -8.001222e-01 -1.073884e+00
-7.000000e-01 -1.372000e+00 3.398376e-02 -1.167577e+00 -7.000000e-01 -1.362000e+00 3.903191e-02 -1.162974e+00
-8.000000e-02 -1.372000e+00 -8.001222e-01 -1.073884e+00 -8.000000e-02 -1.362000e+00 -8.051300e-01 -1.068453e+00
-7.000000e-01 -1.362000e+00 3.903191e-02 -1.162974e+00 -7.000000e-01 -1.352000e+00 4.405682e-02 -1.158523e+00
-8.000000e-02 -1.362000e+00 -8.051300e-01 -1.068453e+00 -8.000000e-02 -1.352000e+00 -8.101661e-01 -1.063200e+00
-7.000000e-01 -1.352000e+00 4.405682e-02 -1.158523e+00 -7.000000e-01 -1.342000e+00 4.905241e-02 -1.154229e+00
-8.000000e-02 -1.352000e+00 -8.101661e-01 -1.063200e+00 -8.000000e-02 -1.342000e+00 -8.152256e-01 -1.058132e+00
-7.000000e-01 -1.342000e+00 4.905241e-02 -1.154229e+00 -7.000000e-01 -1.332000e+00 5.401229e-02 -1.150094e+00
-8.000000e-02 -1.342000e+00 -8.152256e-01 -1.058132e+00 -7.500000e-02 -1.337000e+00 -8.152791e-01 -1.058231e+00
-7.500000e-02 -1.337000e+00 -8.152791e-01 -1.058231e+00 -7.000000e-02 -1.332000e+00 -8.150897e-01 -1.058256e+00
-7.000000e-01 -1.332000e+00 5.401229e-02 -1.150094e+00 -7.000000e-01 -1.322000e+00 5.892973e-02 -1.146121e+00
-7.000000e-02 -1.332000e+00 -8.150897e-01 -1.058256e+00 -7.000000e-02 -1.322000e+00 -8.200097e-01 -1.053584e+00
-7.000000e-01 -1.322000e+00 5.892973e-02 -1.146121e+00 -7.000000e-01 -1.312000e+00 6.379740e-02 -1.142315e+00
-7.000000e-02 -1.322000e+00 -8.200097e-01 -1.053584e+00 -7.000000e-02 -1.312000e+00 -8.249267e-01 -1.049110e+00
-7.000000e-01 -1.312000e+00 6.379740e-02 -1.142315e+00 -7.000000e-01 -1.302000e+00 6.860738e-02 -1.138677e+00
-7.000000e-02 -1.312000e+00 -8.249267e-01 -1.049110e+00 -7.000000e-02 -1.302000e+00 -8.298329e-01 -1.044843e+00
-7.000000e-01 -1.302000e+00 6.860738e-02 -1.138677e+00 -7.000000e-01 -1.292000e+00 7.335137e-02 -1.135211e+00
-7.000000e-02 -1.302000e+00 -8.298329e-01 -1.044843e+00 -7.000000e-02 -1.292000e+00 -8.347197e-01 -1.040788e+00
-7.000000e-01 -1.292000e+00 7.335137e-02 -1.135211e+00 -7.000000e-01 -1.282000e+00 7.802068e-02 -1.131918e+00
-7.000000e-02 -1.292000e+00 -8.347197e-01 -1.040788e+00 -7.000000e-02 -1.282000e+00 -8.395775e-01 -1.036952e+00
-7.000000e-01 -1.282000e+00 7.802068e-02 -1.131918e+00 -7.000000e-01 -1.272000e+00 8.260589e-02 -1.128799e+00
-7.000000e-02 -1.282000e+00 -8.395775e-01 -1.036952e+00 -7.000000e-02 -1.272000e+00 -8.443960e-01 -1.033340e+00
-7.000000e-01 -1.272000e+00 8.260589e-02 -1.128799e+00 -7.000000e-01 -1.262000e+00 8.709733e-02 -1.125856e+00
-7.000000e-02 -1.272000e+00 -8.443960e-01 -1.033340e+00 -7.000000e-02 -1.262000e+00 -8.491640e-01 -1.029958e+00
-7.000000e-01 -1.262000e+00 8.709733e-02 -1.125856e+00 -7.000000e-01 -1.252000e+00 9.148465e-02 -1.123090e+00
-7.000000e-02 -1.262000e+00 -8.491640e-01 -1.029958e+00 -7.000000e-02 -1.252000e+00 -8.538690e-01 -1.026810e+00
-7.000000e-01 -1.252000e+00 9.148465e-02 -1.123090e+00 -7.000000e-01 -1.242000e+00 9.575729e-02 -1.120500e+00
-7.000000e-02 -1.252000e+00 -8.538690e-01 -1.026810e+00 -7.000000e-02 -1.242000e+00 -8.584984e-01 -1.023902e+00
-7.000000e-01 -1.242000e+00 9.575729e-02 -1.120500e+00 -6.950000e-01 -1.237000e+00 1.016973e-01 -1.117220e+00
-6.950000e-01 -1.237000e+00 1.016973e-01 -1.117220e+00 -6.900000e-01 -1.232000e+00 1.076464e-01 -1.113905e+00
-7.000000e-02 -1.242000e+00 -8.584984e-01 -1.023902e+00 -7.000000e-02 -1.232000e+00 -8.630378e-01 -1.021236e+00
-6.900000e-01 -1.232000e+00 1.076464e-01 -1.113905e+00 -6.900000e-01 -1.222000e+00 1.118566e-01 -1.111807e+00
-7.000000e-02 -1.232000e+00 -8.630378e-01 -1.021236e+00 -6.500000e-02 -1.227000e+00 -8.615522e-01 -1.022242e+00
-6.500000e-02 -1.227000e+00 -8.615522e-01 -1.022242e+00 -6.000000e-02 -1.222000e+00 -8.598604e-01 -1.023087e+00
-6.900000e-01 -1.222000e+00 1.118566e-01 -1.111807e+00 -6.900000e-01 -1.212000e+00 1.159151e-01 -1.109893e+00
-6.000000e-02 -1.222000e+00 -8.598604e-01 -1.023087e+00 -6.000000e-02 -1.212000e+00 -8.639647e-01 -1.020784e+00
-6.900000e-01 -1.212000e+00 1.159151e-01 -1.109893e+00 -6.900000e-01 -1.202000e+00 1.198090e-01 -1.108158e+00
-6.000000e-02 -1.212000e+00 -8.639647e-01 -1.020784e+00 -6.000000e-02 -1.202000e+00 -8.679326e-01 -1.018713e+00
-6.900000e-01 -1.202000e+00 1.198090e-01 -1.108158e+00 -6.900000e-01 -1.192000e+00 1.235252e-01 -1.106599e+00
-6.000000e-02 -1.202000e+00 -8.679326e-01 -1.018713e+00 -6.000000e-02 -1.192000e+00 -8.717481e-01 -1.016871e+00
-6.900000e-01 -1.192000e+00 1.235252e-01 -1.106599e+00 -6.900000e-01 -1.182000e+00 1.270507e-01 -1.105209e+00
-6.000000e-02 -1.192000e+00 -8.717481e-01 -1.016871e+00 -6.000000e-02 -1.182000e+00 -8.753952e-01 -1.015256e+00
-6.900000e-01 -1.182000e+00 1.270507e-01 -1.105209e+00 -6.900000e-01 -1.172000e+00 1.303724e-01 -1.103981e+00
-6.000000e-02 -1.182000e+00 -8.753952e-01 -1.015256e+00 -6.000000e-02 -1.172000e+00 -8.788571e-01 -1.013863e+00
-6.900000e-01 -1.172000e+00 1.303724e-01 -1.103981e+00 -6.900000e-01 -1.162000e+00 1.334774e-01 -1.102908e+00
-6.000000e-02 -1.172000e+00 -8.788571e-01 -1.013863e+00 -6.000000e-02 -1.162000e+00 -8.821170e-01 -1.012685e+00
-6.900000e-01 -1.162000e+00 1.334774e-01 -1.102908e+00 -6.900000e-01 -1.152000e+00 1.363531e-01 -1.101979e+00
-6.000000e-02 -1.162000e+00 -8.821170e-01 -1.012685e+00 -6.000000e-02 -1.152000e+00 -8.851583e-01 -1.011717e+00
-6.900000e-01 -1.152000e+00 1.363531e-01 -1.101979e+00 -6.900000e-01 -1.142000e+00 1.389876e-01 -1.101185e+00
-6.000000e-02 -1.152000e+00 -8.851583e-01 -1.011717e+00 -6.000000e-02 -1.142000e+00 -8.879644e-01 -1.010948e+00
-6.900000e-01 -1.142000e+00 1.389876e-01 -1.101185e+00 -6.900000e-01 -1.132000e+00 1.413695e-01 -1.100512e+00
-6.000000e-02 -1.142000e+00 -8.879644e-01 -1.010948e+00 -6.000000e-02 -1.132000e+00 -8.905193e-01 -1.010367e+00
-6.900000e-01 -1.132000e+00 1.413695e-01 -1.100512e+00 -6.900000e-01 -1.122000e+00 1.434883e-01 -1.099949e+00
-6.000000e-02 -1.132000e+00 -8.905193e-01 -1.010367e+00 -6.000000e-02 -1.122000e+00 -8.928077e-01 -1.009961e+00
-6.900000e-01 -1.122000e+00 1.434883e-01 -1.099949e+00 -6.900000e-01 -1.112000e+00 1.453345e-01 -1.099479e+00
-6.000000e-02 -1.122000e+00 -8.928077e-01 -1.009961e+00 -5.500000e-02 -1.117000e+00 -8.890188e-01 -1.010841e+00
-5.500000e-02 -1.117000e+00 -8.890188e-01 -1.010841e+00 -5.000000e-02 -1.112000e+00 -8.851517e-01 -1.011521e+00
-6.900000e-01 -1.112000e+00 1.453345e-01 -1.099479e+00 -6.900000e-01 -1.102000e+00 1.468998e-01 -1.099088e+00
-5.000000e-02 -1.112000e+00 -8.851517e-01 -1.011521e+00 -5.000000e-02 -1.102000e+00 -8.867613e-01 -1.011129e+00
-6.900000e-01 -1.102000e+00 1.468998e-01 -1.099088e+00 -6.850000e-01 -1.097000e+00 1.524530e-01 -1.098286e+00
-6.850000e-01 -1.097000e+00 1.524530e-01 -1.098286e+00 -6.800000e-01 -1.092000e+00 1.580387e-01 -1.097593e+00
-5.000000e-02 -1.102000e+00 -8.867613e-01 -1.011129e+00 -5.000000e-02 -1.092000e+00 -8.880821e-01 -1.010853e+00
-6.800000e-01 -1.092000e+00 1.580387e-01 -1.097593e+00 -6.800000e-01 -1.082000e+00 1.590855e-01 -1.097614e+00
-5.000000e-02 -1.092000e+00 -8.880821e-01 -1.010853e+00 -5.000000e-02 -1.082000e+00 -8.891049e-01 -1.010676e+00
-6.800000e-01 -1.082000e+00 1.590855e-01 -1.097614e+00 -6.800000e-01 -1.072000e+00 1.598159e-01 -1.097666e+00
-5.000000e-02 -1.082000e+00 -8.891049e-01 -1.010676e+00 -5.000000e-02 -1.072000e+00 -8.898221e-01 -1.010579e+00
-6.800000e-01 -1.072000e+00 1.598159e-01 -1.097666e+00 -6.800000e-01 -1.062000e+00 1.602269e-01 -1.097728e+00
-5.000000e-02 -1.072000e+00 -8.898221e-01 -1.010579e+00 -5.000000e-02 -1.062000e+00 -8.902277e-01 -1.010544e+00
-6.800000e-01 -1.062000e+00 1.602269e-01 -1.097728e+00 -6.800000e-01 -1.052000e+00 1.603178e-01 -1.097781e+00
-5.000000e-02 -1.062000e+00 -8.902277e-01 -1.010544e+00 -5.000000e-02 -1.052000e+00 -8.903178e-01 -1.010551e+00
-6.800000e-01 -1.052000e+00 1.603178e-01 -1.097781e+00 -6.800000e-01 -1.042000e+00 1.600897e-01 -1.097803e+00
-5.000000e-02 -1.052000e+00 -8.903178e-01 -1.010551e+00 -5.000000e-02 -1.042000e+00 -8.900901e-01 -1.010579e+00
-6.800000e-01 -1.042000e+00 1.600897e-01 -1.097803e+00 -6.800000e-01 -1.032000e+00 1.595455e-01 -1.097774e+00
-5.000000e-02 -1.042000e+00 -8.900901e-01 -1.010579e+00 -5.000000e-02 -1.032000e+00 -8.895444e-01 -1.010608e+00
-6.800000e-01 -1.032000e+00 1.595455e-01 -1.097774e+00 -6.800000e-01 -1.022000e+00 1.586903e-01 -1.097675e+00
-5.000000e-02 -1.032000e+00 -8.895444e-01 -1.010608e+00 -5.000000e-02 -1.022000e+00 -8.886823e-01 -1.010618e+00
-6.800000e-01 -1.022000e+00 1.586903e-01 -1.097675e+00 -6.800000e-01 -1.012000e+00 1.575309e-01 -1.097486e+00
-5.000000e-02 -1.022000e+00 -8.886823e-01 -1.010618e+00 -5.000000e-02 -1.012000e+00 -8.875073e-01 -1.010590e+00
-6.800000e-01 -1.012000e+00 1.575309e-01 -1.097486e+00 -6.800000e-01 -1.002000e+00 1.560753e-01 -1.097190e+00
-5.000000e-02 -1.012000e+00 -8.875073e-01 -1.010590e+00 -5.000000e-02 -1.002000e+00 -8.860248e-01 -1.010504e+00
-6.800000e-01 -1.002000e+00 1.560753e-01 -1.097190e+00 -6.800000e-01 -9.920000e-01 1.543339e-01 -1.096770e+00
-5.000000e-02 -1.002000e+00 -8.860248e-01 -1.010504e+00 -4.500000e-02 -9.970000e-01 -8.802959e-01 -1.009532e+00
-4.500000e-02 -9.970000e-01 -8.802959e-01 -1.009532e+00 -4.000000e-02 -9.920000e-01 -8.746053e-01 -1.008469e+00
-6.800000e-01 -9.920000e-01 1.543339e-01 -1.096770e+00 -6.800000e-01 -9.820000e-01 1.523178e-01 -1.096209e+00
-4.000000e-02 -9.920000e-01 -8.746053e-01 -1.008469e+00 -4.000000e-02 -9.820000e-01 -8.726517e-01 -1.007934e+00
-6.800000e-01 -9.820000e-01 1.523178e-01 -1.096209e+00 -6.750000e-01 -9.770000e-01 1.558984e-01 -1.096989e+00
-6.750000e-01 -9.770000e-01 1.558984e-01 -1.096989e+00 -6.700000e-01 -9.720000e-01 1.593811e-01 -1.097971e+00
-4.000000e-02 -9.820000e-01 -8.726517e-01 -1.007934e+00 -4.000000e-02 -9.720000e-01 -8.704309e-01 -1.007300e+00
-6.700000e-01 -9.720000e-01 1.593811e-01 -1.097971e+00 -6.700000e-01 -9.620000e-01 1.567002e-01 -1.097334e+00
-4.000000e-02 -9.720000e-01 -8.704309e-01 -1.007300e+00 -4.000000e-02 -9.620000e-01 -8.679526e-01 -1.006552e+00
-6.700000e-01 -9.620000e-01 1.567002e-01 -1.097334e+00 -6.700000e-01 -9.520000e-01 1.537739e-01 -1.096504e+00
-4.000000e-02 -9.620000e-01 -8.679526e-01 -1.006552e+00 -4.000000e-02 -9.520000e-01 -8.652277e-01 -1.005677e+00
-6.700000e-01 -9.520000e-01 1.537739e-01 -1.096504e+00 -6.700000e-01 -9.420000e-01 1.506185e-01 -1.095467e+00
-4.000000e-02 -9.520000e-01 -8.652277e-01 -1.005677e+00 -4.000000e-02 -9.420000e-01 -8.622678e-01 -1.004665e+00
-6.700000e-01 -9.420000e-01 1.506185e-01 -1.095467e+00 -6.700000e-01 -9.320000e-01 1.472510e-01 -1.094218e+00
-4.000000e-02 -9.420000e-01 -8.622678e-01 -1.004665e+00 -4.000000e-02 -9.320000e-01 -8.590848e-01 -1.003505e+00
-6.700000e-01 -9.320000e-01 1.472510e-01 -1.094218e+00 -6.700000e-01 -9.220000e-01 1.436882e-01 -1.092747e+00
-4.000000e-02 -9.320000e-01 -8.590848e-01 -1.003505e+00 -4.000000e-02 -9.220000e-01 -8.556915e-01 -1.002188e+00
-6.700000e-01 -9.220000e-01 1.436882e-01 -1.092747e+00 -6.700000e-01 -9.120000e-01 1.399469e-01 -1.091051e+00
-4.000000e-02 -9.220000e-01 -8.556915e-01 -1.002188e+00 -4.000000e-02 -9.120000e-01 -8.521008e-01 -1.000707e+00
-6.700000e-01 -9.120000e-01 1.399469e-01 -1.091051e+00 -6.700000e-01 -9.020000e-01 1.360439e-01 -1.089125e+00
-4.000000e-02 -9.120000e-01 -8.521008e-01 -1.000707e+00 -4.000000e-02 -9.020000e-01 -8.483254e-01 -9.990551e-01
-6.700000e-01 -9.020000e-01 1.360439e-01 -1.089125e+00 -6.700000e-01 -8.920000e-01 1.319954e-01 -1.086968e+00
-4.000000e-02 -9.020000e-01 -8.483254e-01 -9.990551e-01 -4.000000e-02 -8.920000e-01 -8.443784e-01 -9.972271e-01
-6.700000e-01 -8.920000e-01 1.319954e-01 -1.086968e+00 -6.700000e-01 -8.820000e-01 1.278171e-01 -1.084577e+00
-4.000000e-02 -8.920000e-01 -8.443784e-01 -9.972271e-01 -4.000000e-02 -8.820000e-01 -8.402729e-01 -9.952192e-01
-6.700000e-01 -8.820000e-01 1.278171e-01 -1.084577e+00 -6.700000e-01 -8.720000e-01 1.235242e-01 -1.081955e+00
-4.000000e-02 -8.820000e-01 -8.402729e-01 -9.952192e-01 -4.000000e-02 -8.720000e-01 -8.360215e-01 -9.930282e-01
-6.700000e-01 -8.720000e-01 1.235242e-01 -1.081955e+00 -6.650000e-01 -8.670000e-01 1.249776e-01 -1.082723e+00
-6.650000e-01 -8.670000e-01 1.249776e-01 -1.082723e+00 -6.600000e-01 -8.620000e-01 1.262153e-01 -1.083641e+00
-4.000000e-02 -8.720000e-01 -8.360215e-01 -9.930282e-01 -4.000000e-02 -8.620000e-01 -8.316363e-01 -9.906524e-01
-6.600000e-01 -8.620000e-01 1.262153e-01 -1.083641e+00 -6.600000e-01 -8.520000e-01 1.215312e-01 -1.080637e+00
-4.000000e-02 -8.620000e-01 -8.316363e-01 -9.906524e-01 -3.500000e-02 -8.570000e-01 -8.257480e-01 -9.871191e-01
-3.500000e-02 -8.570000e-01 -8.257480e-01 -9.871191e-01 -3.000000e-02 -8.520000e-01 -8.198607e-01 -9.836292e-01
-6.600000e-01 -8.520000e-01 1.215312e-01 -1.080637e+00 -6.600000e-01 -8.420000e-01 1.167774e-01 -1.077394e+00
-3.000000e-02 -8.520000e-01 -8.198607e-01 -9.836292e-01 -3.000000e-02 -8.420000e-01 -8.154463e-01 -9.807765e-01
-6.600000e-01 -8.420000e-01 1.167774e-01 -1.077394e+00 -6.600000e-01 -8.320000e-01 1.119667e-01 -1.073917e+00
-3.000000e-02 -8.420000e-01 -8.154463e-01 -9.807765e-01 -3.000000e-02 -8.320000e-01 -8.109323e-01 -9.777485e-01
-6.600000e-01 -8.320000e-01 1.119667e-01 -1.073917e+00 -6.600000e-01 -8.220000e-01 1.071109e-01 -1.070211e+00
-3.000000e-02 -8.320000e-01 -8.109323e-01 -9.777485e-01 -3.000000e-02 -8.220000e-01 -8.063287e-01 -9.745461e-01
-6.600000e-01 -8.220000e-01 1.071109e-01 -1.070211e+00 -6.600000e-01 -8.120000e-01 1.022209e-01 -1.066282e+00
-3.000000e-02 -8.220000e-01 -8.063287e-01 -9.745461e-01 -3.000000e-02 -8.120000e-01 -8.016448e-01 -9.711705e-01
-6.600000e-01 -8.120000e-01 1.022209e-01 -1.066282e+00 -6.600000e-01 -8.020000e-01 9.730681e-02 -1.062137e+00
-3.000000e-02 -8.120000e-01 -8.016448e-01 -9.711705e-01 -3.000000e-02 -8.020000e-01 -7.968899e-01 -9.676233e-01
-6.600000e-01 -8.020000e-01 9.730681e-02 -1.062137e+00 -6.600000e-01 -7.920000e-01 9.237763e-02 -1.057781e+00
-3.000000e-02 -8.020000e-01 -7.968899e-01 -9.676233e-01 -3.000000e-02 -7.920000e-01 -7.920724e-01 -9.639068e-01
-6.600000e-01 -7.920000e-01 9.237763e-02 -1.057781e+00 -6.600000e-01 -7.820000e-01 8.744189e-02 -1.053221e+00
-3.000000e-02 -7.920000e-01 -7.920724e-01 -9.639068e-01 -3.000000e-02 -7.820000e-01 -7.872005e-01 -9.600236e-01
-6.600000e-01 -7.820000e-01 8.744189e-02 -1.053221e+00 -6.600000e-01 -7.720000e-01 8.250698e-02 -1.048464e+00
-3.000000e-02 -7.820000e-01 -7.872005e-01 -9.600236e-01 -3.000000e-02 -7.720000e-01 -7.822817e-01 -9.559764e-01
-6.600000e-01 -7.720000e-01 8.250698e-02 -1.048464e+00 -6.550000e-01 -7.670000e-01 8.264139e-02 -1.048453e+00
-6.550000e-01 -7.670000e-01 8.264139e-02 -1.048453e+00 -6.500000e-01 -7.620000e-01 8.253191e-02 -1.048515e+00
-3.000000e-02 -7.720000e-01 -7.822817e-01 -9.559764e-01 -3.000000e-02 -7.620000e-01 -7.773230e-01 -9.517685e-01
-6.500000e-01 -7.620000e-01 8.253191e-02 -1.048515e+00 -6.500000e-01 -7.520000e-01 7.746694e-02 -1.043364e+00
-3.000000e-02 -7.620000e-01 -7.773230e-01 -9.517685e-01 -3.000000e-02 -7.520000e-01 -7.723311e-01 -9.474032e-01
-6.500000e-01 -7.520000e-01 7.746694e-02 -1.043364e+00 -6.500000e-01 -7.420000e-01 7.242820e-02 -1.038030e+00
-3.000000e-02 -7.520000e-01 -7.723311e-01 -9.474032e-01 -3.000000e-02 -7.420000e-01 -7.673123e-01 -9.428840e-01
-6.500000e-01 -7.420000e-01 7.242820e-02 -1.038030e+00 -6.500000e-01 -7.320000e-01 6.742058e-02 -1.032522e+00
-3.000000e-02 -7.420000e-01 -7.673123e-01 -9.428840e-01 -3.000000e-02 -7.320000e-01 -7.622721e-01 -9.382145e-01
-6.500000e-01 -7.320000e-01 6.742058e-02 -1.032522e+00 -6.500000e-01 -7.220000e-01 6.244824e-02 -1.026845e+00
-3.000000e-02 -7.320000e-01 -7.622721e-01 -9.382145e-01 -3.000000e-02 -7.220000e-01 -7.572160e-01 -9.333984e-01
-6.500000e-01 -7.220000e-01 6.244824e-02 -1.026845e+00 -6.500000e-01 -7.120000e-01 5.751470e-02 -1.021008e+00
-3.000000e-02 -7.220000e-01 -7.572160e-01 -9.333984e-01 -3.000000e-02 -7.120000e-01 -7.521488e-01 -9.284397e-01
-6.500000e-01 -7.120000e-01 5.751470e-02 -1.021008e+00 -6.500000e-01 -7.020000e-01 5.262331e-02 -1.015016e+00
-3.000000e-02 -7.120000e-01 -7.521488e-01 -9.284397e-01 -2.500000e-02 -7.070000e-01 -7.472370e-01 -9.233544e-01
-2.500000e-02 -7.070000e-01 -7.472370e-01 -9.233544e-01 -2.000000e-02 -7.020000e-01 -7.422489e-01 -9.183425e-01
-6.500000e-01 -7.020000e-01 5.262331e-02 -1.015016e+00 -6.500000e-01 -6.920000e-01 4.777679e-02 -1.008876e+00
-2.000000e-02 -7.020000e-01 -7.422489e-01 -9.183425e-01 -2.000000e-02 -6.920000e-01 -7.373222e-01 -9.131075e-01
-6.500000e-01 -6.920000e-01 4.777679e-02 -1.008876e+00 -6.500000e-01 -6.820000e-01 4.297743e-02 -1.002595e+00
-2.000000e-02 -6.920000e-01 -7.373222e-01 -9.131075e-01 -2.000000e-02 -6.820000e-01 -7.323930e-01 -9.077451e-01
-6.500000e-01 -6.820000e-01 4.297743e-02 -1.002595e+00 -6.500000e-01 -6.720000e-01 3.822724e-02 -9.961780e-01
-2.000000e-02 -6.820000e-01 -7.323930e-01 -9.077451e-01 -2.000000e-02 -6.720000e-01 -7.274649e-01 -9.022587e-01
-6.500000e-01 -6.720000e-01 3.822724e-02 -9.961780e-01 -6.450000e-01 -6.670000e-01 3.767989e-02 -9.952542e-01
-6.450000e-01 -6.670000e-01 3.767989e-02 -9.952542e-01 -6.400000e-01 -6.620000e-01 3.690217e-02 -9.943504e-01
-2.000000e-02 -6.720000e-01 -7.274649e-01 -9.022587e-01 -2.000000e-02 -6.620000e-01 -7.225411e-01 -8.966519e-01
-6.400000e-01 -6.620000e-01 3.690217e-02 -9.943504e-01 -6.400000e-01 -6.520000e-01 3.216611e-02 -9.876237e-01
-2.000000e-02 -6.620000e-01 -7.225411e-01 -8.966519e-01 -2.000000e-02 -6.520000e-01 -7.176246e-01 -8.909282e-01
-6.400000e-01 -6.520000e-01 3.216611e-02 -9.876237e-01 -6.400000e-01 -6.420000e-01 2.748857e-02 -9.807770e-01
-2.000000e-02 -6.520000e-01 -7.176246e-01 -8.909282e-01 -2.000000e-02 -6.420000e-01 -7.127180e-01 -8.850910e-01
-6.400000e-01 -6.420000e-01 2.748857e-02 -9.807770e-01 -6.400000e-01 -6.320000e-01 2.287041e-02 -9.738158e-01
-2.000000e-02 -6.420000e-01 -7.127180e-01 -8.850910e-01 -2.000000e-02 -6.320000e-01 -7.078239e-01 -8.791437e-01
-6.400000e-01 -6.320000e-01 2.287041e-02 -9.738158e-01 -6.400000e-01 -6.220000e-01 1.831184e-02 -9.667452e-01
-2.000000e-02 -6.320000e-01 -7.078239e-01 -8.791437e-01 -2.000000e-02 -6.220000e-01 -7.029445e-01 -8.730897e-01
-6.400000e-01 -6.220000e-01 1.831184e-02 -9.667452e-01 -6.400000e-01 -6.120000e-01 1.381318e-02 -9.595699e-01
-2.000000e-02 -6.220000e-01 -7.029445e-01 -8.730897e-01 -2.000000e-02 -6.120000e-01 -6.980819e-01 -8.669322e-01
-6.400000e-01 -6.120000e-01 1.381318e-02 -9.595699e-01 -6.400000e-01 -6.020000e-01 9.374604e-03 -9.522945e-01
-2.000000e-02 -6.120000e-01 -6.980819e-01 -8.669322e-01 -2.000000e-02 -6.020000e-01 -6.932379e-01 -8.606743e-01
-6.400000e-01 -6.020000e-01 9.374604e-03 -9.522945e-01 -6.400000e-01 -5.920000e-01 4.996047e-03 -9.449236e-01
-2.000000e-02 -6.020000e-01 -6.932379e-01 -8.606743e-01 -2.000000e-02 -5.920000e-01 -6.884141e-01 -8.543193e-01
-6.400000e-01 -5.920000e-01 4.996047e-03 -9.449236e-01 -6.400000e-01 -5.820000e-01 6.773925e-04 -9.374612e-01
-2.000000e-02 -5.920000e-01 -6.884141e-01 -8.543193e-01 -2.000000e-02 -5.820000e-01 -6.836122e-01 -8.478701e-01
-6.400000e-01 -5.820000e-01 6.773925e-04 -9.374612e-01 -6.350000e-01 -5.770000e-01 -1.542664e-04 -9.358160e-01
-6.350000e-01 -5.770000e-01 -1.542664e-04 -9.358160e-01 -6.300000e-01 -5.720000e-01 -1.196628e-03 -9.341653e-01
-2.000000e-02 -5.820000e-01 -6.836122e-01 -8.478701e-01 -2.000000e-02 -5.720000e-01 -6.788336e-01 -8.413297e-01
-6.300000e-01 -5.720000e-01 -1.196628e-03 -9.341653e-01 -6.300000e-01 -5.620000e-01 -5.443280e-03 -9.264711e-01
-2.000000e-02 -5.720000e-01 -6.788336e-01 -8.413297e-01 -2.000000e-02 -5.620000e-01 -6.740793e-01 -8.347010e-01
-6.300000e-01 -5.620000e-01 -5.443280e-03 -9.264711e-01 -6.300000e-01 -5.520000e-01 -9.627705e-03 -9.186973e-01
-2.000000e-02 -5.620000e-01 -6.740793e-01 -8.347010e-01 -2.000000e-02 -5.520000e-01 -6.693505e-01 -8.279867e-01
-6.300000e-01 -5.520000e-01 -9.627705e-03 -9.186973e-01 -6.300000e-01 -5.420000e-01 -1.375056e-02 -9.108475e-01
-2.000000e-02 -5.520000e-01 -6.693505e-01 -8.279867e-01 -2.000000e-02 -5.420000e-01 -6.646483e-01 -8.211897e-01
-6.300000e-01 -5.420000e-01 -1.375056e-02 -9.108475e-01 -6.300000e-01 -5.320000e-01 -1.781261e-02 -9.029251e-01
-2.000000e-02 -5.420000e-01 -6.646483e-01 -8.211897e-01 -2.000000e-02 -5.320000e-01 -6.599734e-01 -8.143124e-01
-6.300000e-01 -5.320000e-01 -1.781261e-02 -9.029251e-01 -6.300000e-01 -5.220000e-01 -2.181471e-02 -8.949332e-01
-2.000000e-02 -5.320000e-01 -6.599734e-01 -8.143124e-01 -2.000000e-02 -5.220000e-01 -6.553266e-01 -8.073575e-01
-6.300000e-01 -5.220000e-01 -2.181471e-02 -8.949332e-01 -6.300000e-01 -5.120000e-01 -2.575750e-02 -8.868747e-01
-2.000000e-02 -5.220000e-01 -6.553266e-01 -8.073575e-01 -1.500000e-02 -5.170000e-01 -6.516078e-01 -8.015335e-01
-1.500000e-02 -5.170000e-01 -6.516078e-01 -8.015335e-01 -1.000000e-02 -5.120000e-01 -6.477655e-01 -7.957674e-01
-6.300000e-01 -5.120000e-01 -2.575750e-02 -8.868747e-01 -6.300000e-01 -5.020000e-01 -2.964199e-02 -8.787526e-01
-1.000000e-02 -5.120000e-01 -6.477655e-01 -7.957674e-01 -1.000000e-02 -5.020000e-01 -6.432623e-01 -7.886928e-01
-6.300000e-01 -5.020000e-01 -2.964199e-02 -8.787526e-01 -6.300000e-01 -4.920000e-01 -3.346891e-02 -8.705694e-01
-1.000000e-02 -5.020000e-01 -6.432623e-01 -7.886928e-01 -1.000000e-02 -4.920000e-01 -6.387866e-01 -7.815483e-01
-6.300000e-01 -4.920000e-01 -3.346891e-02 -8.705694e-01 -6.250000e-01 -4.870000e-01 -3.439689e-02 -8.683339e-01
-6.250000e-01 -4.870000e-01 -3.439689e-02 -8.683339e-01 -6.200000e-01 -4.820000e-01 -3.551661e-02 -8.660801e-01
-1.000000e-02 -4.920000e-01 -6.387866e-01 -7.815483e-01 -1.000000e-02 -4.820000e-01 -6.343387e-01 -7.743358e-01
-6.200000e-01 -4.820000e-01 -3.551661e-02 -8.660801e-01 -6.200000e-01 -4.720000e-01 -3.924942e-02 -8.577261e-01
-1.000000e-02 -4.820000e-01 -6.343387e-01 -7.743358e-01 -1.000000e-02 -4.720000e-01 -6.299193e-01 -7.670576e-01
-6.200000e-01 -4.720000e-01 -3.924942e-02 -8.577261e-01 -6.200000e-01 -4.620000e-01 -4.292523e-02 -8.493194e-01
-1.000000e-02 -4.720000e-01 -6.299193e-01 -7.670576e-01 -1.000000e-02 -4.620000e-01 -6.255287e-01 -7.597156e-01
-6.200000e-01 -4.620000e-01 -4.292523e-02 -8.493194e-01 -6.200000e-01 -4.520000e-01 -4.654514e-02 -8.408623e-01
-1.000000e-02 -4.620000e-01 -6.255287e-01 -7.597156e-01 -1.000000e-02 -4.520000e-01 -6.211672e-01 -7.523118e-01
-6.200000e-01 -4.520000e-01 -4.654514e-02 -8.408623e-01 -6.200000e-01 -4.420000e-01 -5.011022e-02 -8.323567e-01
-1.000000e-02 -4.520000e-01 -6.211672e-01 -7.523118e-01 -1.000000e-02 -4.420000e-01 -6.168350e-01 -7.448480e-01
-6.200000e-01 -4.420000e-01 -5.011022e-02 -8.323567e-01 -6.200000e-01 -4.320000e-01 -5.362141e-02 -8.238048e-01
-1.000000e-02 -4.420000e-01 -6.168350e-01 -7.448480e-01 -1.000000e-02 -4.320000e-01 -6.125325e-01 -7.373261e-01
-6.200000e-01 -4.320000e-01 -5.362141e-02 -8.238048e-01 -6.200000e-01 -4.220000e-01 -5.707973e-02 -8.152083e-01
-1.000000e-02 -4.320000e-01 -6.125325e-01 -7.373261e-01 -1.000000e-02 -4.220000e-01 -6.082597e-01 -7.297478e-01
-6.200000e-01 -4.220000e-01 -5.707973e-02 -8.152083e-01 -6.200000e-01 -4.120000e-01 -6.048619e-02 -8.065690e-01
-1.000000e-02 -4.220000e-01 -6.082597e-01 -7.297478e-01 -1.000000e-02 -4.120000e-01 -6.040167e-01 -7.221149e-01
-6.200000e-01 -4.120000e-01 -6.048619e-02 -8.065690e-01 -6.150000e-01 -4.070000e-01 -6.143104e-02 -8.039069e-01
-6.150000e-01 -4.070000e-01 -6.143104e-02 -8.039069e-01 -6.100000e-01 -4.020000e-01 -6.255399e-02 -8.012202e-01
-1.000000e-02 -4.120000e-01 -6.040167e-01 -7.221149e-01 -1.000000e-02 -4.020000e-01 -5.998038e-01 -7.144289e-01
-6.100000e-01 -4.020000e-01 -6.255399e-02 -8.012202e-01 -6.100000e-01 -3.920000e-01 -6.586026e-02 -7.924504e-01
-1.000000e-02 -4.020000e-01 -5.998038e-01 -7.144289e-01 -1.000000e-02 -3.920000e-01 -5.956209e-01 -7.066914e-01
-6.100000e-01 -3.920000e-01 -6.586026e-02 -7.924504e-01 -6.100000e-01 -3.820000e-01 -6.911622e-02 -7.836438e-01
-1.000000e-02 -3.920000e-01 -5.956209e-01 -7.066914e-01 -1.000000e-02 -3.820000e-01 -5.914682e-01 -6.989040e-01
-6.100000e-01 -3.820000e-01 -6.911622e-02 -7.836438e-01 -6.100000e-01 -3.720000e-01 -7.232295e-02 -7.748018e-01
-1.000000e-02 -3.820000e-01 -5.914682e-01 -6.989040e-01 -1.000000e-02 -3.720000e-01 -5.873455e-01 -6.910681e-01
-6.100000e-01 -3.720000e-01 -7.232295e-02 -7.748018e-01 -6.100000e-01 -3.620000e-01 -7.548146e-02 -7.659257e-01
-1.000000e-02 -3.720000e-01 -5.873455e-01 -6.910681e-01 -1.000000e-02 -3.620000e-01 -5.832529e-01 -6.831852e-01
-6.100000e-01 -3.620000e-01 -7.548146e-02 -7.659257e-01 -6.100000e-01 -3.520000e-01 -7.859264e-02 -7.570170e-01
-1.000000e-02 -3.620000e-01 -5.832529e-01 -6.831852e-01 -1.000000e-02 -3.520000e-01 -5.791904e-01 -6.752566e-01
-6.100000e-01 -3.520000e-01 -7.859264e-02 -7.570170e-01 -6.100000e-01 -3.420000e-01 -8.165763e-02 -7.480768e-01
-1.000000e-02 -3.520000e-01 -5.791904e-01 -6.752566e-01 -1.000000e-02 -3.420000e-01 -5.751578e-01 -6.672836e-01
-6.100000e-01 -3.420000e-01 -8.165763e-02 -7.480768e-01 -6.100000e-01 -3.320000e-01 -8.467721e-02 -7.391063e-01
-1.000000e-02 -3.420000e-01 -5.751578e-01 -6.672836e-01 -1.000000e-02 -3.320000e-01 -5.711550e-01 -6.592676e-01
-6.100000e-01 -3.320000e-01 -8.467721e-02 -7.391063e-01 -6.050000e-01 -3.270000e-01 -8.558951e-02 -7.360943e-01
-6.050000e-01 -3.270000e-01 -8.558951e-02 -7.360943e-01 -6.000000e-01 -3.220000e-01 -8.666817e-02 -7.330546e-01
-1.000000e-02 -3.320000e-01 -5.711550e-01 -6.592676e-01 -1.000000e-02 -3.220000e-01 -5.671821e-01 -6.512097e-01
-6.000000e-01 -3.220000e-01 -8.666817e-02 -7.330546e-01 -6.000000e-01 -3.120000e-01 -8.958796e-02 -7.239836e-01
-1.000000e-02 -3.220000e-01 -5.671821e-01 -6.512097e-01 -1.000000e-02 -3.120000e-01 -5.632389e-01 -6.431112e-01
-6.000000e-01 -3.120000e-01 -8.958796e-02 -7.239836e-01 -6.000000e-01 -3.020000e-01 -9.246430e-02 -7.148864e-01
-1.000000e-02 -3.120000e-01 -5.632389e-01 -6.431112e-01 -1.000000e-02 -3.020000e-01 -5.593251e-01 -6.349731e-01
-6.000000e-01 -3.020000e-01 -9.246430e-02 -7.148864e-01 -6.000000e-01 -2.920000e-01 -9.529809e-02 -7.057642e-01
-1.000000e-02 -3.020000e-01 -5.593251e-01 -6.349731e-01 -1.000000e-02 -2.920000e-01 -5.554408e-01 -6.267967e-01
-6.000000e-01 -2.920000e-01 -9.529809e-02 -7.057642e-01 -6.000000e-01 -2.820000e-01 -9.809021e-02 -6.966178e-01
-1.000000e-02 -2.920000e-01 -5.554408e-01 -6.267967e-01 -1.000000e-02 -2.820000e-01 -5.515857e-01 -6.185830e-01
-6.000000e-01 -2.820000e-01 -9.809021e-02 -6.966178e-01 -6.000000e-01 -2.720000e-01 -1.008415e-01 -6.874481e-01
-1.000000e-02 -2.820000e-01 -5.515857e-01 -6.185830e-01 -1.000000e-02 -2.720000e-01 -5.477597e-01 -6.103330e-01
-6.000000e-01 -2.720000e-01 -1.008415e-01 -6.874481e-01 -6.000000e-01 -2.620000e-01 -1.035529e-01 -6.782560e-01
-1.000000e-02 -2.720000e-01 -5.477597e-01 -6.103330e-01 -1.000000e-02 -2.620000e-01 -5.439626e-01 -6.020477e-01
-6.000000e-01 -2.620000e-01 -1.035529e-01 -6.782560e-01 -5.950000e-01 -2.570000e-01 -1.044317e-01 -6.749854e-01
-5.950000e-01 -2.570000e-01 -1.044317e-01 -6.749854e-01 -5.900000e-01 -2.520000e-01 -1.054686e-01 -6.716855e-01
-1.000000e-02 -2.620000e-01 -5.439626e-01 -6.020477e-01 -1.000000e-02 -2.520000e-01 -5.401943e-01 -5.937280e-01
-5.900000e-01 -2.520000e-01 -1.054686e-01 -6.716855e-01 -5.900000e-01 -2.420000e-01 -1.080825e-01 -6.624127e-01
-1.000000e-02 -2.520000e-01 -5.401943e-01 -5.937280e-01 -1.000000e-02 -2.420000e-01 -5.364545e-01 -5.853750e-01
-5.900000e-01 -2.420000e-01 -1.080825e-01 -6.624127e-01 -5.900000e-01 -2.320000e-01 -1.106583e-01 -6.531205e-01
-1.000000e-02 -2.420000e-01 -5.364545e-01 -5.853750e-01 -5.000000e-03 -2.370000e-01 -5.338649e-01 -5.793265e-01
-5.000000e-03 -2.370000e-01 -5.338649e-01 -5.793265e-01 2.081668e-17 -2.320000e-01 -5.311340e-01 -5.733117e-01
-5.900000e-01 -2.320000e-01 -1.106583e-01 -6.531205e-01 -5.900000e-01 -2.220000e-01 -1.131970e-01 -6.438096e-01
2.081668e-17 -2.320000e-01 -5.311340e-01 -5.733117e-01 2.081668e-17 -2.220000e-01 -5.274892e-01 -5.649220e-01
-5.900000e-01 -2.220000e-01 -1.131970e-01 -6.438096e-01 -5.900000e-01 -2.120000e-01 -1.156991e-01 -6.344808e-01
2.081668e-17 -2.220000e-01 -5.274892e-01 -5.649220e-01 2.081668e-17 -2.120000e-01 -5.238714e-01 -5.565015e-01
-5.900000e-01 -2.120000e-01 -1.156991e-01 -6.344808e-01 -5.900000e-01 -2.020000e-01 -1.181656e-01 -6.251345e-01
2.081668e-17 -2.120000e-01 -5.238714e-01 -5.565015e-01 2.081668e-17 -2.020000e-01 -5.202802e-01 -5.480507e-01
-5.900000e-01 -2.020000e-01 -1.181656e-01 -6.251345e-01 -5.900000e-01 -1.920000e-01 -1.205971e-01 -6.157715e-01
2.081668e-17 -2.020000e-01 -5.202802e-01 -5.480507e-01 2.081668e-17 -1.920000e-01 -5.167155e-01 -5.395706e-01
-5.900000e-01 -1.920000e-01 -1.205971e-01 -6.157715e-01 -5.900000e-01 -1.820000e-01 -1.229944e-01 -6.063922e-01
2.081668e-17 -1.920000e-01 -5.167155e-01 -5.395706e-01 2.081668e-17 -1.820000e-01 -5.131771e-01 -5.310619e-01
-5.900000e-01 -1.820000e-01 -1.229944e-01 -6.063922e-01 -5.850000e-01 -1.770000e-01 -1.237947e-01 -6.028768e-01
-5.850000e-01 -1.770000e-01 -1.237947e-01 -6.028768e-01 -5.800000e-01 -1.720000e-01 -1.247437e-01 -5.993316e-01
2.081668e-17 -1.820000e-01 -5.131771e-01 -5.310619e-01 2.081668e-17 -1.720000e-01 -5.096649e-01 -5.225253e-01
-5.800000e-01 -1.720000e-01 -1.247437e-01 -5.993316e-01 -5.800000e-01 -1.620000e-01 -1.270481e-01 -5.898889e-01
2.081668e-17 -1.720000e-01 -5.096649e-01 -5.225253e-01 2.081668e-17 -1.620000e-01 -5.061786e-01 -5.139615e-01
-5.800000e-01 -1.620000e-01 -1.270481e-01 -5.898889e-01 -5.800000e-01 -1.520000e-01 -1.293200e-01 -5.804322e-01
2.081668e-17 -1.620000e-01 -5.061786e-01 -5.139615e-01 2.081668e-17 -1.520000e-01 -5.027180e-01 -5.053712e-01
-5.800000e-01 -1.520000e-01 -1.293200e-01 -5.804322e-01 -5.800000e-01 -1.420000e-01 -1.315602e-01 -5.709620e-01
2.081668e-17 -1.520000e-01 -5.027180e-01 -5.053712e-01 2.081668e-17 -1.420000e-01 -4.992829e-01 -4.967551e-01
-5.800000e-01 -1.420000e-01 -1.315602e-01 -5.709620e-01 -5.800000e-01 -1.320000e-01 -1.337692e-01 -5.614788e-01
2.081668e-17 -1.420000e-01 -4.992829e-01 -4.967551e-01 2.081668e-17 -1.320000e-01 -4.958732e-01 -4.881138e-01
-5.800000e-01 -1.320000e-01 -1.337692e-01 -5.614788e-01 -5.800000e-01 -1.220000e-01 -1.359477e-01 -5.519829e-01
2.081668e-17 -1.320000e-01 -4.958732e-01 -4.881138e-01 2.081668e-17 -1.220000e-01 -4.924886e-01 -4.794480e-01
-5.800000e-01 -1.220000e-01 -1.359477e-01 -5.519829e-01 -5.800000e-01 -1.120000e-01 -1.380963e-01 -5.424748e-01
2.081668e-17 -1.220000e-01 -4.924886e-01 -4.794480e-01 2.081668e-17 -1.120000e-01 -4.891289e-01 -4.707582e-01
-5.800000e-01 -1.120000e-01 -1.380963e-01 -5.424748e-01 -5.750000e-01 -1.070000e-01 -1.388360e-01 -5.387746e-01
-5.750000e-01 -1.070000e-01 -1.388360e-01 -5.387746e-01 -5.700000e-01 -1.020000e-01 -1.397176e-01 -5.350446e-01
2.081668e-17 -1.120000e-01 -4.891289e-01 -4.707582e-01 2.081668e-17 -1.020000e-01 -4.857940e-01 -4.620450e-01
-5.700000e-01 -1.020000e-01 -1.397176e-01 -5.350446e-01 -5.700000e-01 -9.200000e-02 -1.417773e-01 -5.254847e-01
2.081668e-17 -1.020000e-01 -4.857940e-01 -4.620450e-01 2.081668e-17 -9.200000e-02 -4.824836e-01 -4.533090e-01
-5.700000e-01 -9.200000e-02 -1.417773e-01 -5.254847e-01 -5.700000e-01 -8.200000e-02 -1.438087e-01 -5.159144e-01
2.081668e-17 -9.200000e-02 -4.824836e-01 -4.533090e-01 2.081668e-17 -8.200000e-02 -4.791976e-01 -4.445507e-01
-5.700000e-01 -8.200000e-02 -1.438087e-01 -5.159144e-01 -5.700000e-01 -7.200000e-02 -1.458125e-01 -5.063339e-01
2.081668e-17 -8.200000e-02 -4.791976e-01 -4.445507e-01 2.081668e-17 -7.200000e-02 -4.759356e-01 -4.357707e-01
-5.700000e-01 -7.200000e-02 -1.458125e-01 -5.063339e-01 -5.700000e-01 -6.200000e-02 -1.477892e-01 -4.967435e-01
2.081668e-17 -7.200000e-02 -4.759356e-01 -4.357707e-01 2.081668e-17 -6.200000e-02 -4.726976e-01 -4.269696e-01
-5.700000e-01 -6.200000e-02 -1.477892e-01 -4.967435e-01 -5.700000e-01 -5.200000e-02 -1.497393e-01 -4.871435e-01
2.081668e-17 -6.200000e-02 -4.726976e-01 -4.269696e-01 2.081668e-17 -5.200000e-02 -4.694833e-01 -4.181476e-01
-5.700000e-01 -5.200000e-02 -1.497393e-01 -4.871435e-01 -5.650000e-01 -4.700000e-02 -1.504404e-01 -4.833011e-01
-5.650000e-01 -4.700000e-02 -1.504404e-01 -4.833011e-01 -5.600000e-01 -4.200000e-02 -1.512786e-01 -4.794286e-01
2.081668e-17 -5.200000e-02 -4.694833e-01 -4.181476e-01 2.081668e-17 -4.200000e-02 -4.662925e-01 -4.093055e-01
-5.600000e-01 -4.200000e-02 -1.512786e-01 -4.794286e-01 -5.600000e-01 -3.200000e-02 -1.531426e-01 -4.697851e-01
2.081668e-17 -4.200000e-02 -4.662925e-01 -4.093055e-01 2.081668e-17 -3.200000e-02 -4.631251e-01 -4.004436e-01
-5.600000e-01 -3.200000e-02 -1.531426e-01 -4.697851e-01 -5.600000e-01 -2.200000e-02 -1.549817e-01 -4.601335e-01
2.081668e-17 -3.200000e-02 -4.631251e-01 -4.004436e-01 2.081668e-17 -2.200000e-02 -4.599807e-01 -3.915624e-01
-5.600000e-01 -2.200000e-02 -1.549817e-01 -4.601335e-01 -5.600000e-01 -1.200000e-02 -1.567963e-01 -4.504739e-01
2.081668e-17 -2.200000e-02 -4.599807e-01 -3.915624e-01 2.081668e-17 -1.200000e-02 -4.568592e-01 -3.826623e-01
-5.600000e-01 -1.200000e-02 -1.567963e-01 -4.504739e-01 -5.600000e-01 -2.000000e-03 -1.585869e-01 -4.408067e-01
2.081668e-17 -1.200000e-02 -4.568592e-01 -3.826623e-01 2.081668e-17 -2.000000e-03 -4.537606e-01 -3.737439e-01
-5.600000e-01 -2.000000e-03 -1.585869e-01 -4.408067e-01 -5.600000e-01 8.000000e-03 -1.603538e-01 -4.311319e-01
2.081668e-17 -2.000000e-03 -4.537606e-01 -3.737439e-01 2.081668e-17 8.000000e-03 -4.506844e-01 -3.648073e-01
-5.600000e-01 8.000000e-03 -1.603538e-01 -4.311319e-01 -5.600000e-01 1.800000e-02 -1.620978e-01 -4.214498e-01
2.081668e-17 8.000000e-03 -4.506844e-01 -3.648073e-01 2.081668e-17 1.800000e-02 -4.476305e-01 -3.558532e-01
-5.600000e-01 1.800000e-02 -1.620978e-01 -4.214498e-01 -5.550000e-01 2.300000e-02 -1.627257e-01 -4.174660e-01
-5.550000e-01 2.300000e-02 -1.627257e-01 -4.174660e-01 -5.500000e-01 2.800000e-02 -1.634843e-01 -4.134524e-01
2.081668e-17 1.800000e-02 -4.476305e-01 -3.558532e-01 2.081668e-17 2.800000e-02 -4.445989e-01 -3.468818e-01
-5.500000e-01 2.800000e-02 -1.634843e-01 -4.134524e-01 -5.500000e-01 3.800000e-02 -1.651460e-01 -4.037346e-01
2.081668e-17 2.800000e-02 -4.445989e-01 -3.468818e-01 2.081668e-17 3.800000e-02 -4.415891e-01 -3.378936e-01
-5.500000e-01 3.800000e-02 -1.651460e-01 -4.037346e-01 -5.500000e-01 4.800000e-02 -1.667862e-01 -3.940105e-01
2.081668e-17 3.800000e-02 -4.415891e-01 -3.378936e-01 2.081668e-17 4.800000e-02 -4.386011e-01 -3.288889e-01
-5.500000e-01 4.800000e-02 -1.667862e-01 -3.940105e-01 -5.500000e-01 5.800000e-02 -1.684050e-01 -3.842804e-01
2.081668e-17 4.800000e-02 -4.386011e-01 -3.288889e-01 2.081668e-17 5.800000e-02 -4.356348e-01 -3.198682e-01
-5.500000e-01 5.800000e-02 -1.684050e-01 -3.842804e-01 -5.500000e-01 6.800000e-02 -1.700030e-01 -3.745444e-01
2.081668e-17 5.800000e-02 -4.356348e-01 -3.198682e-01 2.081668e-17 6.800000e-02 -4.326898e-01 -3.108316e-01
-5.500000e-01 6.800000e-02 -1.700030e-01 -3.745444e-01 -5.500000e-01 7.800000e-02 -1.715806e-01 -3.648027e-01
2.081668e-17 6.800000e-02 -4.326898e-01 -3.108316e-01 2.081668e-17 7.800000e-02 -4.297660e-01 -3.017796e-01
-5.500000e-01 7.800000e-02 -1.715806e-01 -3.648027e-01 -5.450000e-01 8.300000e-02 -1.721603e-01 -3.607080e-01
-5.450000e-01 8.300000e-02 -1.721603e-01 -3.607080e-01 -5.400000e-01 8.800000e-02 -1.728658e-01 -3.565836e-01
2.081668e-17 7.800000e-02 -4.297660e-01 -3.017796e-01 2.081668e-17 8.800000e-02 -4.268633e-01 -2.927126e-01
-5.400000e-01 8.800000e-02 -1.728658e-01 -3.565836e-01 -5.400000e-01 9.800000e-02 -1.743640e-01 -3.468116e-01
2.081668e-17 8.800000e-02 -4.268633e-01 -2.927126e-01 2.081668e-17 9.800000e-02 -4.239813e-01 -2.836307e-01
-5.400000e-01 9.800000e-02 -1.743640e-01 -3.468116e-01 -5.400000e-01 1.080000e-01 -1.758432e-01 -3.370347e-01
2.081668e-17 9.800000e-02 -4.239813e-01 -2.836307e-01 2.081668e-17 1.080000e-01 -4.211201e-01 -2.745344e-01
-5.400000e-01 1.080000e-01 -1.758432e-01 -3.370347e-01 -5.400000e-01 1.180000e-01 -1.773035e-01 -3.272532e-01
2.081668e-17 1.080000e-01 -4.211201e-01 -2.745344e-01 2.081668e-17 1.180000e-01 -4.182794e-01 -2.654240e-01
-5.400000e-01 1.180000e-01 -1.773035e-01 -3.272532e-01 -5.400000e-01 1.280000e-01 -1.787455e-01 -3.174671e-01
2.081668e-17 1.180000e-01 -4.182794e-01 -2.654240e-01 2.081668e-17 1.280000e-01 -4.154590e-01 -2.562997e-01
-5.400000e-01 1.280000e-01 -1.787455e-01 -3.174671e-01 -5.400000e-01 1.380000e-01 -1.801694e-01 -3.076764e-01
2.081668e-17 1.280000e-01 -4.154590e-01 -2.562997e-01 2.081668e-17 1.380000e-01 -4.126587e-01 -2.471618e-01
-5.400000e-01 1.380000e-01 -1.801694e-01 -3.076764e-01 -5.350000e-01 1.430000e-01 -1.806970e-01 -3.034822e-01
-5.350000e-01 1.430000e-01 -1.806970e-01 -3.034822e-01 -5.300000e-01 1.480000e-01 -1.813457e-01 -2.992584e-01
2.081668e-17 1.380000e-01 -4.126587e-01 -2.471618e-01 2.081668e-17 1.480000e-01 -4.098784e-01 -2.380106e-01
-5.300000e-01 1.480000e-01 -1.813457e-01 -2.992584e-01 -5.300000e-01 1.580000e-01 -1.826931e-01 -2.894421e-01
2.081668e-17 1.480000e-01 -4.098784e-01 -2.380106e-01 2.081668e-17 1.580000e-01 -4.071179e-01 -2.288463e-01
-5.300000e-01 1.580000e-01 -1.826931e-01 -2.894421e-01 -5.300000e-01 1.680000e-01 -1.840236e-01 -2.796220e-01
2.081668e-17 1.580000e-01 -4.071179e-01 -2.288463e-01 2.081668e-17 1.680000e-01 -4.043770e-01 -2.196693e-01
-5.300000e-01 1.680000e-01 -1.840236e-01 -2.796220e-01 -5.300000e-01 1.780000e-01 -1.853375e-01 -2.697983e-01
2.081668e-17 1.680000e-01 -4.043770e-01 -2.196693e-01 2.081668e-17 1.780000e-01 -4.016557e-01 -2.104798e-01
-5.300000e-01 1.780000e-01 -1.853375e-01 -2.697983e-01 -5.300000e-01 1.880000e-01 -1.866352e-01 -2.599709e-01
2.081668e-17 1.780000e-01 -4.016557e-01 -2.104798e-01 2.081668e-17 1.880000e-01 -3.989536e-01 -2.012781e-01
-5.300000e-01 1.880000e-01 -1.866352e-01 -2.599709e-01 -5.250000e-01 1.930000e-01 -1.871363e-01 -2.556966e-01
-5.250000e-01 1.930000e-01 -1.871363e-01 -2.556966e-01 -5.200000e-01 1.980000e-01 -1.877550e-01 -2.513926e-01
2.081668e-17 1.880000e-01 -3.989536e-01 -2.012781e-01 2.081668e-17 1.980000e-01 -3.962707e-01 -1.920643e-01
-5.200000e-01 1.980000e-01 -1.877550e-01 -2.513926e-01 -5.200000e-01 2.080000e-01 -1.889780e-01 -2.415430e-01
2.081668e-17 1.980000e-01 -3.962707e-01 -1.920643e-01 2.081668e-17 2.080000e-01 -3.936068e-01 -1.828388e-01
-5.200000e-01 2.080000e-01 -1.889780e-01 -2.415430e-01 -5.200000e-01 2.180000e-01 -1.901859e-01 -2.316904e-01
2.081668e-17 2.080000e-01 -3.936068e-01 -1.828388e-01 2.081668e-17 2.180000e-01 -3.909616e-01 -1.736017e-01
-5.200000e-01 2.180000e-01 -1.901859e-01 -2.316904e-01 -5.200000e-01 2.280000e-01 -1.913790e-01 -2.218348e-01
2.081668e-17 2.180000e-01 -3.909616e-01 -1.736017e-01 2.081668e-17 2.280000e-01 -3.883352e-01 -1.643533e-01
-5.200000e-01 2.280000e-01 -1.913790e-01 -2.218348e-01 -5.200000e-01 2.380000e-01 -1.925576e-01 -2.119764e-01
2.081668e-17 2.280000e-01 -3.883352e-01 -1.643533e-01 2.081668e-17 2.380000e-01 -3.857273e-01 -1.550938e-01
-5.200000e-01 2.380000e-01 -1.925576e-01 -2.119764e-01 -5.200000e-01 2.480000e-01 -1.937219e-01 -2.021151e-01
2.081668e-17 2.380000e-01 -3.857273e-01 -1.550938e-01 2.081668e-17 2.480000e-01 -3.831378e-01 -1.458234e-01
-5.200000e-01 2.480000e-01 -1.937219e-01 -2.021151e-01 -5.150000e-01 2.530000e-01 -1.941644e-01 -1.977585e-01
-5.150000e-01 2.530000e-01 -1.941644e-01 -1.977585e-01 -5.100000e-01 2.580000e-01 -1.947196e-01 -1.933726e-01
2.081668e-17 2.480000e-01 -3.831378e-01 -1.458234e-01 2.081668e-17 2.580000e-01 -3.805664e-01 -1.365424e-01
-5.100000e-01 2.580000e-01 -1.947196e-01 -1.933726e-01 -5.100000e-01 2.680000e-01 -1.958118e-01 -1.834925e-01
2.081668e-17 2.580000e-01 -3.805664e-01 -1.365424e-01 2.081668e-17 2.680000e-01 -3.780132e-01 -1.272509e-01
-5.100000e-01 2.680000e-01 -1.958118e-01 -1.834925e-01 -5.100000e-01 2.780000e-01 -1.968908e-01 -1.736101e-01
2.081668e-17 2.680000e-01 -3.780132e-01 -1.272509e-01 2.081668e-17 2.780000e-01 -3.754778e-01 -1.179491e-01
-5.100000e-01 2.780000e-01 -1.968908e-01 -1.736101e-01 -5.100000e-01 2.880000e-01 -1.979568e-01 -1.637254e-01
2.081668e-17 2.780000e-01 -3.754778e-01 -1.179491e-01 2.081668e-17 2.880000e-01 -3.729602e-01 -1.086372e-01
-5.100000e-01 2.880000e-01 -1.979568e-01 -1.637254e-01 -5.100000e-01 2.980000e-01 -1.990101e-01 -1.538385e-01
2.081668e-17 2.880000e-01 -3.729602e-01 -1.086372e-01 2.081668e-17 2.980000e-01 -3.704603e-01 -9.931544e-02
-5.100000e-01 2.980000e-01 -1.990101e-01 -1.538385e-01 -5.050000e-01 3.030000e-01 -1.994197e-01 -1.494145e-01
-5.050000e-01 3.030000e-01 -1.994197e-01 -1.494145e-01 -5.000000e-01 3.080000e-01 -1.999381e-01 -1.449614e-01
2.081668e-17 2.980000e-01 -3.704603e-01 -9.931544e-02 2.081668e-17 3.080000e-01 -3.679778e-01 -8.998400e-02
-5.000000e-01 3.080000e-01 -1.999381e-01 -1.449614e-01 -5.000000e-01 3.180000e-01 -2.009210e-01 -1.350582e-01
2.081668e-17 3.080000e-01 -3.679778e-01 -8.998400e-02 2.081668e-17 3.180000e-01 -3.655127e-01 -8.064302e-02
-5.000000e-01 3.180000e-01 -2.009210e-01 -1.350582e-01 -5.000000e-01 3.280000e-01 -2.018923e-01 -1.251531e-01
-5.000000e-03 3.230000e-01 -3.646763e-01 -7.719187e-02 -1.000000e-02 3.280000e-01 -3.637060e-01 -7.373292e-02
2.081668e-17 3.180000e-01 -3.655127e-01 -8.064302e-02 -5.000000e-03 3.230000e-01 -3.646763e-01 -7.719187e-02
-5.000000e-01 3.280000e-01 -2.018923e-01 -1.251531e-01 -5.000000e-01 3.380000e-01 -2.028520e-01 -1.152463e-01
-1.000000e-02 3.280000e-01 -3.637060e-01 -7.373292e-02 -1.000000e-02 3.380000e-01 -3.612739e-01 -6.435621e-02
-5.000000e-01 3.380000e-01 -2.028520e-01 -1.152463e-01 -5.000000e-01 3.480000e-01 -2.038004e-01 -1.053377e-01
-1.000000e-02 3.380000e-01 -3.612739e-01 -6.435621e-02 -1.000000e-02 3.480000e-01 -3.588591e-01 -5.497061e-02
-5.000000e-01 3.480000e-01 -2.038004e-01 -1.053377e-01 -4.950000e-01 3.530000e-01 -2.041739e-01 -1.008513e-01
-4.950000e-01 3.530000e-01 -2.041739e-01 -1.008513e-01 -4.900000e-01 3.580000e-01 -2.046524e-01 -9.633605e-02
-1.000000e-02 3.480000e-01 -3.588591e-01 -5.497061e-02 -1.000000e-02 3.580000e-01 -3.564615e-01 -4.557634e-02
-4.900000e-01 3.580000e-01 -2.046524e-01 -9.633605e-02 -4.900000e-01 3.680000e-01 -2.055322e-01 -8.641341e-02
-1.000000e-02 3.580000e-01 -3.564615e-01 -4.557634e-02 -1.000000e-02 3.680000e-01 -3.540809e-01 -3.617349e-02
-4.900000e-01 3.680000e-01 -2.055322e-01 -8.641341e-02 -4.900000e-01 3.780000e-01 -2.064016e-01 -7.648935e-02
-1.000000e-02 3.680000e-01 -3.540809e-01 -3.617349e-02 -1.000000e-02 3.780000e-01 -3.517173e-01 -2.676227e-02
-4.900000e-01 3.780000e-01 -2.064016e-01 -7.648935e-02 -4.900000e-01 3.880000e-01 -2.072610e-01 -6.656392e-02
-1.000000e-02 3.780000e-01 -3.517173e-01 -2.676227e-02 -1.000000e-02 3.880000e-01 -3.493705e-01 -1.734276e-02
-4.900000e-01 3.880000e-01 -2.072610e-01 -6.656392e-02 -4.900000e-01 3.980000e-01 -2.081103e-01 -5.663705e-02
-1.000000e-02 3.880000e-01 -3.493705e-01 -1.734276e-02 -1.000000e-02 3.980000e-01 -3.470402e-01 -7.915171e-03
-4.900000e-01 3.980000e-01 -2.081103e-01 -5.663705e-02 -4.850000e-01 4.030000e-01 -2.084447e-01 -5.209285e-02
-4.850000e-01 4.030000e-01 -2.084447e-01 -5.209285e-02 -4.800000e-01 4.080000e-01 -2.088800e-01 -4.751997e-02
-1.000000e-02 3.980000e-01 -3.470402e-01 -7.915171e-03 -1.000000e-02 4.080000e-01 -3.447265e-01 1.520373e-03
-4.800000e-01 4.080000e-01 -2.088800e-01 -4.751997e-02 -4.800000e-01 4.180000e-01 -2.096625e-01 -3.758113e-02
-1.000000e-02 4.080000e-01 -3.447265e-01 1.520373e-03 -1.000000e-02 4.180000e-01 -3.424292e-01 1.096376e-02
-4.800000e-01 4.180000e-01 -2.096625e-01 -3.758113e-02 -4.800000e-01 4.280000e-01 -2.104358e-01 -2.764115e-02
-1.000000e-02 4.180000e-01 -3.424292e-01 1.096376e-02 -1.000000e-02 4.280000e-01 -3.401482e-01 2.041477e-02
-4.800000e-01 4.280000e-01 -2.104358e-01 -2.764115e-02 -4.800000e-01 4.380000e-01 -2.112003e-01 -1.770010e-02
-1.000000e-02 4.280000e-01 -3.401482e-01 2.041477e-02 -1.000000e-02 4.380000e-01 -3.378832e-01 2.987335e-02
-4.800000e-01 4.380000e-01 -2.112003e-01 -1.770010e-02 -4.800000e-01 4.480000e-01 -2.119561e-01 -7.758005e-03
-1.000000e-02 4.380000e-01 -3.378832e-01 2.987335e-02 -1.000000e-02 4.480000e-01 -3.356342e-01 3.933935e-02
-4.800000e-01 4.480000e-01 -2.119561e-01 -7.758005e-03 -4.750000e-01 4.530000e-01 -2.122485e-01 -3.160098e-03
-4.750000e-01 4.530000e-01 -2.122485e-01 -3.160098e-03 -4.700000e-01 4.580000e-01 -2.126376e-01 1.466210e-03
-1.000000e-02 4.480000e-01 -3.356342e-01 3.933935e-02 -1.000000e-02 4.580000e-01 -3.334011e-01 4.881262e-02
-4.700000e-01 4.580000e-01 -2.126376e-01 1.466210e-03 -4.700000e-01 4.680000e-01 -2.133282e-01 1.141856e-02
-1.000000e-02 4.580000e-01 -3.334011e-01 4.881262e-02 -1.000000e-02 4.680000e-01 -3.311837e-01 5.829305e-02
-4.700000e-01 4.680000e-01 -2.133282e-01 1.141856e-02 -4.700000e-01 4.780000e-01 -2.140108e-01 2.137177e-02
-1.000000e-02 4.680000e-01 -3.311837e-01 5.829305e-02 -1.000000e-02 4.780000e-01 -3.289820e-01 6.778051e-02
-4.700000e-01 4.780000e-01 -2.140108e-01 2.137177e-02 -4.700000e-01 4.880000e-01 -2.146857e-01 3.132578e-02
-1.000000e-02 4.780000e-01 -3.289820e-01 6.778051e-02 -1.000000e-02 4.880000e-01 -3.267957e-01 7.727491e-02
-4.700000e-01 4.880000e-01 -2.146857e-01 3.132578e-02 -4.700000e-01 4.980000e-01 -2.153530e-01 4.128066e-02
-1.000000e-02 4.880000e-01 -3.267957e-01 7.727491e-02 -1.000000e-02 4.980000e-01 -3.246248e-01 8.677608e-02
-4.700000e-01 4.980000e-01 -2.153530e-01 4.128066e-02 -4.650000e-01 5.030000e-01 -2.156008e-01 4.592846e-02
-4.650000e-01 5.030000e-01 -2.156008e-01 4.592846e-02 -4.600000e-01 5.080000e-01 -2.159406e-01 5.060436e-02
-1.000000e-02 4.980000e-01 -3.246248e-01 8.677608e-02 -1.000000e-02 5.080000e-01 -3.224691e-01 9.628396e-02
-4.600000e-01 5.080000e-01 -2.159406e-01 5.060436e-02 -4.600000e-01 5.180000e-01 -2.165445e-01 6.056785e-02
-1.000000e-02 5.080000e-01 -3.224691e-01 9.628396e-02 -1.000000e-02 5.180000e-01 -3.203285e-01 1.057984e-01
-4.600000e-01 5.180000e-01 -2.165445e-01 6.056785e-02 -4.600000e-01 5.280000e-01 -2.171416e-01 7.053203e-02
-1.000000e-02 5.180000e-01 -3.203285e-01 1.057984e-01 -1.000000e-02 5.280000e-01 -3.182030e-01 1.153193e-01
-4.600000e-01 5.280000e-01 -2.171416e-01 7.053203e-02 -4.600000e-01 5.380000e-01 -2.177320e-01 8.049677e-02
-1.000000e-02 5.280000e-01 -3.182030e-01 1.153193e-01 -1.000000e-02 5.380000e-01 -3.160923e-01 1.248465e-01
-4.600000e-01 5.380000e-01 -2.177320e-01 8.049677e-02 -4.550000e-01 5.430000e-01 -2.179596e-01 8.518745e-02
-4.550000e-01 5.430000e-01 -2.179596e-01 8.518745e-02 -4.500000e-01 5.480000e-01 -2.182759e-01 8.990612e-02
-1.500000e-02 5.430000e-01 -3.153355e-01 1.285652e-01 -2.000000e-02 5.480000e-01 -3.144650e-01 1.322954e-01
-1.000000e-02 5.380000e-01 -3.160923e-01 1.248465e-01 -1.500000e-02 5.430000e-01 -3.153355e-01 1.285652e-01
-4.500000e-01 5.480000e-01 -2.182759e-01 8.990612e-02 -4.500000e-01 5.580000e-01 -2.188039e-01 9.987828e-02
-2.000000e-02 5.480000e-01 -3.144650e-01 1.322954e-01 -2.000000e-02 5.580000e-01 -3.123921e-01 1.418498e-01
-4.500000e-01 5.580000e-01 -2.188039e-01 9.987828e-02 -4.500000e-01 5.680000e-01 -2.193260e-01 1.098509e-01
-2.000000e-02 5.580000e-01 -3.123921e-01 1.418498e-01 -2.000000e-02 5.680000e-01 -3.103341e-01 1.514101e-01
-4.500000e-01 5.680000e-01 -2.193260e-01 1.098509e-01 -4.500000e-01 5.780000e-01 -2.198424e-01 1.198240e-01
-2.000000e-02 5.680000e-01 -3.103341e-01 1.514101e-01 -2.000000e-02 5.780000e-01 -3.082908e-01 1.609763e-01
-4.500000e-01 5.780000e-01 -2.198424e-01 1.198240e-01 -4.500000e-01 5.880000e-01 -2.203530e-01 1.297976e-01
-2.000000e-02 5.780000e-01 -3.082908e-01 1.609763e-01 -2.000000e-02 5.880000e-01 -3.062621e-01 1.705481e-01
-4.500000e-01 5.880000e-01 -2.203530e-01 1.297976e-01 -4.450000e-01 5.930000e-01 -2.205301e-01 1.345320e-01
-4.450000e-01 5.930000e-01 -2.205301e-01 1.345320e-01 -4.400000e-01 5.980000e-01 -2.207913e-01 1.392940e-01
-2.000000e-02 5.880000e-01 -3.062621e-01 1.705481e-01 -2.000000e-02 5.980000e-01 -3.042479e-01 1.801256e-01
-4.400000e-01 5.980000e-01 -2.207913e-01 1.392940e-01 -4.400000e-01 6.080000e-01 -2.212414e-01 1.492737e-01
-2.000000e-02 5.980000e-01 -3.042479e-01 1.801256e-01 -2.000000e-02 6.080000e-01 -3.022480e-01 1.897087e-01
-4.400000e-01 6.080000e-01 -2.212414e-01 1.492737e-01 -4.400000e-01 6.180000e-01 -2.216865e-01 1.592537e-01
-2.000000e-02 6.080000e-01 -3.022480e-01 1.897087e-01 -2.000000e-02 6.180000e-01 -3.002624e-01 1.992972e-01
-4.400000e-01 6.180000e-01 -2.216865e-01 1.592537e-01 -4.400000e-01 6.280000e-01 -2.221267e-01 1.692341e-01
-2.000000e-02 6.180000e-01 -3.002624e-01 1.992972e-01 -2.000000e-02 6.280000e-01 -2.982910e-01 2.088910e-01
-4.400000e-01 6.280000e-01 -2.221267e-01 1.692341e-01 -4.350000e-01 6.330000e-01 -2.222777e-01 1.740066e-01
-4.350000e-01 6.330000e-01 -2.222777e-01 1.740066e-01 -4.300000e-01 6.380000e-01 -2.225090e-01 1.788066e-01
-2.000000e-02 6.280000e-01 -2.982910e-01 2.088910e-01 -2.000000e-02 6.380000e-01 -2.963336e-01 2.184902e-01
-4.300000e-01 6.380000e-01 -2.225090e-01 1.788066e-01 -4.300000e-01 6.480000e-01 -2.228898e-01 1.887920e-01
-2.000000e-02 6.380000e-01 -2.963336e-01 2.184902e-01 -2.000000e-02 6.480000e-01 -2.943901e-01 2.280945e-01
-4.300000e-01 6.480000e-01 -2.228898e-01 1.887920e-01 -4.300000e-01 6.580000e-01 -2.232665e-01 1.987777e-01
-2.000000e-02 6.480000e-01 -2.943901e-01 2.280945e-01 -2.000000e-02 6.580000e-01 -2.924604e-01 2.377040e-01
-4.300000e-01 6.580000e-01 -2.232665e-01 1.987777e-01 -4.300000e-01 6.680000e-01 -2.236391e-01 2.087636e-01
-2.000000e-02 6.580000e-01 -2.924604e-01 2.377040e-01 -2.000000e-02 6.680000e-01 -2.905444e-01 2.473185e-01
-4.300000e-01 6.680000e-01 -2.236391e-01 2.087636e-01 -4.250000e-01 6.730000e-01 -2.237609e-01 2.135723e-01
-4.250000e-01 6.730000e-01 -2.237609e-01 2.135723e-01 -4.200000e-01 6.780000e-01 -2.239591e-01 2.184083e-01
-2.500000e-02 6.730000e-01 -2.898374e-01 2.511769e-01 -3.000000e-02 6.780000e-01 -2.890304e-01 2.550490e-01
-2.000000e-02 6.680000e-01 -2.905444e-01 2.473185e-01 -2.500000e-02 6.730000e-01 -2.898374e-01 2.511769e-01
-4.200000e-01 6.780000e-01 -2.239591e-01 2.184083e-01 -4.200000e-01 6.880000e-01 -2.242735e-01 2.283984e-01
-3.000000e-02 6.780000e-01 -2.890304e-01 2.550490e-01 -3.000000e-02 6.880000e-01 -2.871553e-01 2.646869e-01
-4.200000e-01 6.880000e-01 -2.242735e-01 2.283984e-01 -4.200000e-01 6.980000e-01 -2.245845e-01 2.383886e-01
-3.000000e-02 6.880000e-01 -2.871553e-01 2.646869e-01 -3.000000e-02 6.980000e-01 -2.852939e-01 2.743294e-01
-4.200000e-01 6.980000e-01 -2.245845e-01 2.383886e-01 -4.200000e-01 7.080000e-01 -2.248921e-01 2.483790e-01
-3.000000e-02 6.980000e-01 -2.852939e-01 2.743294e-01 -3.000000e-02 7.080000e-01 -2.834460e-01 2.839766e-01
-4.200000e-01 7.080000e-01 -2.248921e-01 2.483790e-01 -4.150000e-01 7.130000e-01 -2.249818e-01 2.532220e-01
-4.150000e-01 7.130000e-01 -2.249818e-01 2.532220e-01 -4.100000e-01 7.180000e-01 -2.251439e-01 2.580919e-01
-3.000000e-02 7.080000e-01 -2.834460e-01 2.839766e-01 -3.000000e-02 7.180000e-01 -2.816114e-01 2.936283e-01
-4.100000e-01 7.180000e-01 -2.251439e-01 2.580919e-01 -4.100000e-01 7.280000e-01 -2.253946e-01 2.680856e-01
-3.000000e-02 7.180000e-01 -2.816114e-01 2.936283e-01 -3.000000e-02 7.280000e-01 -2.797901e-01 3.032844e-01
-4.100000e-01 7.280000e-01 -2.253946e-01 2.680856e-01 -4.100000e-01 7.380000e-01 -2.256426e-01 2.780794e-01
-3.000000e-02 7.280000e-01 -2.797901e-01 3.032844e-01 -3.000000e-02 7.380000e-01 -2.779821e-01 3.129450e-01
-4.100000e-01 7.380000e-01 -2.256426e-01 2.780794e-01 -4.050000e-01 7.430000e-01 -2.257237e-01 2.829535e-01
-4.050000e-01 7.430000e-01 -2.257237e-01 2.829535e-01 -4.000000e-01 7.480000e-01 -2.258737e-01 2.878546e-01
-3.000000e-02 7.380000e-01 -2.779821e-01 3.129450e-01 -3.000000e-02 7.480000e-01 -2.761870e-01 3.226099e-01
-4.000000e-01 7.480000e-01 -2.258737e-01 2.878546e-01 -4.000000e-01 7.580000e-01 -2.260655e-01 2.978509e-01
-3.000000e-02 7.480000e-01 -2.761870e-01 3.226099e-01 -3.000000e-02 7.580000e-01 -2.744049e-01 3.322790e-01
-4.000000e-01 7.580000e-01 -2.260655e-01 2.978509e-01 -4.000000e-01 7.680000e-01 -2.262552e-01 3.078472e-01
-3.500000e-02 7.630000e-01 -2.737282e-01 3.362310e-01 -4.000000e-02 7.680000e-01 -2.729623e-01 3.401982e-01
-3.000000e-02 7.580000e-01 -2.744049e-01 3.322790e-01 -3.500000e-02 7.630000e-01 -2.737282e-01 3.362310e-01
-4.000000e-01 7.680000e-01 -2.262552e-01 3.078472e-01 -4.000000e-01 7.780000e-01 -2.264429e-01 3.178436e-01
-4.000000e-02 7.680000e-01 -2.729623e-01 3.401982e-01 -4.000000e-02 7.780000e-01 -2.712236e-01 3.498884e-01
-4.000000e-01 7.780000e-01 -2.264429e-01 3.178436e-01 -3.950000e-01 7.830000e-01 -2.264859e-01 3.227488e-01
-3.950000e-01 7.830000e-01 -2.264859e-01 3.227488e-01 -3.900000e-01 7.880000e-01 -2.265934e-01 3.276807e-01
-4.000000e-02 7.780000e-01 -2.712236e-01 3.498884e-01 -4.000000e-02 7.880000e-01 -2.694978e-01 3.595827e-01
-3.900000e-01 7.880000e-01 -2.265934e-01 3.276807e-01 -3.900000e-01 7.980000e-01 -2.267262e-01 3.376789e-01
-4.000000e-02 7.880000e-01 -2.694978e-01 3.595827e-01 -4.000000e-02 7.980000e-01 -2.677848e-01 3.692808e-01
-3.900000e-01 7.980000e-01 -2.267262e-01 3.376789e-01 -3.900000e-01 8.080000e-01 -2.268577e-01 3.476771e-01
-4.000000e-02 7.980000e-01 -2.677848e-01 3.692808e-01 -4.000000e-02 8.080000e-01 -2.660843e-01 3.789828e-01
-3.900000e-01 8.080000e-01 -2.268577e-01 3.476771e-01 -3.850000e-01 8.130000e-01 -2.268857e-01 3.526110e-01
-3.850000e-01 8.130000e-01 -2.268857e-01 3.526110e-01 -3.800000e-01 8.180000e-01 -2.269745e-01 3.575715e-01
-4.000000e-02 8.080000e-01 -2.660843e-01 3.789828e-01 -4.000000e-02 8.180000e-01 -2.643963e-01 3.886885e-01
-3.800000e-01 8.180000e-01 -2.269745e-01 3.575715e-01 -3.800000e-01 8.280000e-01 -2.270519e-01 3.675708e-01
-4.000000e-02 8.180000e-01 -2.643963e-01 3.886885e-01 -4.000000e-02 8.280000e-01 -2.627208e-01 3.983979e-01
-3.800000e-01 8.280000e-01 -2.270519e-01 3.675708e-01 -3.800000e-01 8.380000e-01 -2.271286e-01 3.775702e-01
-4.000000e-02 8.280000e-01 -2.627208e-01 3.983979e-01 -4.000000e-02 8.380000e-01 -2.610575e-01 4.081110e-01
-3.800000e-01 8.380000e-01 -2.271286e-01 3.775702e-01 -3.800000e-01 8.480000e-01 -2.272044e-01 3.875696e-01
-4.500000e-02 8.430000e-01 -2.604195e-01 4.121437e-01 -5.000000e-02 8.480000e-01 -2.597029e-01 4.161931e-01
-4.000000e-02 8.380000e-01 -2.610575e-01 4.081110e-01 -4.500000e-02 8.430000e-01 -2.604195e-01 4.121437e-01
-3.800000e-01 8.480000e-01 -2.272044e-01 3.875696e-01 -3.750000e-01 8.530000e-01 -2.271883e-01 3.925316e-01
-3.750000e-01 8.530000e-01 -2.271883e-01 3.925316e-01 -3.700000e-01 8.580000e-01 -2.272287e-01 3.975197e-01
-5.000000e-02 8.480000e-01 -2.597029e-01 4.161931e-01 -5.000000e-02 8.580000e-01 -2.580852e-01 4.259255e-01
-3.700000e-01 8.580000e-01 -2.272287e-01 3.975197e-01 -3.700000e-01 8.680000e-01 -2.272520e-01 4.075195e-01
-5.000000e-02 8.580000e-01 -2.580852e-01 4.259255e-01 -5.000000e-02 8.680000e-01 -2.564796e-01 4.356612e-01
-3.700000e-01 8.680000e-01 -2.272520e-01 4.075195e-01 -3.700000e-01 8.780000e-01 -2.272751e-01 4.175194e-01
-5.000000e-02 8.680000e-01 -2.564796e-01 4.356612e-01 -5.000000e-02 8.780000e-01 -2.548860e-01 4.454003e-01
-3.700000e-01 8.780000e-01 -2.272751e-01 4.175194e-01 -3.650000e-01 8.830000e-01 -2.272378e-01 4.225079e-01
-3.650000e-01 8.830000e-01 -2.272378e-01 4.225079e-01 -3.600000e-01 8.880000e-01 -2.272529e-01 4.275221e-01
-5.000000e-02 8.780000e-01 -2.548860e-01 4.454003e-01 -5.000000e-02 8.880000e-01 -2.533043e-01 4.551427e-01
-3.600000e-01 8.880000e-01 -2.272529e-01 4.275221e-01 -3.600000e-01 8.980000e-01 -2.272245e-01 4.375219e-01
-5.000000e-02 8.880000e-01 -2.533043e-01 4.551427e-01 -5.000000e-02 8.980000e-01 -2.517344e-01 4.648883e-01
-3.600000e-01 8.980000e-01 -2.272245e-01 4.375219e-01 -3.600000e-01 9.080000e-01 -2.271964e-01 4.475218e-01
-5.500000e-02 9.030000e-01 -2.511214e-01 4.689835e-01 -6.000000e-02 9.080000e-01 -2.504390e-01 4.730966e-01
-5.000000e-02 8.980000e-01 -2.517344e-01 4.648883e-01 -5.500000e-02 9.030000e-01 -2.511214e-01 4.689835e-01
-3.600000e-01 9.080000e-01 -2.271964e-01 4.475218e-01 -3.550000e-01 9.130000e-01 -2.271347e-01 4.525356e-01
-3.550000e-01 9.130000e-01 -2.271347e-01 4.525356e-01 -3.500000e-01 9.180000e-01 -2.271214e-01 4.575748e-01
-6.000000e-02 9.080000e-01 -2.504390e-01 4.730966e-01 -6.000000e-02 9.180000e-01 -2.489165e-01 4.828601e-01
-3.500000e-01 9.180000e-01 -2.271214e-01 4.575748e-01 -3.500000e-01 9.280000e-01 -2.270429e-01 4.675741e-01
-6.000000e-02 9.180000e-01 -2.489165e-01 4.828601e-01 -6.000000e-02 9.280000e-01 -2.474055e-01 4.926266e-01
-3.500000e-01 9.280000e-01 -2.270429e-01 4.675741e-01 -3.450000e-01 9.330000e-01 -2.269786e-01 4.726126e-01
-3.450000e-01 9.330000e-01 -2.269786e-01 4.726126e-01 -3.400000e-01 9.380000e-01 -2.269591e-01 4.776765e-01
-6.000000e-02 9.280000e-01 -2.474055e-01 4.926266e-01 -6.000000e-02 9.380000e-01 -2.459061e-01 5.023961e-01
-3.400000e-01 9.380000e-01 -2.269591e-01 4.776765e-01 -3.400000e-01 9.480000e-01 -2.268309e-01 4.876748e-01
-6.000000e-02 9.380000e-01 -2.459061e-01 5.023961e-01 -6.000000e-02 9.480000e-01 -2.444181e-01 5.121685e-01
-3.400000e-01 9.480000e-01 -2.268309e-01 4.876748e-01 -3.400000e-01 9.580000e-01 -2.267039e-01 4.976731e-01
-6.500000e-02 9.530000e-01 -2.438274e-01 5.163175e-01 -7.000000e-02 9.580000e-01 -2.431757e-01 5.204855e-01
-6.000000e-02 9.480000e-01 -2.444181e-01 5.121685e-01 -6.500000e-02 9.530000e-01 -2.438274e-01 5.163175e-01
-3.400000e-01 9.580000e-01 -2.267039e-01 4.976731e-01 -3.350000e-01 9.630000e-01 -2.266087e-01 5.027351e-01
-3.350000e-01 9.630000e-01 -2.266087e-01 5.027351e-01 -3.300000e-01 9.680000e-01 -2.265540e-01 5.078221e-01
-7.000000e-02 9.580000e-01 -2.431757e-01 5.204855e-01 -7.000000e-02 9.680000e-01 -2.417367e-01 5.302747e-01
-3.300000e-01 9.680000e-01 -2.265540e-01 5.078221e-01 -3.300000e-01 9.780000e-01 -2.263785e-01 5.178189e-01
-7.000000e-02 9.680000e-01 -2.417367e-01 5.302747e-01 -7.000000e-02 9.780000e-01 -2.403087e-01 5.400665e-01
-3.300000e-01 9.780000e-01 -2.263785e-01 5.178189e-01 -3.300000e-01 9.880000e-01 -2.262048e-01 5.278158e-01
-7.000000e-02 9.780000e-01 -2.403087e-01 5.400665e-01 -7.000000e-02 9.880000e-01 -2.388918e-01 5.498609e-01
-3.300000e-01 9.880000e-01 -2.262048e-01 5.278158e-01 -3.250000e-01 9.930000e-01 -2.260757e-01 5.329003e-01
-3.250000e-01 9.930000e-01 -2.260757e-01 5.329003e-01 -3.200000e-01 9.980000e-01 -2.259828e-01 5.380093e-01
-7.500000e-02 9.930000e-01 -2.383175e-01 5.540564e-01 -8.000000e-02 9.980000e-01 -2.376899e-01 5.582716e-01
-7.000000e-02 9.880000e-01 -2.388918e-01 5.498609e-01 -7.500000e-02 9.930000e-01 -2.383175e-01 5.540564e-01
-3.200000e-01 9.980000e-01 -2.259828e-01 5.380093e-01 -3.200000e-01 1.008000e+00 -2.257618e-01 5.480044e-01
-8.000000e-02 9.980000e-01 -2.376899e-01 5.582716e-01 -8.000000e-02 1.008000e+00 -2.363235e-01 5.680819e-01
-3.654871e-01 -1.054159e+00 -1.200812e+00 -1.010547e+00 -3.654871e-01 -1.054159e+00 -1.200051e+00 -1.032314e+00
-3.654871e-01 -1.054159e+00 -1.200051e+00 -1.032314e+00 -3.654871e-01 -1.054159e+00 -1.197748e+00 -1.054209e+00
-3.654871e-01 -1.054159e+00 -1.197748e+00 -1.054209e+00 -3.654871e-01 -1.054159e+00 -1.193862e+00 -1.076233e+00
-3.654871e-01 -1.054159e+00 -1.193862e+00 -1.076233e+00 -3.654871e-01 -1.054159e+00 -1.188335e+00 -1.098391e+00
-3.654871e-01 -1.054159e+00 -1.188335e+00 -1.098391e+00 -3.654871e-01 -1.054159e+00 -1.181086e+00 -1.120686e+00
-3.654871e-01 -1.054159e+00 -1.181086e+00 -1.120686e+00 -3.654871e-01 -1.054159e+00 -1.172014e+00 -1.143127e+00
-3.654871e-01 -1.054159e+00 -1.172014e+00 -1.143127e+00 -3.654871e-01 -1.054159e+00 -1.160988e+00 -1.165720e+00
-3.654871e-01 -1.054159e+00 -1.160988e+00 -1.165720e+00 -3.654871e-01 -1.054159e+00 -1.147843e+00 -1.188474e+00
-3.654871e-01 -1.054159e+00 -1.147843e+00 -1.188474e+00 -3.654871e-01 -1.054159e+00 -1.132367e+00 -1.211402e+00
-3.654871e-01 -1.054159e+00 -1.132367e+00 -1.211402e+00 -3.654871e-01 -1.054159e+00 -1.114295e+00 -1.234516e+00
-3.654871e-01 -1.054159e+00 -1.114295e+00 -1.234516e+00 -3.654871e-01 -1.054159e+00 -1.093283e+00 -1.257832e+00
-3.654871e-01 -1.054159e+00 -1.093283e+00 -1.257832e+00 -3.654871e-01 -1.054159e+00 -1.068885e+00 -1.281371e+00
-3.654871e-01 -1.054159e+00 -1.068885e+00 -1.281371e+00 -3.654871e-01 -1.054159e+00 -1.040510e+00 -1.305153e+00
-3.654871e-01 -1.054159e+00 -1.040510e+00 -1.305153e+00 -3.654871e-01 -1.054159e+00 -1.007360e+00 -1.329206e+00
-3.654871e-01 -1.054159e+00 -1.007360e+00 -1.329206e+00 -3.654871e-01 -1.054159e+00 -9.683272e-01 -1.353558e+00
-3.654871e-01 -1.054159e+00 -9.683272e-01 -1.353558e+00 -3.654871e-01 -1.054159e+00 -9.218277e-01 -1.378232e+00
-3.654871e-01 -1.054159e+00 -9.218277e-01 -1.378232e+00 -3.654871e-01 -1.054159e+00 -8.655257e-01 -1.403232e+00
-3.654871e-01 -1.054159e+00 -8.655257e-01 -1.403232e+00 -3.654871e-01 -1.054159e+00 -7.958785e-01 -1.428490e+00
-3.654871e-01 -1.054159e+00 -7.958785e-01 -1.428490e+00 -3.654871e-01 -1.054159e+00 -7.075332e-01 -1.453695e+00
-3.654871e-01 -1.054159e+00 -7.075332e-01 -1.453695e+00 -3.654871e-01 -1.054159e+00 -5.934931e-01 -1.477769e+00
-3.654871e-01 -1.054159e+00 -5.934931e-01 -1.477769e+00 -3.654871e-01 -1.054159e+00 -4.510441e-01 -1.497650e+00
-3.654871e-01 -1.054159e+00 -4.510441e-01 -1.497650e+00 -3.654871e-01 -1.054159e+00 -2.978787e-01 -1.508399e+00
-3.654871e-01 -1.054159e+00 -2.978787e-01 -1.508399e+00 -3.654871e-01 -1.054159e+00 -1.636247e-01 -1.508562e+00
-3.654871e-01 -1.054159e+00 -1.636247e-01 -1.508562e+00 -3.654871e-01 -1.054159e+00 -5.734214e-02 -1.501280e+00
-3.654871e-01 -1.054159e+00 -5.734214e-02 -1.501280e+00 -3.654871e-01 -1.054159e+00 2.632184e-02 -1.489630e+00
-3.654871e-01 -1.054159e+00 2.632184e-02 -1.489630e+00 -3.654871e-01 -1.054159e+00 9.373981e-02 -1.475377e+00
-3.654871e-01 -1.054159e+00 9.373981e-02 -1.475377e+00 -3.654871e-01 -1.054159e+00 1.494284e-01 -1.459465e+00
-3.654871e-01 -1.054159e+00 1.494284e-01 -1.459465e+00 -3.654871e-01 -1.054159e+00 1.963664e-01 -1.442423e+00
-3.654871e-01 -1.054159e+00 1.963664e-01 -1.442423e+00 -3.654871e-01 -1.054159e+00 2.365411e-01 -1.424569e+00
-3.654871e-01 -1.054159e+00 2.365411e-01 -1.424569e+00 -3.654871e-01 -1.054159e+00 2.713184e-01 -1.406104e+00
-3.654871e-01 -1.054159e+00 2.713184e-01 -1.406104e+00 -3.654871e-01 -1.054159e+00 3.016666e-01 -1.387163e+00
-3.654871e-01 -1.054159e+00 3.016666e-01 -1.387163e+00 -3.654871e-01 -1.054159e+00 3.282916e-01 -1.367837e+00
-3.654871e-01 -1.054159e+00 3.282916e-01 -1.367837e+00 -3.654871e-01 -1.054159e+00 3.517202e-01 -1.348194e+00
-3.654871e-01 -1.054159e+00 3.517202e-01 -1.348194e+00 -3.654871e-01 -1.054159e+00 3.723536e-01 -1.328282e+00
-3.654871e-01 -1.054159e+00 3.723536e-01 -1.328282e+00 -3.654871e-01 -1.054159e+00 3.905020e-01 -1.308139e+00
-3.654871e-01 -1.054159e+00 3.905020e-01 -1.308139e+00 -3.654871e-01 -1.054159e+00 4.064081e-01 -1.287791e+00
-3.654871e-01 -1.054159e+00 4.064081e-01 -1.287791e+00 -3.654871e-01 -1.054159e+00 4.202629e-01 -1.267260e+00
-3.654871e-01 -1.054159e+00 4.202629e-01 -1.267260e+00 -3.654871e-01 -1.054159e+00 4.322176e-01 -1.246563e+00
-3.654871e-01 -1.054159e+00 4.322176e-01 -1.246563e+00 -3.654871e-01 -1.054159e+00 4.423913e-01 -1.225712e+00
-3.654871e-01 -1.054159e+00 4.423913e-01 -1.225712e+00 -3.654871e-01 -1.054159e+00 4.508769e-01 -1.204717e+00
-3.654871e-01 -1.054159e+00 4.508769e-01 -1.204717e+00 -3.654871e-01 -1.054159e+00 4.577453e-01 -1.183586e+00
-3.654871e-01 -1.054159e+00 4.577453e-01 -1.183586e+00 -3.654871e-01 -1.054159e+00 4.630483e-01 -1.162322e+00
-3.654871e-01 -1.054159e+00 4.630483e-01 -1.162322e+00 -3.654871e-01 -1.054159e+00 4.668210e-01 -1.140931e+00
-3.654871e-01 -1.054159e+00 4.668210e-01 -1.140931e+00 -3.654871e-01 -1.054159e+00 4.690828e-01 -1.119414e+00
-3.654871e-01 -1.054159e+00 4.690828e-01 -1.119414e+00 -3.654871e-01 -1.054159e+00 4.698381e-01 -1.097771e+00
-3.654871e-01 -1.054159e+00 4.698381e-01 -1.097771e+00 -3.654871e-01 -1.054159e+00 4.690769e-01 -1.076004e+00
-3.654871e-01 -1.054159e+00 4.690769e-01 -1.076004e+00 -3.654871e-01 -1.054159e+00 4.667740e-01 -1.054109e+00
-3.654871e-01 -1.054159e+00 4.667740e-01 -1.054109e+00 -3.654871e-01 -1.054159e+00 4.628881e-01 -1.032085e+00
-3.654871e-01 -1.054159e+00 4.628881e-01 -1.032085e+00 -3.654871e-01 -1.054159e+00 4.573604e-01 -1.009927e+00
-3.654871e-01 -1.054159e+00 4.573604e-01 -1.009927e+00 -3.654871e-01 -1.054159e+00 4.501119e-01 -9.876315e-01
-3.654871e-01 -1.054159e+00 4.501119e-01 -9.876315e-01 -3.654871e-01 -1.054159e+00 4.410400e-01 -9.651910e-01
-3.654871e-01 -1.054159e+00 4.410400e-01 -9.651910e-01 -3.654871e-01 -1.054159e+00 4.300141e-01 -9.425982e-01
-3.654871e-01 -1.054159e+00 4.300141e-01 -9.425982e-01 -3.654871e-01 -1.054159e+00 4.168684e-01 -9.198437e-01
-3.654871e-01 -1.054159e+00 4.168684e-01 -9.198437e-01 -3.654871e-01 -1.054159e+00 4.013929e-01 -8.969162e-01
-3.654871e-01 -1.054159e+00 4.013929e-01 -8.969162e-01 -3.654871e-01 -1.054159e+00 3.833207e-01 -8.738022e-01
-3.654871e-01 -1.054159e+00 3.833207e-01 -8.738022e-01 -3.654871e-01 -1.054159e+00 3.623087e-01 -8.504857e-01
-3.654871e-01 -1.054159e+00 3.623087e-01 -8.504857e-01 -3.654871e-01 -1.054159e+00 3.379107e-01 -8.269474e-01
-3.654871e-01 -1.054159e+00 3.379107e-01 -8.269474e-01 -3.654871e-01 -1.054159e+00 3.095361e-01 -8.031647e-01
-3.654871e-01 -1.054159e+00 3.095361e-01 -8.031647e-01 -3.654871e-01 -1.054159e+00 2.763861e-01 -7.791116e-01
-3.654871e-01 -1.054159e+00 2.763861e-01 -7.791116e-01 -3.654871e-01 -1.054159e+00 2.373530e-01 -7.547604e-01
-3.654871e-01 -1.054159e+00 2.373530e-01 -7.547604e-01 -3.654871e-01 -1.054159e+00 1.908535e-01 -7.300864e-01
-3.654871e-01 -1.054159e+00 1.908535e-01 -7.300864e-01 -3.654871e-01 -1.054159e+00 1.345515e-01 -7.050857e-01
-3.654871e-01 -1.054159e+00 1.345515e-01 -7.050857e-01 -3.654871e-01 -1.054159e+00 6.490425e-02 -6.798276e-01
-3.654871e-01 -1.054159e+00 6.490425e-02 -6.798276e-01 -3.654871e-01 -1.054159e+00 -2.344099e-02 -6.546227e-01
-3.654871e-01 -1.054159e+00 -2.344099e-02 -6.546227e-01 -3.654871e-01 -1.054159e+00 -1.374811e-01 -6.305491e-01
-3.654871e-01 -1.054159e+00 -1.374811e-01 -6.305491e-01 -3.654871e-01 -1.054159e+00 -2.799302e-01 -6.106676e-01
-3.654871e-01 -1.054159e+00 -2.799302e-01 -6.106676e-01 -3.654871e-01 -1.054159e+00 -4.330955e-01 -5.999189e-01
-3.654871e-01 -1.054159e+00 -4.330955e-01 -5.999189e-01 -3.654871e-01 -1.054159e+00 -5.673495e-01 -5.997560e-01
-3.654871e-01 -1.054159e+00 -5.673495e-01 -5.997560e-01 -3.654871e-01 -1.054159e+00 -6.736321e-01 -6.070380e-01
-3.654871e-01 -1.054159e+00 -6.736321e-01 -6.070380e-01 -3.654871e-01 -1.054159e+00 -7.572960e-01 -6.186876e-01
-3.654871e-01 -1.054159e+00 -7.572960e-01 -6.186876e-01 -3.654871e-01 -1.054159e+00 -8.247140e-01 -6.329408e-01
-3.654871e-01 -1.054159e+00 -8.247140e-01 -6.329408e-01 -3.654871e-01 -1.054159e+00 -8.804026e-01 -6.488532e-01
-3.654871e-01 -1.054159e+00 -8.804026e-01 -6.488532e-01 -3.654871e-01 -1.054159e+00 -9.273406e-01 -6.658949e-01
-3.654871e-01 -1.054159e+00 -9.273406e-01 -6.658949e-01 -3.654871e-01 -1.054159e+00 -9.675153e-01 -6.837488e-01
-3.654871e-01 -1.054159e+00 -9.675153e-01 -6.837488e-01 -3.654871e-01 -1.054159e+00 -1.002293e+00 -7.022137e-01
-3.654871e-01 -1.054159e+00 -1.002293e+00 -7.022137e-01 -3.654871e-01 -1.054159e+00 -1.032641e+00 -7.211554e-01
-3.654871e-01 -1.054159e+00 -1.032641e+00 -7.211554e-01 -3.654871e-01 -1.054159e+00 -1.059266e+00 -7.404810e-01
-3.654871e-01 -1.054159e+00 -1.059266e+00 -7.404810e-01 -3.654871e-01 -1.054159e+00 -1.082694e+00 -7.601241e-01
-3.654871e-01 -1.054159e+00 -1.082694e+00 -7.601241e-01 -3.654871e-01 -1.054159e+00 -1.103328e+00 -7.800356e-01
-3.654871e-01 -1.054159e+00 -1.103328e+00 -7.800356e-01 -3.654871e-01 -1.054159e+00 -1.121476e+00 -8.001792e-01
-3.654871e-01 -1.054159e+00 -1.121476e+00 -8.001792e-01 -3.654871e-01 -1.054159e+00 -1.137382e+00 -8.205270e-01
-3.654871e-01 -1.054159e+00 -1.137382e+00 -8.205270e-01 -3.654871e-01 -1.054159e+00 -1.151237e+00 -8.410576e-01
-3.654871e-01 -1.054159e+00 -1.151237e+00 -8.410576e-01 -3.654871e-01 -1.054159e+00 -1.163192e+00 -8.617547e-01
-3.654871e-01 -1.054159e+00 -1.163192e+00 -8.617547e-01 -3.654871e-01 -1.054159e+00 -1.173366e+00 -8.826056e-01
-3.654871e-01 -1.054159e+00 -1.173366e+00 -8.826056e-01 -3.654871e-01 -1.054159e+00 -1.181851e+00 -9.036006e-01
-3.654871e-01 -1.054159e+00 -1.181851e+00 -9.036006e-01 -3.654871e-01 -1.054159e+00 -1.188719e+00 -9.247325e-01
-3.654871e-01 -1.054159e+00 -1.188719e+00 -9.247325e-01 -3.654871e-01 -1.054159e+00 -1.194023e+00 -9.459959e-01
-3.654871e-01 -1.054159e+00 -1.194023e+00 -9.459959e-01 -3.654871e-01 -1.054159e+00 -1.197795e+00 -9.673872e-01
-3.654871e-01 -1.054159e+00 -1.197795e+00 -9.673872e-01 -3.654871e-01 -1.054159e+00 -1.200057e+00 -9.889044e-01
-3.654871e-01 -1.054159e+00 -1.200057e+00 -9.889044e-01 -3.654871e-01 -1.054159e+00 -1.200812e+00 -1.010547e+00
