-4.210000e-01 -7.220000e-01 -3.416878e-01 -1.307291e-01 -4.260000e-01 -7.170000e-01 -3.411367e-01 -1.265206e-01
-4.210000e-01 -7.220000e-01 -3.416878e-01 -1.307291e-01 -4.110000e-01 -7.220000e-01 -3.414701e-01 -1.294990e-01
-4.110000e-01 -7.220000e-01 -3.414701e-01 -1.294990e-01 -4.010000e-01 -7.220000e-01 -3.413096e-01 -1.284269e-01
-4.010000e-01 -7.220000e-01 -3.413096e-01 -1.284269e-01 -3.910000e-01 -7.220000e-01 -3.411985e-01 -1.275154e-01
-3.910000e-01 -7.220000e-01 -3.411985e-01 -1.275154e-01 -3.810000e-01 -7.220000e-01 -3.411290e-01 -1.267669e-01
-3.810000e-01 -7.220000e-01 -3.411290e-01 -1.267669e-01 -3.710000e-01 -7.220000e-01 -3.410929e-01 -1.261831e-01
-3.710000e-01 -7.220000e-01 -3.410929e-01 -1.261831e-01 -3.610000e-01 -7.220000e-01 -3.410819e-01 -1.257656e-01
-3.610000e-01 -7.220000e-01 -3.410819e-01 -1.257656e-01 -3.510000e-01 -7.220000e-01 -3.410877e-01 -1.255153e-01
-3.510000e-01 -7.220000e-01 -3.410877e-01 -1.255153e-01 -3.410000e-01 -7.220000e-01 -3.411019e-01 -1.254330e-01
-3.410000e-01 -7.220000e-01 -3.411019e-01 -1.254330e-01 -3.310000e-01 -7.220000e-01 -3.411161e-01 -1.255187e-01
-3.310000e-01 -7.220000e-01 -3.411161e-01 -1.255187e-01 -3.210000e-01 -7.220000e-01 -3.411216e-01 -1.257725e-01
-3.210000e-01 -7.220000e-01 -3.411216e-01 -1.257725e-01 -3.110000e-01 -7.220000e-01 -3.411102e-01 -1.261934e-01
-3.110000e-01 -7.220000e-01 -3.411102e-01 -1.261934e-01 -3.010000e-01 -7.220000e-01 -3.410735e-01 -1.267805e-01
-3.010000e-01 -7.220000e-01 -3.410735e-01 -1.267805e-01 -2.910000e-01 -7.220000e-01 -3.410032e-01 -1.275324e-01
-2.910000e-01 -7.220000e-01 -3.410032e-01 -1.275324e-01 -2.810000e-01 -7.220000e-01 -3.408912e-01 -1.284472e-01
-2.810000e-01 -7.220000e-01 -3.408912e-01 -1.284472e-01 -2.710000e-01 -7.220000e-01 -3.407296e-01 -1.295224e-01
-2.710000e-01 -7.220000e-01 -3.407296e-01 -1.295224e-01 -2.610000e-01 -7.220000e-01 -3.405107e-01 -1.307557e-01
-2.610000e-01 -7.220000e-01 -3.405107e-01 -1.307557e-01 -2.560000e-01 -7.170000e-01 -3.410626e-01 -1.265492e-01
-4.710000e-01 -7.120000e-01 -3.418180e-01 -1.295886e-01 -4.760000e-01 -7.070000e-01 -3.410196e-01 -1.259245e-01
-4.710000e-01 -7.120000e-01 -3.418180e-01 -1.295886e-01 -4.610000e-01 -7.120000e-01 -3.413467e-01 -1.275564e-01
-4.610000e-01 -7.120000e-01 -3.413467e-01 -1.275564e-01 -4.510000e-01 -7.120000e-01 -3.409719e-01 -1.256680e-01
-4.510000e-01 -7.120000e-01 -3.409719e-01 -1.256680e-01 -4.410000e-01 -7.120000e-01 -3.406868e-01 -1.239279e-01
-4.410000e-01 -7.120000e-01 -3.406868e-01 -1.239279e-01 -4.310000e-01 -7.120000e-01 -3.404846e-01 -1.223403e-01
-4.260000e-01 -7.170000e-01 -3.411367e-01 -1.265206e-01 -4.310000e-01 -7.120000e-01 -3.404846e-01 -1.223403e-01
-2.560000e-01 -7.170000e-01 -3.410626e-01 -1.265492e-01 -2.510000e-01 -7.120000e-01 -3.417156e-01 -1.223711e-01
-2.510000e-01 -7.120000e-01 -3.417156e-01 -1.223711e-01 -2.410000e-01 -7.120000e-01 -3.415118e-01 -1.239618e-01
-2.410000e-01 -7.120000e-01 -3.415118e-01 -1.239618e-01 -2.310000e-01 -7.120000e-01 -3.412249e-01 -1.257050e-01
-2.310000e-01 -7.120000e-01 -3.412249e-01 -1.257050e-01 -2.210000e-01 -7.120000e-01 -3.408482e-01 -1.275964e-01
-2.210000e-01 -7.120000e-01 -3.408482e-01 -1.275964e-01 -2.110000e-01 -7.120000e-01 -3.403749e-01 -1.296314e-01
-2.110000e-01 -7.120000e-01 -3.403749e-01 -1.296314e-01 -2.060000e-01 -7.070000e-01 -3.411736e-01 -1.259694e-01
-5.110000e-01 -7.020000e-01 -3.421278e-01 -1.298353e-01 -5.160000e-01 -6.970000e-01 -3.412104e-01 -1.266334e-01
-5.110000e-01 -7.020000e-01 -3.421278e-01 -1.298353e-01 -5.010000e-01 -7.020000e-01 -3.413347e-01 -1.271980e-01
-5.010000e-01 -7.020000e-01 -3.413347e-01 -1.271980e-01 -4.910000e-01 -7.020000e-01 -3.406662e-01 -1.246869e-01
-4.910000e-01 -7.020000e-01 -3.406662e-01 -1.246869e-01 -4.810000e-01 -7.020000e-01 -3.401170e-01 -1.223080e-01
-4.760000e-01 -7.070000e-01 -3.410196e-01 -1.259245e-01 -4.810000e-01 -7.020000e-01 -3.401170e-01 -1.223080e-01
-2.060000e-01 -7.070000e-01 -3.411736e-01 -1.259694e-01 -2.010000e-01 -7.020000e-01 -3.420765e-01 -1.223551e-01
-2.010000e-01 -7.020000e-01 -3.420765e-01 -1.223551e-01 -1.910000e-01 -7.020000e-01 -3.415249e-01 -1.247368e-01
-1.910000e-01 -7.020000e-01 -3.415249e-01 -1.247368e-01 -1.810000e-01 -7.020000e-01 -3.408539e-01 -1.272504e-01
-1.810000e-01 -7.020000e-01 -3.408539e-01 -1.272504e-01 -1.710000e-01 -7.020000e-01 -3.400582e-01 -1.298903e-01
-1.710000e-01 -7.020000e-01 -3.400582e-01 -1.298903e-01 -1.660000e-01 -6.970000e-01 -3.409755e-01 -1.266905e-01
-5.410000e-01 -6.920000e-01 -3.422214e-01 -1.295264e-01 -5.460000e-01 -6.870000e-01 -3.412514e-01 -1.266892e-01
-5.410000e-01 -6.920000e-01 -3.422214e-01 -1.295264e-01 -5.310000e-01 -6.920000e-01 -3.411342e-01 -1.264554e-01
-5.310000e-01 -6.920000e-01 -3.411342e-01 -1.264554e-01 -5.210000e-01 -6.920000e-01 -3.401909e-01 -1.234950e-01
-5.160000e-01 -6.970000e-01 -3.412104e-01 -1.266334e-01 -5.210000e-01 -6.920000e-01 -3.401909e-01 -1.234950e-01
-1.660000e-01 -6.970000e-01 -3.409755e-01 -1.266905e-01 -1.610000e-01 -6.920000e-01 -3.419949e-01 -1.235541e-01
-1.610000e-01 -6.920000e-01 -3.419949e-01 -1.235541e-01 -1.510000e-01 -6.920000e-01 -3.410486e-01 -1.265168e-01
-1.510000e-01 -6.920000e-01 -3.410486e-01 -1.265168e-01 -1.410000e-01 -6.920000e-01 -3.399585e-01 -1.295900e-01
-1.410000e-01 -6.920000e-01 -3.399585e-01 -1.295900e-01 -1.360000e-01 -6.870000e-01 -3.409280e-01 -1.267547e-01
-5.610000e-01 -6.820000e-01 -3.414730e-01 -1.272958e-01 -5.660000e-01 -6.770000e-01 -3.404674e-01 -1.247267e-01
-5.610000e-01 -6.820000e-01 -3.414730e-01 -1.272958e-01 -5.510000e-01 -6.820000e-01 -3.401833e-01 -1.239271e-01
-5.460000e-01 -6.870000e-01 -3.412514e-01 -1.266892e-01 -5.510000e-01 -6.820000e-01 -3.401833e-01 -1.239271e-01
-1.360000e-01 -6.870000e-01 -3.409280e-01 -1.267547e-01 -1.310000e-01 -6.820000e-01 -3.419955e-01 -1.239947e-01
-1.310000e-01 -6.820000e-01 -3.419955e-01 -1.239947e-01 -1.210000e-01 -6.820000e-01 -3.407027e-01 -1.273654e-01
-1.210000e-01 -6.820000e-01 -3.407027e-01 -1.273654e-01 -1.160000e-01 -6.770000e-01 -3.417075e-01 -1.247982e-01
-5.910000e-01 -6.720000e-01 -3.425937e-01 -1.296143e-01 -5.960000e-01 -6.670000e-01 -3.416295e-01 -1.274006e-01
-5.910000e-01 -6.720000e-01 -3.425937e-01 -1.296143e-01 -5.810000e-01 -6.720000e-01 -3.408955e-01 -1.258883e-01
-5.810000e-01 -6.720000e-01 -3.408955e-01 -1.258883e-01 -5.710000e-01 -6.720000e-01 -3.393673e-01 -1.222412e-01
-5.660000e-01 -6.770000e-01 -3.404674e-01 -1.247267e-01 -5.710000e-01 -6.720000e-01 -3.393673e-01 -1.222412e-01
-1.160000e-01 -6.770000e-01 -3.417075e-01 -1.247982e-01 -1.110000e-01 -6.720000e-01 -3.428068e-01 -1.223146e-01
-1.110000e-01 -6.720000e-01 -3.428068e-01 -1.223146e-01 -1.010000e-01 -6.720000e-01 -3.412751e-01 -1.259633e-01
-1.010000e-01 -6.720000e-01 -3.412751e-01 -1.259633e-01 -9.100000e-02 -6.720000e-01 -3.395735e-01 -1.296910e-01
-9.100000e-02 -6.720000e-01 -3.395735e-01 -1.296910e-01 -8.600000e-02 -6.670000e-01 -3.405367e-01 -1.274790e-01
-6.110000e-01 -6.620000e-01 -3.425582e-01 -1.292466e-01 -6.160000e-01 -6.570000e-01 -3.416249e-01 -1.272917e-01
-6.110000e-01 -6.620000e-01 -3.425582e-01 -1.292466e-01 -6.010000e-01 -6.620000e-01 -3.405793e-01 -1.252799e-01
-5.960000e-01 -6.670000e-01 -3.416295e-01 -1.274006e-01 -6.010000e-01 -6.620000e-01 -3.405793e-01 -1.252799e-01
-8.600000e-02 -6.670000e-01 -3.405367e-01 -1.274790e-01 -8.100000e-02 -6.620000e-01 -3.415858e-01 -1.253600e-01
-8.100000e-02 -6.620000e-01 -3.415858e-01 -1.253600e-01 -7.100000e-02 -6.620000e-01 -3.396032e-01 -1.293280e-01
-7.100000e-02 -6.620000e-01 -3.396032e-01 -1.293280e-01 -6.600000e-02 -6.570000e-01 -3.405353e-01 -1.273747e-01
-6.310000e-01 -6.520000e-01 -3.429001e-01 -1.296161e-01 -6.360000e-01 -6.470000e-01 -3.420248e-01 -1.279124e-01
-6.310000e-01 -6.520000e-01 -3.429001e-01 -1.296161e-01 -6.210000e-01 -6.520000e-01 -3.406121e-01 -1.254364e-01
-6.160000e-01 -6.570000e-01 -3.416249e-01 -1.272917e-01 -6.210000e-01 -6.520000e-01 -3.406121e-01 -1.254364e-01
-6.600000e-02 -6.570000e-01 -3.405353e-01 -1.273747e-01 -6.100000e-02 -6.520000e-01 -3.415467e-01 -1.255210e-01
-6.100000e-02 -6.520000e-01 -3.415467e-01 -1.255210e-01 -5.100000e-02 -6.520000e-01 -3.392550e-01 -1.297017e-01
-5.100000e-02 -6.520000e-01 -3.392550e-01 -1.297017e-01 -4.600000e-02 -6.470000e-01 -3.401288e-01 -1.279994e-01
-6.410000e-01 -6.420000e-01 -3.410776e-01 -1.263136e-01 -6.460000e-01 -6.370000e-01 -3.402074e-01 -1.247847e-01
-6.360000e-01 -6.470000e-01 -3.420248e-01 -1.279124e-01 -6.410000e-01 -6.420000e-01 -3.410776e-01 -1.263136e-01
-4.600000e-02 -6.470000e-01 -3.401288e-01 -1.279994e-01 -4.100000e-02 -6.420000e-01 -3.410745e-01 -1.264021e-01
-4.100000e-02 -6.420000e-01 -3.410745e-01 -1.264021e-01 -3.600000e-02 -6.370000e-01 -3.419431e-01 -1.248745e-01
-6.610000e-01 -6.320000e-01 -3.420536e-01 -1.278588e-01 -6.660000e-01 -6.270000e-01 -3.412846e-01 -1.265656e-01
-6.610000e-01 -6.320000e-01 -3.420536e-01 -1.278588e-01 -6.510000e-01 -6.320000e-01 -3.392694e-01 -1.233652e-01
-6.460000e-01 -6.370000e-01 -3.402074e-01 -1.247847e-01 -6.510000e-01 -6.320000e-01 -3.392694e-01 -1.233652e-01
-3.600000e-02 -6.370000e-01 -3.419431e-01 -1.248745e-01 -3.100000e-02 -6.320000e-01 -3.428793e-01 -1.234564e-01
-3.100000e-02 -6.320000e-01 -3.428793e-01 -1.234564e-01 -2.100000e-02 -6.320000e-01 -3.400913e-01 -1.279505e-01
-2.100000e-02 -6.320000e-01 -3.400913e-01 -1.279505e-01 -1.600000e-02 -6.270000e-01 -3.408585e-01 -1.266585e-01
-6.710000e-01 -6.220000e-01 -3.404572e-01 -1.253855e-01 -6.760000e-01 -6.170000e-01 -3.397211e-01 -1.242612e-01
-6.660000e-01 -6.270000e-01 -3.412846e-01 -1.265656e-01 -6.710000e-01 -6.220000e-01 -3.404572e-01 -1.253855e-01
-1.600000e-02 -6.270000e-01 -3.408585e-01 -1.266585e-01 -1.100000e-02 -6.220000e-01 -3.416841e-01 -1.254795e-01
-1.100000e-02 -6.220000e-01 -3.416841e-01 -1.254795e-01 -6.000000e-03 -6.170000e-01 -3.424183e-01 -1.243563e-01
-6.910000e-01 -6.120000e-01 -3.422748e-01 -1.279810e-01 -6.960000e-01 -6.070000e-01 -3.416804e-01 -1.270691e-01
-6.910000e-01 -6.120000e-01 -3.422748e-01 -1.279810e-01 -6.810000e-01 -6.120000e-01 -3.389320e-01 -1.232533e-01
-6.760000e-01 -6.170000e-01 -3.397211e-01 -1.242612e-01 -6.810000e-01 -6.120000e-01 -3.389320e-01 -1.232533e-01
-6.000000e-03 -6.170000e-01 -3.424183e-01 -1.243563e-01 -1.000000e-03 -6.120000e-01 -3.432055e-01 -1.233495e-01
-1.000000e-03 -6.120000e-01 -3.432055e-01 -1.233495e-01 9.000000e-03 -6.120000e-01 -3.398587e-01 -1.280772e-01
9.000000e-03 -6.120000e-01 -3.398587e-01 -1.280772e-01 1.400000e-02 -6.070000e-01 -3.404511e-01 -1.271662e-01
-7.010000e-01 -6.020000e-01 -3.410433e-01 -1.262750e-01 -7.060000e-01 -5.970000e-01 -3.405087e-01 -1.255208e-01
-6.960000e-01 -6.070000e-01 -3.416804e-01 -1.270691e-01 -7.010000e-01 -6.020000e-01 -3.410433e-01 -1.262750e-01
1.400000e-02 -6.070000e-01 -3.404511e-01 -1.271662e-01 1.900000e-02 -6.020000e-01 -3.410861e-01 -1.263730e-01
1.900000e-02 -6.020000e-01 -3.410861e-01 -1.263730e-01 2.400000e-02 -5.970000e-01 -3.416186e-01 -1.256195e-01
-7.110000e-01 -5.920000e-01 -3.399376e-01 -1.248863e-01 -7.160000e-01 -5.870000e-01 -3.394735e-01 -1.242853e-01
-7.060000e-01 -5.970000e-01 -3.405087e-01 -1.255208e-01 -7.110000e-01 -5.920000e-01 -3.399376e-01 -1.248863e-01
2.400000e-02 -5.970000e-01 -3.416186e-01 -1.256195e-01 2.900000e-02 -5.920000e-01 -3.421876e-01 -1.249858e-01
2.900000e-02 -5.920000e-01 -3.421876e-01 -1.249858e-01 3.400000e-02 -5.870000e-01 -3.426494e-01 -1.243854e-01
-7.310000e-01 -5.820000e-01 -3.431427e-01 -1.287358e-01 -7.360000e-01 -5.770000e-01 -3.428698e-01 -1.283054e-01
-7.310000e-01 -5.820000e-01 -3.431427e-01 -1.287358e-01 -7.210000e-01 -5.820000e-01 -3.389793e-01 -1.238057e-01
-7.160000e-01 -5.870000e-01 -3.394735e-01 -1.242853e-01 -7.210000e-01 -5.820000e-01 -3.389793e-01 -1.238057e-01
3.400000e-02 -5.870000e-01 -3.426494e-01 -1.243854e-01 3.900000e-02 -5.820000e-01 -3.431414e-01 -1.239063e-01
3.900000e-02 -5.820000e-01 -3.431414e-01 -1.239063e-01 4.900000e-02 -5.820000e-01 -3.389741e-01 -1.288358e-01
4.900000e-02 -5.820000e-01 -3.389741e-01 -1.288358e-01 5.400000e-02 -5.770000e-01 -3.392449e-01 -1.284058e-01
-7.410000e-01 -5.720000e-01 -3.425776e-01 -1.279947e-01 -7.460000e-01 -5.670000e-01 -3.423987e-01 -1.276998e-01
-7.360000e-01 -5.770000e-01 -3.428698e-01 -1.283054e-01 -7.410000e-01 -5.720000e-01 -3.425776e-01 -1.279947e-01
5.400000e-02 -5.770000e-01 -3.392449e-01 -1.284058e-01 5.900000e-02 -5.720000e-01 -3.395347e-01 -1.280955e-01
5.900000e-02 -5.720000e-01 -3.395347e-01 -1.280955e-01 6.400000e-02 -5.670000e-01 -3.397114e-01 -1.278009e-01
-7.510000e-01 -5.620000e-01 -3.422073e-01 -1.275244e-01 -7.560000e-01 -5.570000e-01 -3.421316e-01 -1.273580e-01
-7.460000e-01 -5.670000e-01 -3.423987e-01 -1.276998e-01 -7.510000e-01 -5.620000e-01 -3.422073e-01 -1.275244e-01
6.400000e-02 -5.670000e-01 -3.397114e-01 -1.278009e-01 6.900000e-02 -5.620000e-01 -3.399003e-01 -1.276257e-01
6.900000e-02 -5.620000e-01 -3.399003e-01 -1.276257e-01 7.400000e-02 -5.570000e-01 -3.399737e-01 -1.274594e-01
-7.610000e-01 -5.520000e-01 -3.420505e-01 -1.273104e-01 -7.660000e-01 -5.470000e-01 -3.420869e-01 -1.272649e-01
-7.560000e-01 -5.570000e-01 -3.421316e-01 -1.273580e-01 -7.610000e-01 -5.520000e-01 -3.420505e-01 -1.273104e-01
7.400000e-02 -5.570000e-01 -3.399737e-01 -1.274594e-01 7.900000e-02 -5.520000e-01 -3.400524e-01 -1.274119e-01
7.900000e-02 -5.520000e-01 -3.400524e-01 -1.274119e-01 8.400000e-02 -5.470000e-01 -3.400137e-01 -1.273664e-01
-7.710000e-01 -5.420000e-01 -3.421247e-01 -1.273371e-01 -7.760000e-01 -5.370000e-01 -3.422814e-01 -1.274043e-01
-7.660000e-01 -5.470000e-01 -3.420869e-01 -1.272649e-01 -7.710000e-01 -5.420000e-01 -3.421247e-01 -1.273371e-01
8.400000e-02 -5.470000e-01 -3.400137e-01 -1.273664e-01 8.900000e-02 -5.420000e-01 -3.399733e-01 -1.274385e-01
8.900000e-02 -5.420000e-01 -3.399733e-01 -1.274385e-01 9.400000e-02 -5.370000e-01 -3.398143e-01 -1.275056e-01
-7.810000e-01 -5.320000e-01 -3.424465e-01 -1.275873e-01 -7.860000e-01 -5.270000e-01 -3.427311e-01 -1.277585e-01
-7.760000e-01 -5.370000e-01 -3.422814e-01 -1.274043e-01 -7.810000e-01 -5.320000e-01 -3.424465e-01 -1.275873e-01
9.400000e-02 -5.370000e-01 -3.398143e-01 -1.275056e-01 9.900000e-02 -5.320000e-01 -3.396467e-01 -1.276884e-01
9.900000e-02 -5.320000e-01 -3.396467e-01 -1.276884e-01 1.040000e-01 -5.270000e-01 -3.393597e-01 -1.278593e-01
-7.910000e-01 -5.220000e-01 -3.430310e-01 -1.280432e-01 -7.960000e-01 -5.170000e-01 -3.434505e-01 -1.283091e-01
-7.860000e-01 -5.270000e-01 -3.427311e-01 -1.277585e-01 -7.910000e-01 -5.220000e-01 -3.430310e-01 -1.280432e-01
1.040000e-01 -5.270000e-01 -3.393597e-01 -1.278593e-01 1.090000e-01 -5.220000e-01 -3.390574e-01 -1.281436e-01
1.090000e-01 -5.220000e-01 -3.390574e-01 -1.281436e-01 1.140000e-01 -5.170000e-01 -3.386355e-01 -1.284091e-01
-7.960000e-01 -5.170000e-01 -3.434505e-01 -1.283091e-01 -7.960000e-01 -5.070000e-01 -3.385166e-01 -1.241283e-01
1.140000e-01 -5.170000e-01 -3.386355e-01 -1.284091e-01 1.140000e-01 -5.070000e-01 -3.435678e-01 -1.242291e-01
-8.010000e-01 -5.020000e-01 -3.389844e-01 -1.246161e-01 -8.060000e-01 -4.970000e-01 -3.395736e-01 -1.250742e-01
-7.960000e-01 -5.070000e-01 -3.385166e-01 -1.241283e-01 -8.010000e-01 -5.020000e-01 -3.389844e-01 -1.246161e-01
1.140000e-01 -5.070000e-01 -3.435678e-01 -1.242291e-01 1.190000e-01 -5.020000e-01 -3.430974e-01 -1.247162e-01
1.190000e-01 -5.020000e-01 -3.430974e-01 -1.247162e-01 1.240000e-01 -4.970000e-01 -3.425058e-01 -1.251737e-01
-8.110000e-01 -4.920000e-01 -3.401957e-01 -1.256397e-01 -8.160000e-01 -4.870000e-01 -3.409378e-01 -1.261690e-01
-8.060000e-01 -4.970000e-01 -3.395736e-01 -1.250742e-01 -8.110000e-01 -4.920000e-01 -3.401957e-01 -1.256397e-01
1.240000e-01 -4.970000e-01 -3.425058e-01 -1.251737e-01 1.290000e-01 -4.920000e-01 -3.418812e-01 -1.257385e-01
1.290000e-01 -4.920000e-01 -3.418812e-01 -1.257385e-01 1.340000e-01 -4.870000e-01 -3.411367e-01 -1.262671e-01
-8.210000e-01 -4.820000e-01 -3.417192e-01 -1.268014e-01 -8.260000e-01 -4.770000e-01 -3.426186e-01 -1.273915e-01
-8.160000e-01 -4.870000e-01 -3.409378e-01 -1.261690e-01 -8.210000e-01 -4.820000e-01 -3.417192e-01 -1.268014e-01
1.340000e-01 -4.870000e-01 -3.411367e-01 -1.262671e-01 1.390000e-01 -4.820000e-01 -3.403529e-01 -1.268987e-01
1.390000e-01 -4.820000e-01 -3.403529e-01 -1.268987e-01 1.440000e-01 -4.770000e-01 -3.394511e-01 -1.274878e-01
-8.260000e-01 -4.770000e-01 -3.426186e-01 -1.273915e-01 -8.260000e-01 -4.670000e-01 -3.378834e-01 -1.240334e-01
1.440000e-01 -4.770000e-01 -3.394511e-01 -1.274878e-01 1.440000e-01 -4.670000e-01 -3.441842e-01 -1.241298e-01
-8.310000e-01 -4.620000e-01 -3.388779e-01 -1.248191e-01 -8.360000e-01 -4.570000e-01 -3.399891e-01 -1.255521e-01
-8.260000e-01 -4.670000e-01 -3.378834e-01 -1.240334e-01 -8.310000e-01 -4.620000e-01 -3.388779e-01 -1.248191e-01
1.440000e-01 -4.670000e-01 -3.441842e-01 -1.241298e-01 1.490000e-01 -4.620000e-01 -3.431873e-01 -1.249144e-01
1.490000e-01 -4.620000e-01 -3.431873e-01 -1.249144e-01 1.540000e-01 -4.570000e-01 -3.420738e-01 -1.256463e-01
-8.410000e-01 -4.520000e-01 -3.411557e-01 -1.263770e-01 -8.460000e-01 -4.470000e-01 -3.424356e-01 -1.271438e-01
-8.360000e-01 -4.570000e-01 -3.399891e-01 -1.255521e-01 -8.410000e-01 -4.520000e-01 -3.411557e-01 -1.263770e-01
1.540000e-01 -4.570000e-01 -3.420738e-01 -1.256463e-01 1.590000e-01 -4.520000e-01 -3.409049e-01 -1.264700e-01
1.590000e-01 -4.520000e-01 -3.409049e-01 -1.264700e-01 1.640000e-01 -4.470000e-01 -3.396227e-01 -1.272357e-01
-8.460000e-01 -4.470000e-01 -3.424356e-01 -1.271438e-01 -8.460000e-01 -4.370000e-01 -3.379322e-01 -1.243463e-01
1.640000e-01 -4.470000e-01 -3.396227e-01 -1.272357e-01 1.640000e-01 -4.370000e-01 -3.441241e-01 -1.244377e-01
-8.510000e-01 -4.320000e-01 -3.393376e-01 -1.252831e-01 -8.560000e-01 -4.270000e-01 -3.408528e-01 -1.261524e-01
-8.460000e-01 -4.370000e-01 -3.379322e-01 -1.243463e-01 -8.510000e-01 -4.320000e-01 -3.393376e-01 -1.252831e-01
1.640000e-01 -4.370000e-01 -3.441241e-01 -1.244377e-01 1.690000e-01 -4.320000e-01 -3.427164e-01 -1.253731e-01
1.690000e-01 -4.320000e-01 -3.427164e-01 -1.253731e-01 1.740000e-01 -4.270000e-01 -3.411989e-01 -1.262411e-01
-8.610000e-01 -4.220000e-01 -3.424376e-01 -1.270993e-01 -8.660000e-01 -4.170000e-01 -3.441277e-01 -1.279746e-01
-8.560000e-01 -4.270000e-01 -3.408528e-01 -1.261524e-01 -8.610000e-01 -4.220000e-01 -3.424376e-01 -1.270993e-01
1.740000e-01 -4.270000e-01 -3.411989e-01 -1.262411e-01 1.790000e-01 -4.220000e-01 -3.396120e-01 -1.271865e-01
1.790000e-01 -4.220000e-01 -3.396120e-01 -1.271865e-01 1.840000e-01 -4.170000e-01 -3.379198e-01 -1.280603e-01
-8.660000e-01 -4.170000e-01 -3.441277e-01 -1.279746e-01 -8.660000e-01 -4.070000e-01 -3.399361e-01 -1.256757e-01
1.840000e-01 -4.170000e-01 -3.379198e-01 -1.280603e-01 1.840000e-01 -4.070000e-01 -3.421093e-01 -1.257606e-01
-8.710000e-01 -4.020000e-01 -3.417772e-01 -1.266896e-01 -8.760000e-01 -3.970000e-01 -3.437182e-01 -1.276243e-01
-8.660000e-01 -4.070000e-01 -3.399361e-01 -1.256757e-01 -8.710000e-01 -4.020000e-01 -3.417772e-01 -1.266896e-01
1.840000e-01 -4.070000e-01 -3.421093e-01 -1.257606e-01 1.890000e-01 -4.020000e-01 -3.402661e-01 -1.267728e-01
1.890000e-01 -4.020000e-01 -3.402661e-01 -1.267728e-01 1.940000e-01 -3.970000e-01 -3.383231e-01 -1.277059e-01
-8.760000e-01 -3.970000e-01 -3.437182e-01 -1.276243e-01 -8.760000e-01 -3.870000e-01 -3.397386e-01 -1.256361e-01
1.940000e-01 -3.970000e-01 -3.383231e-01 -1.277059e-01 1.940000e-01 -3.870000e-01 -3.423006e-01 -1.257165e-01
-8.810000e-01 -3.820000e-01 -3.418451e-01 -1.266889e-01 -8.860000e-01 -3.770000e-01 -3.440449e-01 -1.276557e-01
-8.760000e-01 -3.870000e-01 -3.397386e-01 -1.256361e-01 -8.810000e-01 -3.820000e-01 -3.418451e-01 -1.266889e-01
1.940000e-01 -3.870000e-01 -3.423006e-01 -1.257165e-01 1.990000e-01 -3.820000e-01 -3.401922e-01 -1.267674e-01
1.990000e-01 -3.820000e-01 -3.401922e-01 -1.267674e-01 2.040000e-01 -3.770000e-01 -3.379904e-01 -1.277325e-01
-8.860000e-01 -3.770000e-01 -3.440449e-01 -1.276557e-01 -8.860000e-01 -3.670000e-01 -3.403050e-01 -1.259500e-01
2.040000e-01 -3.770000e-01 -3.379904e-01 -1.277325e-01 2.040000e-01 -3.670000e-01 -3.417283e-01 -1.260254e-01
-8.910000e-01 -3.620000e-01 -3.426823e-01 -1.270128e-01 -8.960000e-01 -3.570000e-01 -3.451458e-01 -1.279843e-01
-8.860000e-01 -3.670000e-01 -3.403050e-01 -1.259500e-01 -8.910000e-01 -3.620000e-01 -3.426823e-01 -1.270128e-01
2.040000e-01 -3.670000e-01 -3.417283e-01 -1.260254e-01 2.090000e-01 -3.620000e-01 -3.393491e-01 -1.270862e-01
2.090000e-01 -3.620000e-01 -3.393491e-01 -1.270862e-01 2.140000e-01 -3.570000e-01 -3.368840e-01 -1.280559e-01
-8.960000e-01 -3.570000e-01 -3.451458e-01 -1.279843e-01 -8.960000e-01 -3.470000e-01 -3.416701e-01 -1.265295e-01
2.140000e-01 -3.570000e-01 -3.368840e-01 -1.280559e-01 2.140000e-01 -3.470000e-01 -3.403576e-01 -1.265994e-01
-8.960000e-01 -3.470000e-01 -3.416701e-01 -1.265295e-01 -8.960000e-01 -3.370000e-01 -3.382863e-01 -1.252349e-01
2.140000e-01 -3.470000e-01 -3.403576e-01 -1.265994e-01 2.140000e-01 -3.370000e-01 -3.437395e-01 -1.253028e-01
-9.010000e-01 -3.320000e-01 -3.410346e-01 -1.263087e-01 -9.060000e-01 -3.270000e-01 -3.438585e-01 -1.272844e-01
-8.960000e-01 -3.370000e-01 -3.382863e-01 -1.252349e-01 -9.010000e-01 -3.320000e-01 -3.410346e-01 -1.263087e-01
2.140000e-01 -3.370000e-01 -3.437395e-01 -1.253028e-01 2.190000e-01 -3.320000e-01 -3.409896e-01 -1.263746e-01
2.190000e-01 -3.320000e-01 -3.409896e-01 -1.263746e-01 2.240000e-01 -3.270000e-01 -3.381642e-01 -1.273483e-01
-9.060000e-01 -3.270000e-01 -3.438585e-01 -1.272844e-01 -9.060000e-01 -3.170000e-01 -3.407719e-01 -1.261942e-01
2.240000e-01 -3.270000e-01 -3.381642e-01 -1.273483e-01 2.240000e-01 -3.170000e-01 -3.412489e-01 -1.262559e-01
-9.060000e-01 -3.170000e-01 -3.407719e-01 -1.261942e-01 -9.060000e-01 -3.070000e-01 -3.377956e-01 -1.252486e-01
2.240000e-01 -3.170000e-01 -3.412489e-01 -1.262559e-01 2.240000e-01 -3.070000e-01 -3.442235e-01 -1.253080e-01
-9.110000e-01 -3.020000e-01 -3.409208e-01 -1.262755e-01 -9.160000e-01 -2.970000e-01 -3.441099e-01 -1.272003e-01
-9.060000e-01 -3.070000e-01 -3.377956e-01 -1.252486e-01 -9.110000e-01 -3.020000e-01 -3.409208e-01 -1.262755e-01
2.240000e-01 -3.070000e-01 -3.442235e-01 -1.253080e-01 2.290000e-01 -3.020000e-01 -3.410969e-01 -1.263328e-01
2.290000e-01 -3.020000e-01 -3.410969e-01 -1.263328e-01 2.340000e-01 -2.970000e-01 -3.379064e-01 -1.272555e-01
-9.160000e-01 -2.970000e-01 -3.441099e-01 -1.272003e-01 -9.160000e-01 -2.870000e-01 -3.414565e-01 -1.264068e-01
2.340000e-01 -2.970000e-01 -3.379064e-01 -1.272555e-01 2.340000e-01 -2.870000e-01 -3.405583e-01 -1.264596e-01
-9.160000e-01 -2.870000e-01 -3.414565e-01 -1.264068e-01 -9.160000e-01 -2.770000e-01 -3.389293e-01 -1.257388e-01
2.340000e-01 -2.870000e-01 -3.405583e-01 -1.264596e-01 2.340000e-01 -2.770000e-01 -3.430839e-01 -1.257889e-01
-9.160000e-01 -2.770000e-01 -3.389293e-01 -1.257388e-01 -9.160000e-01 -2.670000e-01 -3.365339e-01 -1.251910e-01
2.340000e-01 -2.770000e-01 -3.430839e-01 -1.257889e-01 2.340000e-01 -2.670000e-01 -3.454777e-01 -1.252384e-01
-9.210000e-01 -2.620000e-01 -3.401382e-01 -1.261031e-01 -9.260000e-01 -2.570000e-01 -3.437906e-01 -1.269107e-01
-9.160000e-01 -2.670000e-01 -3.365339e-01 -1.251910e-01 -9.210000e-01 -2.620000e-01 -3.401382e-01 -1.261031e-01
2.340000e-01 -2.670000e-01 -3.454777e-01 -1.252384e-01 2.390000e-01 -2.620000e-01 -3.418724e-01 -1.261483e-01
2.390000e-01 -2.620000e-01 -3.418724e-01 -1.261483e-01 2.440000e-01 -2.570000e-01 -3.382190e-01 -1.269538e-01
-9.260000e-01 -2.570000e-01 -3.437906e-01 -1.269107e-01 -9.260000e-01 -2.470000e-01 -3.417422e-01 -1.264427e-01
2.440000e-01 -2.570000e-01 -3.382190e-01 -1.269538e-01 2.440000e-01 -2.470000e-01 -3.402661e-01 -1.264829e-01
-9.260000e-01 -2.470000e-01 -3.417422e-01 -1.264427e-01 -9.260000e-01 -2.370000e-01 -3.398377e-01 -1.260719e-01
2.440000e-01 -2.470000e-01 -3.402661e-01 -1.264829e-01 2.440000e-01 -2.370000e-01 -3.421694e-01 -1.261092e-01
-9.260000e-01 -2.370000e-01 -3.398377e-01 -1.260719e-01 -9.260000e-01 -2.270000e-01 -3.380813e-01 -1.257918e-01
2.440000e-01 -2.370000e-01 -3.421694e-01 -1.261092e-01 2.440000e-01 -2.270000e-01 -3.439246e-01 -1.258260e-01
-9.260000e-01 -2.270000e-01 -3.380813e-01 -1.257918e-01 -9.260000e-01 -2.170000e-01 -3.364775e-01 -1.255955e-01
2.440000e-01 -2.270000e-01 -3.439246e-01 -1.258260e-01 2.440000e-01 -2.170000e-01 -3.455274e-01 -1.256265e-01
-9.310000e-01 -2.120000e-01 -3.406474e-01 -1.262590e-01 -9.360000e-01 -2.070000e-01 -3.448459e-01 -1.268212e-01
-9.260000e-01 -2.170000e-01 -3.364775e-01 -1.255955e-01 -9.310000e-01 -2.120000e-01 -3.406474e-01 -1.262590e-01
2.440000e-01 -2.170000e-01 -3.455274e-01 -1.256265e-01 2.490000e-01 -2.120000e-01 -3.413568e-01 -1.262880e-01
2.490000e-01 -2.120000e-01 -3.413568e-01 -1.262880e-01 2.540000e-01 -2.070000e-01 -3.371577e-01 -1.268481e-01
-9.360000e-01 -2.070000e-01 -3.448459e-01 -1.268212e-01 -9.360000e-01 -1.970000e-01 -3.436004e-01 -1.266109e-01
2.540000e-01 -2.070000e-01 -3.371577e-01 -1.268481e-01 2.540000e-01 -1.970000e-01 -3.384024e-01 -1.266347e-01
-9.360000e-01 -1.970000e-01 -3.436004e-01 -1.266109e-01 -9.360000e-01 -1.870000e-01 -3.425131e-01 -1.264587e-01
2.540000e-01 -1.970000e-01 -3.384024e-01 -1.266347e-01 2.540000e-01 -1.870000e-01 -3.394890e-01 -1.264792e-01
-9.360000e-01 -1.870000e-01 -3.425131e-01 -1.264587e-01 -9.360000e-01 -1.770000e-01 -3.415866e-01 -1.263567e-01
2.540000e-01 -1.870000e-01 -3.394890e-01 -1.264792e-01 2.540000e-01 -1.770000e-01 -3.404148e-01 -1.263739e-01
-9.360000e-01 -1.770000e-01 -3.415866e-01 -1.263567e-01 -9.360000e-01 -1.670000e-01 -3.408232e-01 -1.262971e-01
2.540000e-01 -1.770000e-01 -3.404148e-01 -1.263739e-01 2.540000e-01 -1.670000e-01 -3.411777e-01 -1.263109e-01
-9.360000e-01 -1.670000e-01 -3.408232e-01 -1.262971e-01 -9.360000e-01 -1.570000e-01 -3.402249e-01 -1.262716e-01
2.540000e-01 -1.670000e-01 -3.411777e-01 -1.263109e-01 2.540000e-01 -1.570000e-01 -3.417756e-01 -1.262821e-01
-9.360000e-01 -1.570000e-01 -3.402249e-01 -1.262716e-01 -9.360000e-01 -1.470000e-01 -3.397932e-01 -1.262720e-01
2.540000e-01 -1.570000e-01 -3.417756e-01 -1.262821e-01 2.540000e-01 -1.470000e-01 -3.422070e-01 -1.262791e-01
-9.360000e-01 -1.470000e-01 -3.397932e-01 -1.262720e-01 -9.360000e-01 -1.370000e-01 -3.395291e-01 -1.262900e-01
2.540000e-01 -1.470000e-01 -3.422070e-01 -1.262791e-01 2.540000e-01 -1.370000e-01 -3.424710e-01 -1.262936e-01
-9.360000e-01 -1.370000e-01 -3.395291e-01 -1.262900e-01 -9.360000e-01 -1.270000e-01 -3.394334e-01 -1.263170e-01
2.540000e-01 -1.370000e-01 -3.424710e-01 -1.262936e-01 2.540000e-01 -1.270000e-01 -3.425666e-01 -1.263172e-01
-9.360000e-01 -1.270000e-01 -3.394334e-01 -1.263170e-01 -9.360000e-01 -1.170000e-01 -3.395062e-01 -1.263446e-01
2.540000e-01 -1.270000e-01 -3.425666e-01 -1.263172e-01 2.540000e-01 -1.170000e-01 -3.424938e-01 -1.263414e-01
-9.360000e-01 -1.170000e-01 -3.395062e-01 -1.263446e-01 -9.360000e-01 -1.070000e-01 -3.397473e-01 -1.263643e-01
2.540000e-01 -1.170000e-01 -3.424938e-01 -1.263414e-01 2.540000e-01 -1.070000e-01 -3.422528e-01 -1.263577e-01
-9.360000e-01 -1.070000e-01 -3.397473e-01 -1.263643e-01 -9.360000e-01 -9.700000e-02 -3.401563e-01 -1.263676e-01
2.540000e-01 -1.070000e-01 -3.422528e-01 -1.263577e-01 2.540000e-01 -9.700000e-02 -3.418441e-01 -1.263576e-01
-9.360000e-01 -9.700000e-02 -3.401563e-01 -1.263676e-01 -9.360000e-01 -8.700000e-02 -3.407320e-01 -1.263462e-01
2.540000e-01 -9.700000e-02 -3.418441e-01 -1.263576e-01 2.540000e-01 -8.700000e-02 -3.412688e-01 -1.263328e-01
-9.360000e-01 -8.700000e-02 -3.407320e-01 -1.263462e-01 -9.360000e-01 -7.700000e-02 -3.414730e-01 -1.262916e-01
2.540000e-01 -8.700000e-02 -3.412688e-01 -1.263328e-01 2.540000e-01 -7.700000e-02 -3.405284e-01 -1.262749e-01
-9.360000e-01 -7.700000e-02 -3.414730e-01 -1.262916e-01 -9.360000e-01 -6.700000e-02 -3.423774e-01 -1.261959e-01
2.540000e-01 -7.700000e-02 -3.405284e-01 -1.262749e-01 2.540000e-01 -6.700000e-02 -3.396246e-01 -1.261759e-01
-9.360000e-01 -6.700000e-02 -3.423774e-01 -1.261959e-01 -9.360000e-01 -5.700000e-02 -3.434429e-01 -1.260510e-01
2.540000e-01 -6.700000e-02 -3.396246e-01 -1.261759e-01 2.540000e-01 -5.700000e-02 -3.385598e-01 -1.260277e-01
-9.360000e-01 -5.700000e-02 -3.434429e-01 -1.260510e-01 -9.360000e-01 -4.700000e-02 -3.446671e-01 -1.258491e-01
2.540000e-01 -5.700000e-02 -3.385598e-01 -1.260277e-01 2.540000e-01 -4.700000e-02 -3.373364e-01 -1.258226e-01
-9.360000e-01 -4.700000e-02 -3.446671e-01 -1.258491e-01 -9.310000e-01 -4.200000e-02 -3.404551e-01 -1.264055e-01
-9.310000e-01 -4.200000e-02 -3.404551e-01 -1.264055e-01 -9.260000e-01 -3.700000e-02 -3.362710e-01 -1.270631e-01
2.490000e-01 -4.200000e-02 -3.415491e-01 -1.263769e-01 2.440000e-01 -3.700000e-02 -3.457337e-01 -1.270325e-01
2.540000e-01 -4.700000e-02 -3.373364e-01 -1.258226e-01 2.490000e-01 -4.200000e-02 -3.415491e-01 -1.263769e-01
-9.260000e-01 -3.700000e-02 -3.362710e-01 -1.270631e-01 -9.260000e-01 -2.700000e-02 -3.378538e-01 -1.268776e-01
2.440000e-01 -3.700000e-02 -3.457337e-01 -1.270325e-01 2.440000e-01 -2.700000e-02 -3.441519e-01 -1.268438e-01
-9.260000e-01 -2.700000e-02 -3.378538e-01 -1.268776e-01 -9.260000e-01 -1.700000e-02 -3.395896e-01 -1.266093e-01
2.440000e-01 -2.700000e-02 -3.441519e-01 -1.268438e-01 2.440000e-01 -1.700000e-02 -3.424173e-01 -1.265725e-01
-9.260000e-01 -1.700000e-02 -3.395896e-01 -1.266093e-01 -9.260000e-01 -7.000000e-03 -3.414743e-01 -1.262513e-01
2.440000e-01 -1.700000e-02 -3.424173e-01 -1.265725e-01 2.440000e-01 -7.000000e-03 -3.405338e-01 -1.262115e-01
-9.260000e-01 -7.000000e-03 -3.414743e-01 -1.262513e-01 -9.260000e-01 3.000000e-03 -3.435033e-01 -1.257970e-01
2.440000e-01 -7.000000e-03 -3.405338e-01 -1.262115e-01 2.440000e-01 3.000000e-03 -3.385062e-01 -1.257542e-01
-9.260000e-01 3.000000e-03 -3.435033e-01 -1.257970e-01 -9.260000e-01 1.300000e-02 -3.456720e-01 -1.252399e-01
2.390000e-01 8.000000e-03 -3.421735e-01 -1.265576e-01 2.340000e-01 1.300000e-02 -3.457933e-01 -1.274655e-01
2.440000e-01 3.000000e-03 -3.385062e-01 -1.257542e-01 2.390000e-01 8.000000e-03 -3.421735e-01 -1.265576e-01
-9.260000e-01 1.300000e-02 -3.456720e-01 -1.252399e-01 -9.210000e-01 1.800000e-02 -3.421080e-01 -1.260585e-01
-9.210000e-01 1.800000e-02 -3.421080e-01 -1.260585e-01 -9.160000e-01 2.300000e-02 -3.385951e-01 -1.269806e-01
2.340000e-01 1.300000e-02 -3.457933e-01 -1.274655e-01 2.340000e-01 2.300000e-02 -3.434179e-01 -1.269309e-01
-9.160000e-01 2.300000e-02 -3.385951e-01 -1.269806e-01 -9.160000e-01 3.300000e-02 -3.411047e-01 -1.263293e-01
2.340000e-01 2.300000e-02 -3.434179e-01 -1.269309e-01 2.340000e-01 3.300000e-02 -3.409098e-01 -1.262770e-01
-9.160000e-01 3.300000e-02 -3.411047e-01 -1.263293e-01 -9.160000e-01 4.300000e-02 -3.437413e-01 -1.255533e-01
2.340000e-01 3.300000e-02 -3.409098e-01 -1.262770e-01 2.340000e-01 4.300000e-02 -3.382749e-01 -1.254984e-01
-9.160000e-01 4.300000e-02 -3.437413e-01 -1.255533e-01 -9.110000e-01 4.800000e-02 -3.405384e-01 -1.264790e-01
-9.110000e-01 4.800000e-02 -3.405384e-01 -1.264790e-01 -9.060000e-01 5.300000e-02 -3.373990e-01 -1.275072e-01
2.290000e-01 4.800000e-02 -3.414790e-01 -1.264220e-01 2.240000e-01 5.300000e-02 -3.446197e-01 -1.274481e-01
2.340000e-01 4.300000e-02 -3.382749e-01 -1.254984e-01 2.290000e-01 4.800000e-02 -3.414790e-01 -1.264220e-01
-9.060000e-01 5.300000e-02 -3.373990e-01 -1.275072e-01 -9.060000e-01 6.300000e-02 -3.403599e-01 -1.265809e-01
2.240000e-01 5.300000e-02 -3.446197e-01 -1.274481e-01 2.240000e-01 6.300000e-02 -3.416607e-01 -1.265196e-01
-9.060000e-01 6.300000e-02 -3.403599e-01 -1.265809e-01 -9.060000e-01 7.300000e-02 -3.434318e-01 -1.255107e-01
2.240000e-01 6.300000e-02 -3.416607e-01 -1.265196e-01 2.240000e-01 7.300000e-02 -3.385906e-01 -1.254471e-01
-9.060000e-01 7.300000e-02 -3.434318e-01 -1.255107e-01 -9.010000e-01 7.800000e-02 -3.405947e-01 -1.264896e-01
-9.010000e-01 7.800000e-02 -3.405947e-01 -1.264896e-01 -8.960000e-01 8.300000e-02 -3.378328e-01 -1.275670e-01
2.190000e-01 7.800000e-02 -3.414292e-01 -1.264241e-01 2.140000e-01 8.300000e-02 -3.441927e-01 -1.274994e-01
2.240000e-01 7.300000e-02 -3.385906e-01 -1.254471e-01 2.190000e-01 7.800000e-02 -3.414292e-01 -1.264241e-01
-8.960000e-01 8.300000e-02 -3.378328e-01 -1.275670e-01 -8.960000e-01 9.300000e-02 -3.412037e-01 -1.262941e-01
2.140000e-01 8.300000e-02 -3.441927e-01 -1.274994e-01 2.140000e-01 9.300000e-02 -3.408238e-01 -1.262245e-01
-8.960000e-01 9.300000e-02 -3.412037e-01 -1.262941e-01 -8.960000e-01 1.030000e-01 -3.446672e-01 -1.248613e-01
2.140000e-01 9.300000e-02 -3.408238e-01 -1.262245e-01 2.140000e-01 1.030000e-01 -3.373623e-01 -1.247899e-01
-8.960000e-01 1.030000e-01 -3.446672e-01 -1.248613e-01 -8.910000e-01 1.080000e-01 -3.421914e-01 -1.258383e-01
-8.910000e-01 1.080000e-01 -3.421914e-01 -1.258383e-01 -8.860000e-01 1.130000e-01 -3.398015e-01 -1.269070e-01
2.090000e-01 1.080000e-01 -3.398397e-01 -1.257650e-01 2.040000e-01 1.130000e-01 -3.422315e-01 -1.268319e-01
2.140000e-01 1.030000e-01 -3.373623e-01 -1.247899e-01 2.090000e-01 1.080000e-01 -3.398397e-01 -1.257650e-01
-8.860000e-01 1.130000e-01 -3.398015e-01 -1.269070e-01 -8.860000e-01 1.230000e-01 -3.435312e-01 -1.252247e-01
2.040000e-01 1.130000e-01 -3.422315e-01 -1.268319e-01 2.040000e-01 1.230000e-01 -3.385040e-01 -1.251480e-01
-8.860000e-01 1.230000e-01 -3.435312e-01 -1.252247e-01 -8.810000e-01 1.280000e-01 -3.413196e-01 -1.261985e-01
-8.810000e-01 1.280000e-01 -3.413196e-01 -1.261985e-01 -8.760000e-01 1.330000e-01 -3.392013e-01 -1.272587e-01
1.990000e-01 1.280000e-01 -3.407173e-01 -1.261201e-01 1.940000e-01 1.330000e-01 -3.428376e-01 -1.271786e-01
2.040000e-01 1.230000e-01 -3.385040e-01 -1.251480e-01 1.990000e-01 1.280000e-01 -3.407173e-01 -1.261201e-01
-8.760000e-01 1.330000e-01 -3.392013e-01 -1.272587e-01 -8.760000e-01 1.430000e-01 -3.431726e-01 -1.252950e-01
1.940000e-01 1.330000e-01 -3.428376e-01 -1.271786e-01 1.940000e-01 1.430000e-01 -3.388684e-01 -1.252136e-01
-8.760000e-01 1.430000e-01 -3.431726e-01 -1.252950e-01 -8.710000e-01 1.480000e-01 -3.412208e-01 -1.262381e-01
-8.710000e-01 1.480000e-01 -3.412208e-01 -1.262381e-01 -8.660000e-01 1.530000e-01 -3.393688e-01 -1.272610e-01
1.890000e-01 1.480000e-01 -3.408222e-01 -1.261550e-01 1.840000e-01 1.530000e-01 -3.426763e-01 -1.271763e-01
1.940000e-01 1.430000e-01 -3.388684e-01 -1.252136e-01 1.890000e-01 1.480000e-01 -3.408222e-01 -1.261550e-01
-8.660000e-01 1.530000e-01 -3.393688e-01 -1.272610e-01 -8.660000e-01 1.630000e-01 -3.435541e-01 -1.249873e-01
1.840000e-01 1.530000e-01 -3.426763e-01 -1.271763e-01 1.840000e-01 1.630000e-01 -3.384931e-01 -1.249017e-01
-8.660000e-01 1.630000e-01 -3.435541e-01 -1.249873e-01 -8.610000e-01 1.680000e-01 -3.418542e-01 -1.258724e-01
-8.610000e-01 1.680000e-01 -3.418542e-01 -1.258724e-01 -8.560000e-01 1.730000e-01 -3.402597e-01 -1.268296e-01
1.790000e-01 1.680000e-01 -3.401951e-01 -1.257853e-01 1.740000e-01 1.730000e-01 -3.417918e-01 -1.267410e-01
1.840000e-01 1.630000e-01 -3.384931e-01 -1.249017e-01 1.790000e-01 1.680000e-01 -3.401951e-01 -1.257853e-01
-8.560000e-01 1.730000e-01 -3.402597e-01 -1.268296e-01 -8.560000e-01 1.830000e-01 -3.446286e-01 -1.242215e-01
1.740000e-01 1.730000e-01 -3.417918e-01 -1.267410e-01 1.740000e-01 1.830000e-01 -3.374249e-01 -1.241323e-01
-8.560000e-01 1.830000e-01 -3.446286e-01 -1.242215e-01 -8.510000e-01 1.880000e-01 -3.431700e-01 -1.250222e-01
-8.510000e-01 1.880000e-01 -3.431700e-01 -1.250222e-01 -8.460000e-01 1.930000e-01 -3.418210e-01 -1.258865e-01
1.690000e-01 1.880000e-01 -3.388858e-01 -1.249317e-01 1.640000e-01 1.930000e-01 -3.402371e-01 -1.257947e-01
1.740000e-01 1.830000e-01 -3.374249e-01 -1.241323e-01 1.690000e-01 1.880000e-01 -3.388858e-01 -1.249317e-01
-8.460000e-01 1.930000e-01 -3.418210e-01 -1.258865e-01 -8.410000e-01 1.980000e-01 -3.405331e-01 -1.266651e-01
-8.410000e-01 1.980000e-01 -3.405331e-01 -1.266651e-01 -8.360000e-01 2.030000e-01 -3.393586e-01 -1.275023e-01
1.590000e-01 1.980000e-01 -3.415273e-01 -1.265721e-01 1.540000e-01 2.030000e-01 -3.427041e-01 -1.274081e-01
1.640000e-01 1.930000e-01 -3.402371e-01 -1.257947e-01 1.590000e-01 1.980000e-01 -3.415273e-01 -1.265721e-01
-8.360000e-01 2.030000e-01 -3.393586e-01 -1.275023e-01 -8.360000e-01 2.130000e-01 -3.439919e-01 -1.243608e-01
1.540000e-01 2.030000e-01 -3.427041e-01 -1.274081e-01 1.540000e-01 2.130000e-01 -3.380728e-01 -1.242664e-01
-8.360000e-01 2.130000e-01 -3.439919e-01 -1.243608e-01 -8.310000e-01 2.180000e-01 -3.429250e-01 -1.250136e-01
-8.310000e-01 2.180000e-01 -3.429250e-01 -1.250136e-01 -8.260000e-01 2.230000e-01 -3.419737e-01 -1.257152e-01
1.490000e-01 2.180000e-01 -3.391421e-01 -1.249183e-01 1.440000e-01 2.230000e-01 -3.400957e-01 -1.256189e-01
1.540000e-01 2.130000e-01 -3.380728e-01 -1.242664e-01 1.490000e-01 2.180000e-01 -3.391421e-01 -1.249183e-01
-8.260000e-01 2.230000e-01 -3.419737e-01 -1.257152e-01 -8.210000e-01 2.280000e-01 -3.410684e-01 -1.263187e-01
-8.210000e-01 2.280000e-01 -3.410684e-01 -1.263187e-01 -8.160000e-01 2.330000e-01 -3.402814e-01 -1.269651e-01
1.390000e-01 2.280000e-01 -3.410034e-01 -1.262214e-01 1.340000e-01 2.330000e-01 -3.417929e-01 -1.268670e-01
1.440000e-01 2.230000e-01 -3.400957e-01 -1.256189e-01 1.390000e-01 2.280000e-01 -3.410034e-01 -1.262214e-01
-8.160000e-01 2.330000e-01 -3.402814e-01 -1.269651e-01 -8.110000e-01 2.380000e-01 -3.395342e-01 -1.275085e-01
-8.110000e-01 2.380000e-01 -3.395342e-01 -1.275085e-01 -8.060000e-01 2.430000e-01 -3.389072e-01 -1.280886e-01
1.290000e-01 2.380000e-01 -3.425425e-01 -1.274096e-01 1.240000e-01 2.430000e-01 -3.431719e-01 -1.279891e-01
1.340000e-01 2.330000e-01 -3.417929e-01 -1.268670e-01 1.290000e-01 2.380000e-01 -3.425425e-01 -1.274096e-01
-8.060000e-01 2.430000e-01 -3.389072e-01 -1.280886e-01 -8.060000e-01 2.530000e-01 -3.437895e-01 -1.241522e-01
1.240000e-01 2.430000e-01 -3.431719e-01 -1.279891e-01 1.240000e-01 2.530000e-01 -3.382914e-01 -1.240531e-01
-8.060000e-01 2.530000e-01 -3.437895e-01 -1.241522e-01 -8.010000e-01 2.580000e-01 -3.432252e-01 -1.245178e-01
-8.010000e-01 2.580000e-01 -3.432252e-01 -1.245178e-01 -7.960000e-01 2.630000e-01 -3.427804e-01 -1.249094e-01
1.190000e-01 2.580000e-01 -3.388580e-01 -1.244182e-01 1.140000e-01 2.630000e-01 -3.393053e-01 -1.248092e-01
1.240000e-01 2.530000e-01 -3.382914e-01 -1.240531e-01 1.190000e-01 2.580000e-01 -3.388580e-01 -1.244182e-01
-7.960000e-01 2.630000e-01 -3.427804e-01 -1.249094e-01 -7.910000e-01 2.680000e-01 -3.423582e-01 -1.251903e-01
-7.910000e-01 2.680000e-01 -3.423582e-01 -1.251903e-01 -7.860000e-01 2.730000e-01 -3.420558e-01 -1.254905e-01
1.090000e-01 2.680000e-01 -3.397300e-01 -1.250898e-01 1.040000e-01 2.730000e-01 -3.400348e-01 -1.253896e-01
1.140000e-01 2.630000e-01 -3.393053e-01 -1.248092e-01 1.090000e-01 2.680000e-01 -3.397300e-01 -1.250898e-01
-7.860000e-01 2.730000e-01 -3.420558e-01 -1.254905e-01 -7.810000e-01 2.780000e-01 -3.417694e-01 -1.256771e-01
-7.810000e-01 2.780000e-01 -3.417694e-01 -1.256771e-01 -7.760000e-01 2.830000e-01 -3.416028e-01 -1.258760e-01
9.900000e-02 2.780000e-01 -3.403236e-01 -1.255758e-01 9.400000e-02 2.830000e-01 -3.404926e-01 -1.257746e-01
1.040000e-01 2.730000e-01 -3.400348e-01 -1.253896e-01 9.900000e-02 2.780000e-01 -3.403236e-01 -1.255758e-01
-7.760000e-01 2.830000e-01 -3.416028e-01 -1.258760e-01 -7.710000e-01 2.880000e-01 -3.414452e-01 -1.259589e-01
-7.710000e-01 2.880000e-01 -3.414452e-01 -1.259589e-01 -7.660000e-01 2.930000e-01 -3.414069e-01 -1.260472e-01
8.900000e-02 2.880000e-01 -3.406527e-01 -1.258573e-01 8.400000e-02 2.930000e-01 -3.406935e-01 -1.259456e-01
9.400000e-02 2.830000e-01 -3.404926e-01 -1.257746e-01 8.900000e-02 2.880000e-01 -3.406527e-01 -1.258573e-01
-7.660000e-01 2.930000e-01 -3.414069e-01 -1.260472e-01 -7.610000e-01 2.980000e-01 -3.413705e-01 -1.260176e-01
-7.610000e-01 2.980000e-01 -3.413705e-01 -1.260176e-01 -7.560000e-01 3.030000e-01 -3.414522e-01 -1.259865e-01
7.900000e-02 2.980000e-01 -3.407322e-01 -1.259160e-01 7.400000e-02 3.030000e-01 -3.406530e-01 -1.258849e-01
8.400000e-02 2.930000e-01 -3.406935e-01 -1.259456e-01 7.900000e-02 2.980000e-01 -3.407322e-01 -1.259160e-01
-7.560000e-01 3.030000e-01 -3.414522e-01 -1.259865e-01 -7.510000e-01 3.080000e-01 -3.415288e-01 -1.258361e-01
-7.510000e-01 3.080000e-01 -3.415288e-01 -1.258361e-01 -7.460000e-01 3.130000e-01 -3.417215e-01 -1.256772e-01
6.900000e-02 3.080000e-01 -3.405787e-01 -1.257347e-01 6.400000e-02 3.130000e-01 -3.403883e-01 -1.255759e-01
7.400000e-02 3.030000e-01 -3.406530e-01 -1.258849e-01 6.900000e-02 3.080000e-01 -3.405787e-01 -1.257347e-01
-7.460000e-01 3.130000e-01 -3.417215e-01 -1.256772e-01 -7.410000e-01 3.180000e-01 -3.419024e-01 -1.253984e-01
-7.410000e-01 3.180000e-01 -3.419024e-01 -1.253984e-01 -7.360000e-01 3.230000e-01 -3.421969e-01 -1.251041e-01
5.900000e-02 3.180000e-01 -3.402098e-01 -1.252974e-01 5.400000e-02 3.230000e-01 -3.399176e-01 -1.250035e-01
6.400000e-02 3.130000e-01 -3.403883e-01 -1.255759e-01 5.900000e-02 3.180000e-01 -3.402098e-01 -1.252974e-01
-7.360000e-01 3.230000e-01 -3.421969e-01 -1.251041e-01 -7.310000e-01 3.280000e-01 -3.424727e-01 -1.246899e-01
-7.310000e-01 3.280000e-01 -3.424727e-01 -1.246899e-01 -7.260000e-01 3.330000e-01 -3.428592e-01 -1.242535e-01
4.900000e-02 3.280000e-01 -3.396441e-01 -1.245898e-01 4.400000e-02 3.330000e-01 -3.392598e-01 -1.241538e-01
5.400000e-02 3.230000e-01 -3.399176e-01 -1.250035e-01 4.900000e-02 3.280000e-01 -3.396441e-01 -1.245898e-01
-7.260000e-01 3.330000e-01 -3.428592e-01 -1.242535e-01 -7.210000e-01 3.380000e-01 -3.432202e-01 -1.236977e-01
-7.210000e-01 3.380000e-01 -3.432202e-01 -1.236977e-01 -7.110000e-01 3.380000e-01 -3.392713e-01 -1.285835e-01
-7.110000e-01 3.380000e-01 -3.392713e-01 -1.285835e-01 -7.060000e-01 3.430000e-01 -3.398473e-01 -1.279657e-01
2.900000e-02 3.380000e-01 -3.428538e-01 -1.284839e-01 2.400000e-02 3.430000e-01 -3.422800e-01 -1.278668e-01
2.900000e-02 3.380000e-01 -3.428538e-01 -1.284839e-01 3.900000e-02 3.380000e-01 -3.389010e-01 -1.235985e-01
4.400000e-02 3.330000e-01 -3.392598e-01 -1.241538e-01 3.900000e-02 3.380000e-01 -3.389010e-01 -1.235985e-01
-7.060000e-01 3.430000e-01 -3.398473e-01 -1.279657e-01 -7.010000e-01 3.480000e-01 -3.403869e-01 -1.272276e-01
-7.010000e-01 3.480000e-01 -3.403869e-01 -1.272276e-01 -6.960000e-01 3.530000e-01 -3.410298e-01 -1.264499e-01
1.900000e-02 3.480000e-01 -3.417424e-01 -1.271294e-01 1.400000e-02 3.530000e-01 -3.411017e-01 -1.263525e-01
2.400000e-02 3.430000e-01 -3.422800e-01 -1.278668e-01 1.900000e-02 3.480000e-01 -3.417424e-01 -1.271294e-01
-6.960000e-01 3.530000e-01 -3.410298e-01 -1.264499e-01 -6.910000e-01 3.580000e-01 -3.416301e-01 -1.255538e-01
-6.910000e-01 3.580000e-01 -3.416301e-01 -1.255538e-01 -6.860000e-01 3.630000e-01 -3.423287e-01 -1.246122e-01
9.000000e-03 3.580000e-01 -3.405034e-01 -1.254574e-01 4.000000e-03 3.630000e-01 -3.398067e-01 -1.245167e-01
1.400000e-02 3.530000e-01 -3.411017e-01 -1.263525e-01 9.000000e-03 3.580000e-01 -3.405034e-01 -1.254574e-01
-6.860000e-01 3.630000e-01 -3.423287e-01 -1.246122e-01 -6.810000e-01 3.680000e-01 -3.429790e-01 -1.235547e-01
-6.810000e-01 3.680000e-01 -3.429790e-01 -1.235547e-01 -6.710000e-01 3.680000e-01 -3.398268e-01 -1.281943e-01
-6.710000e-01 3.680000e-01 -3.398268e-01 -1.281943e-01 -6.660000e-01 3.730000e-01 -3.406621e-01 -1.270299e-01
-1.100000e-02 3.680000e-01 -3.423145e-01 -1.280999e-01 -1.600000e-02 3.730000e-01 -3.414811e-01 -1.269367e-01
-1.100000e-02 3.680000e-01 -3.423145e-01 -1.280999e-01 -1.000000e-03 3.680000e-01 -3.391584e-01 -1.234603e-01
4.000000e-03 3.630000e-01 -3.398067e-01 -1.245167e-01 -1.000000e-03 3.680000e-01 -3.391584e-01 -1.234603e-01
-6.660000e-01 3.730000e-01 -3.406621e-01 -1.270299e-01 -6.610000e-01 3.780000e-01 -3.414391e-01 -1.257518e-01
-6.610000e-01 3.780000e-01 -3.414391e-01 -1.257518e-01 -6.560000e-01 3.830000e-01 -3.423021e-01 -1.244129e-01
-2.100000e-02 3.780000e-01 -3.407058e-01 -1.256598e-01 -2.600000e-02 3.830000e-01 -3.398446e-01 -1.243223e-01
-1.600000e-02 3.730000e-01 -3.414811e-01 -1.269367e-01 -2.100000e-02 3.780000e-01 -3.407058e-01 -1.256598e-01
-6.560000e-01 3.830000e-01 -3.423021e-01 -1.244129e-01 -6.510000e-01 3.880000e-01 -3.431018e-01 -1.229642e-01
-6.510000e-01 3.880000e-01 -3.431018e-01 -1.229642e-01 -6.410000e-01 3.880000e-01 -3.404846e-01 -1.273410e-01
-6.410000e-01 3.880000e-01 -3.404846e-01 -1.273410e-01 -6.360000e-01 3.930000e-01 -3.414416e-01 -1.257569e-01
-4.100000e-02 3.880000e-01 -3.416675e-01 -1.272522e-01 -4.600000e-02 3.930000e-01 -3.407121e-01 -1.256696e-01
-4.100000e-02 3.880000e-01 -3.416675e-01 -1.272522e-01 -3.100000e-02 3.880000e-01 -3.390465e-01 -1.228747e-01
-2.600000e-02 3.830000e-01 -3.398446e-01 -1.243223e-01 -3.100000e-02 3.880000e-01 -3.390465e-01 -1.228747e-01
-6.360000e-01 3.930000e-01 -3.414416e-01 -1.257569e-01 -6.310000e-01 3.980000e-01 -3.423267e-01 -1.240672e-01
-6.310000e-01 3.980000e-01 -3.423267e-01 -1.240672e-01 -6.210000e-01 3.980000e-01 -3.400450e-01 -1.282613e-01
-6.210000e-01 3.980000e-01 -3.400450e-01 -1.282613e-01 -6.160000e-01 4.030000e-01 -3.410687e-01 -1.264198e-01
-6.100000e-02 3.980000e-01 -3.421139e-01 -1.281764e-01 -6.600000e-02 4.030000e-01 -3.410916e-01 -1.263365e-01
-6.100000e-02 3.980000e-01 -3.421139e-01 -1.281764e-01 -5.100000e-02 3.980000e-01 -3.398285e-01 -1.239814e-01
-4.600000e-02 3.930000e-01 -3.407121e-01 -1.256696e-01 -5.100000e-02 3.980000e-01 -3.398285e-01 -1.239814e-01
-6.160000e-01 4.030000e-01 -3.410687e-01 -1.264198e-01 -6.110000e-01 4.080000e-01 -3.420128e-01 -1.244782e-01
-6.110000e-01 4.080000e-01 -3.420128e-01 -1.244782e-01 -6.010000e-01 4.080000e-01 -3.400423e-01 -1.284592e-01
-6.010000e-01 4.080000e-01 -3.400423e-01 -1.284592e-01 -5.960000e-01 4.130000e-01 -3.411043e-01 -1.263515e-01
-8.100000e-02 4.080000e-01 -3.421229e-01 -1.283788e-01 -8.600000e-02 4.130000e-01 -3.410620e-01 -1.262728e-01
-8.100000e-02 4.080000e-01 -3.421229e-01 -1.283788e-01 -7.100000e-02 4.080000e-01 -3.401488e-01 -1.243966e-01
-6.600000e-02 4.030000e-01 -3.410916e-01 -1.263365e-01 -7.100000e-02 4.080000e-01 -3.401488e-01 -1.243966e-01
-5.960000e-01 4.130000e-01 -3.411043e-01 -1.263515e-01 -5.910000e-01 4.180000e-01 -3.420801e-01 -1.241501e-01
-5.910000e-01 4.180000e-01 -3.420801e-01 -1.241501e-01 -5.810000e-01 4.180000e-01 -3.403923e-01 -1.278902e-01
-5.810000e-01 4.180000e-01 -3.403923e-01 -1.278902e-01 -5.760000e-01 4.230000e-01 -3.414638e-01 -1.255107e-01
-1.010000e-01 4.180000e-01 -3.417786e-01 -1.278148e-01 -1.060000e-01 4.230000e-01 -3.407080e-01 -1.254371e-01
-1.010000e-01 4.180000e-01 -3.417786e-01 -1.278148e-01 -9.100000e-02 4.180000e-01 -3.400873e-01 -1.240732e-01
-8.600000e-02 4.130000e-01 -3.410620e-01 -1.262728e-01 -9.100000e-02 4.180000e-01 -3.400873e-01 -1.240732e-01
-5.760000e-01 4.230000e-01 -3.414638e-01 -1.255107e-01 -5.710000e-01 4.280000e-01 -3.424437e-01 -1.230451e-01
-5.710000e-01 4.280000e-01 -3.424437e-01 -1.230451e-01 -5.610000e-01 4.280000e-01 -3.410068e-01 -1.265194e-01
-5.610000e-01 4.280000e-01 -3.410068e-01 -1.265194e-01 -5.510000e-01 4.280000e-01 -3.397302e-01 -1.299015e-01
-5.510000e-01 4.280000e-01 -3.397302e-01 -1.299015e-01 -5.460000e-01 4.330000e-01 -3.408118e-01 -1.271499e-01
-1.310000e-01 4.280000e-01 -3.424490e-01 -1.298337e-01 -1.360000e-01 4.330000e-01 -3.413679e-01 -1.270841e-01
-1.310000e-01 4.280000e-01 -3.424490e-01 -1.298337e-01 -1.210000e-01 4.280000e-01 -3.411691e-01 -1.264496e-01
-1.210000e-01 4.280000e-01 -3.411691e-01 -1.264496e-01 -1.110000e-01 4.280000e-01 -3.397289e-01 -1.229734e-01
-1.060000e-01 4.230000e-01 -3.407080e-01 -1.254371e-01 -1.110000e-01 4.280000e-01 -3.397289e-01 -1.229734e-01
-5.460000e-01 4.330000e-01 -3.408118e-01 -1.271499e-01 -5.410000e-01 4.380000e-01 -3.417950e-01 -1.243227e-01
-5.410000e-01 4.380000e-01 -3.417950e-01 -1.243227e-01 -5.310000e-01 4.380000e-01 -3.407225e-01 -1.274062e-01
-5.310000e-01 4.380000e-01 -3.407225e-01 -1.274062e-01 -5.210000e-01 4.380000e-01 -3.397946e-01 -1.303788e-01
-5.210000e-01 4.380000e-01 -3.397946e-01 -1.303788e-01 -5.160000e-01 4.430000e-01 -3.408283e-01 -1.272492e-01
-1.610000e-01 4.380000e-01 -3.423914e-01 -1.303194e-01 -1.660000e-01 4.430000e-01 -3.413579e-01 -1.271920e-01
-1.610000e-01 4.380000e-01 -3.423914e-01 -1.303194e-01 -1.510000e-01 4.380000e-01 -3.414607e-01 -1.273445e-01
-1.510000e-01 4.380000e-01 -3.414607e-01 -1.273445e-01 -1.410000e-01 4.380000e-01 -3.403852e-01 -1.242588e-01
-1.360000e-01 4.330000e-01 -3.413679e-01 -1.270841e-01 -1.410000e-01 4.380000e-01 -3.403852e-01 -1.242588e-01
-5.160000e-01 4.430000e-01 -3.408283e-01 -1.272492e-01 -5.110000e-01 4.480000e-01 -3.417595e-01 -1.240558e-01
-5.110000e-01 4.480000e-01 -3.417595e-01 -1.240558e-01 -5.010000e-01 4.480000e-01 -3.409832e-01 -1.267043e-01
-5.010000e-01 4.480000e-01 -3.409832e-01 -1.267043e-01 -4.910000e-01 4.480000e-01 -3.403323e-01 -1.292260e-01
-4.910000e-01 4.480000e-01 -3.403323e-01 -1.292260e-01 -4.860000e-01 4.530000e-01 -3.412612e-01 -1.257222e-01
-1.910000e-01 4.480000e-01 -3.418592e-01 -1.291760e-01 -1.960000e-01 4.530000e-01 -3.409302e-01 -1.256743e-01
-1.910000e-01 4.480000e-01 -3.418592e-01 -1.291760e-01 -1.810000e-01 4.480000e-01 -3.412058e-01 -1.266517e-01
-1.810000e-01 4.480000e-01 -3.412058e-01 -1.266517e-01 -1.710000e-01 4.480000e-01 -3.404269e-01 -1.240006e-01
-1.660000e-01 4.430000e-01 -3.413579e-01 -1.271920e-01 -1.710000e-01 4.480000e-01 -3.404269e-01 -1.240006e-01
-4.860000e-01 4.530000e-01 -3.412612e-01 -1.257222e-01 -4.810000e-01 4.580000e-01 -3.420862e-01 -1.221671e-01
-4.810000e-01 4.580000e-01 -3.420862e-01 -1.221671e-01 -4.710000e-01 4.580000e-01 -3.415310e-01 -1.243476e-01
-4.710000e-01 4.580000e-01 -3.415310e-01 -1.243476e-01 -4.610000e-01 4.580000e-01 -3.410790e-01 -1.263887e-01
-4.610000e-01 4.580000e-01 -3.410790e-01 -1.263887e-01 -4.510000e-01 4.580000e-01 -3.407241e-01 -1.282854e-01
-4.510000e-01 4.580000e-01 -3.407241e-01 -1.282854e-01 -4.410000e-01 4.580000e-01 -3.404596e-01 -1.300333e-01
-4.410000e-01 4.580000e-01 -3.404596e-01 -1.300333e-01 -4.360000e-01 4.630000e-01 -3.411661e-01 -1.259605e-01
-2.410000e-01 4.580000e-01 -3.417394e-01 -1.299992e-01 -2.460000e-01 4.630000e-01 -3.410321e-01 -1.259285e-01
-2.410000e-01 4.580000e-01 -3.417394e-01 -1.299992e-01 -2.310000e-01 4.580000e-01 -3.414731e-01 -1.282483e-01
-2.310000e-01 4.580000e-01 -3.414731e-01 -1.282483e-01 -2.210000e-01 4.580000e-01 -3.411163e-01 -1.263486e-01
-2.210000e-01 4.580000e-01 -3.411163e-01 -1.263486e-01 -2.110000e-01 4.580000e-01 -3.406623e-01 -1.243047e-01
-2.110000e-01 4.580000e-01 -3.406623e-01 -1.243047e-01 -2.010000e-01 4.580000e-01 -3.401049e-01 -1.221213e-01
-1.960000e-01 4.530000e-01 -3.409302e-01 -1.256743e-01 -2.010000e-01 4.580000e-01 -3.401049e-01 -1.221213e-01
-4.360000e-01 4.630000e-01 -3.411661e-01 -1.259605e-01 -4.310000e-01 4.680000e-01 -3.417707e-01 -1.218558e-01
-4.310000e-01 4.680000e-01 -3.417707e-01 -1.218558e-01 -4.210000e-01 4.680000e-01 -3.415092e-01 -1.232470e-01
-4.210000e-01 4.680000e-01 -3.415092e-01 -1.232470e-01 -4.110000e-01 4.680000e-01 -3.413129e-01 -1.244826e-01
-4.110000e-01 4.680000e-01 -3.413129e-01 -1.244826e-01 -4.010000e-01 4.680000e-01 -3.411741e-01 -1.255595e-01
-4.010000e-01 4.680000e-01 -3.411741e-01 -1.255595e-01 -3.910000e-01 4.680000e-01 -3.410852e-01 -1.264750e-01
-3.910000e-01 4.680000e-01 -3.410852e-01 -1.264750e-01 -3.810000e-01 4.680000e-01 -3.410380e-01 -1.272269e-01
-3.810000e-01 4.680000e-01 -3.410380e-01 -1.272269e-01 -3.710000e-01 4.680000e-01 -3.410245e-01 -1.278134e-01
-3.710000e-01 4.680000e-01 -3.410245e-01 -1.278134e-01 -3.610000e-01 4.680000e-01 -3.410363e-01 -1.282329e-01
-3.610000e-01 4.680000e-01 -3.410363e-01 -1.282329e-01 -3.510000e-01 4.680000e-01 -3.410650e-01 -1.284843e-01
-3.510000e-01 4.680000e-01 -3.410650e-01 -1.284843e-01 -3.410000e-01 4.680000e-01 -3.411022e-01 -1.285670e-01
-3.410000e-01 4.680000e-01 -3.411022e-01 -1.285670e-01 -3.310000e-01 4.680000e-01 -3.411392e-01 -1.284808e-01
-3.310000e-01 4.680000e-01 -3.411392e-01 -1.284808e-01 -3.210000e-01 4.680000e-01 -3.411677e-01 -1.282260e-01
-3.210000e-01 4.680000e-01 -3.411677e-01 -1.282260e-01 -3.110000e-01 4.680000e-01 -3.411791e-01 -1.278031e-01
-3.110000e-01 4.680000e-01 -3.411791e-01 -1.278031e-01 -3.010000e-01 4.680000e-01 -3.411649e-01 -1.272133e-01
-3.010000e-01 4.680000e-01 -3.411649e-01 -1.272133e-01 -2.910000e-01 4.680000e-01 -3.411170e-01 -1.264580e-01
-2.910000e-01 4.680000e-01 -3.411170e-01 -1.264580e-01 -2.810000e-01 4.680000e-01 -3.410271e-01 -1.255391e-01
-2.810000e-01 4.680000e-01 -3.410271e-01 -1.255391e-01 -2.710000e-01 4.680000e-01 -3.408873e-01 -1.244590e-01
-2.710000e-01 4.680000e-01 -3.408873e-01 -1.244590e-01 -2.610000e-01 4.680000e-01 -3.406897e-01 -1.232202e-01
-2.610000e-01 4.680000e-01 -3.406897e-01 -1.232202e-01 -2.510000e-01 4.680000e-01 -3.404268e-01 -1.218259e-01
-2.460000e-01 4.630000e-01 -3.410321e-01 -1.259285e-01 -2.510000e-01 4.680000e-01 -3.404268e-01 -1.218259e-01
-3.411018e-01 -1.263190e-01 -9.326688e-01 -1.263190e-01 -3.411018e-01 -1.263190e-01 -9.312278e-01 -1.675846e-01
-3.411018e-01 -1.263190e-01 -9.312278e-01 -1.675846e-01 -3.411018e-01 -1.263190e-01 -9.269117e-01 -2.086492e-01
-3.411018e-01 -1.263190e-01 -9.269117e-01 -2.086492e-01 -3.411018e-01 -1.263190e-01 -9.197416e-01 -2.493127e-01
-3.411018e-01 -1.263190e-01 -9.197416e-01 -2.493127e-01 -3.411018e-01 -1.263190e-01 -9.097525e-01 -2.893769e-01
-3.411018e-01 -1.263190e-01 -9.097525e-01 -2.893769e-01 -3.411018e-01 -1.263190e-01 -8.969929e-01 -3.286468e-01
-3.411018e-01 -1.263190e-01 -8.969929e-01 -3.286468e-01 -3.411018e-01 -1.263190e-01 -8.815251e-01 -3.669309e-01
-3.411018e-01 -1.263190e-01 -8.815251e-01 -3.669309e-01 -3.411018e-01 -1.263190e-01 -8.634244e-01 -4.040429e-01
-3.411018e-01 -1.263190e-01 -8.634244e-01 -4.040429e-01 -3.411018e-01 -1.263190e-01 -8.427790e-01 -4.398017e-01
-3.411018e-01 -1.263190e-01 -8.427790e-01 -4.398017e-01 -3.411018e-01 -1.263190e-01 -8.196895e-01 -4.740333e-01
-3.411018e-01 -1.263190e-01 -8.196895e-01 -4.740333e-01 -3.411018e-01 -1.263190e-01 -7.942684e-01 -5.065709e-01
-3.411018e-01 -1.263190e-01 -7.942684e-01 -5.065709e-01 -3.411018e-01 -1.263190e-01 -7.666395e-01 -5.372559e-01
-3.411018e-01 -1.263190e-01 -7.666395e-01 -5.372559e-01 -3.411018e-01 -1.263190e-01 -7.369374e-01 -5.659389e-01
-3.411018e-01 -1.263190e-01 -7.369374e-01 -5.659389e-01 -3.411018e-01 -1.263190e-01 -7.053068e-01 -5.924801e-01
-3.411018e-01 -1.263190e-01 -7.053068e-01 -5.924801e-01 -3.411018e-01 -1.263190e-01 -6.719018e-01 -6.167502e-01
-3.411018e-01 -1.263190e-01 -6.719018e-01 -6.167502e-01 -3.411018e-01 -1.263190e-01 -6.368853e-01 -6.386310e-01
-3.411018e-01 -1.263190e-01 -6.368853e-01 -6.386310e-01 -3.411018e-01 -1.263190e-01 -6.004277e-01 -6.580159e-01
-3.411018e-01 -1.263190e-01 -6.004277e-01 -6.580159e-01 -3.411018e-01 -1.263190e-01 -5.627067e-01 -6.748103e-01
-3.411018e-01 -1.263190e-01 -5.627067e-01 -6.748103e-01 -3.411018e-01 -1.263190e-01 -5.239060e-01 -6.889326e-01
-3.411018e-01 -1.263190e-01 -5.239060e-01 -6.889326e-01 -3.411018e-01 -1.263190e-01 -4.842148e-01 -7.003139e-01
-3.411018e-01 -1.263190e-01 -4.842148e-01 -7.003139e-01 -3.411018e-01 -1.263190e-01 -4.438263e-01 -7.088987e-01
-3.411018e-01 -1.263190e-01 -4.438263e-01 -7.088987e-01 -3.411018e-01 -1.263190e-01 -4.029374e-01 -7.146453e-01
-3.411018e-01 -1.263190e-01 -4.029374e-01 -7.146453e-01 -3.411018e-01 -1.263190e-01 -3.617472e-01 -7.175256e-01
-3.411018e-01 -1.263190e-01 -3.617472e-01 -7.175256e-01 -3.411018e-01 -1.263190e-01 -3.204564e-01 -7.175256e-01
-3.411018e-01 -1.263190e-01 -3.204564e-01 -7.175256e-01 -3.411018e-01 -1.263190e-01 -2.792662e-01 -7.146453e-01
-3.411018e-01 -1.263190e-01 -2.792662e-01 -7.146453e-01 -3.411018e-01 -1.263190e-01 -2.383772e-01 -7.088987e-01
-3.411018e-01 -1.263190e-01 -2.383772e-01 -7.088987e-01 -3.411018e-01 -1.263190e-01 -1.979888e-01 -7.003139e-01
-3.411018e-01 -1.263190e-01 -1.979888e-01 -7.003139e-01 -3.411018e-01 -1.263190e-01 -1.582975e-01 -6.889326e-01
-3.411018e-01 -1.263190e-01 -1.582975e-01 -6.889326e-01 -3.411018e-01 -1.263190e-01 -1.194969e-01 -6.748103e-01
-3.411018e-01 -1.263190e-01 -1.194969e-01 -6.748103e-01 -3.411018e-01 -1.263190e-01 -8.177586e-02 -6.580159e-01
-3.411018e-01 -1.263190e-01 -8.177586e-02 -6.580159e-01 -3.411018e-01 -1.263190e-01 -4.531826e-02 -6.386310e-01
-3.411018e-01 -1.263190e-01 -4.531826e-02 -6.386310e-01 -3.411018e-01 -1.263190e-01 -1.030169e-02 -6.167502e-01
-3.411018e-01 -1.263190e-01 -1.030169e-02 -6.167502e-01 -3.411018e-01 -1.263190e-01 2.310325e-02 -5.924801e-01
-3.411018e-01 -1.263190e-01 2.310325e-02 -5.924801e-01 -3.411018e-01 -1.263190e-01 5.473383e-02 -5.659389e-01
-3.411018e-01 -1.263190e-01 5.473383e-02 -5.659389e-01 -3.411018e-01 -1.263190e-01 8.443593e-02 -5.372559e-01
-3.411018e-01 -1.263190e-01 8.443593e-02 -5.372559e-01 -3.411018e-01 -1.263190e-01 1.120649e-01 -5.065709e-01
-3.411018e-01 -1.263190e-01 1.120649e-01 -5.065709e-01 -3.411018e-01 -1.263190e-01 1.374860e-01 -4.740333e-01
-3.411018e-01 -1.263190e-01 1.374860e-01 -4.740333e-01 -3.411018e-01 -1.263190e-01 1.605755e-01 -4.398017e-01
-3.411018e-01 -1.263190e-01 1.605755e-01 -4.398017e-01 -3.411018e-01 -1.263190e-01 1.812209e-01 -4.040429e-01
-3.411018e-01 -1.263190e-01 1.812209e-01 -4.040429e-01 -3.411018e-01 -1.263190e-01 1.993216e-01 -3.669309e-01
-3.411018e-01 -1.263190e-01 1.993216e-01 -3.669309e-01 -3.411018e-01 -1.263190e-01 2.147894e-01 -3.286468e-01
-3.411018e-01 -1.263190e-01 2.147894e-01 -3.286468e-01 -3.411018e-01 -1.263190e-01 2.275489e-01 -2.893769e-01
-3.411018e-01 -1.263190e-01 2.275489e-01 -2.893769e-01 -3.411018e-01 -1.263190e-01 2.375381e-01 -2.493127e-01
-3.411018e-01 -1.263190e-01 2.375381e-01 -2.493127e-01 -3.411018e-01 -1.263190e-01 2.447082e-01 -2.086492e-01
-3.411018e-01 -1.263190e-01 2.447082e-01 -2.086492e-01 -3.411018e-01 -1.263190e-01 2.490242e-01 -1.675846e-01
-3.411018e-01 -1.263190e-01 2.490242e-01 -1.675846e-01 -3.411018e-01 -1.263190e-01 2.504652e-01 -1.263190e-01
-3.411018e-01 -1.263190e-01 2.504652e-01 -1.263190e-01 -3.411018e-01 -1.263190e-01 2.490242e-01 -8.505333e-02
-3.411018e-01 -1.263190e-01 2.490242e-01 -8.505333e-02 -3.411018e-01 -1.263190e-01 2.447082e-01 -4.398874e-02
-3.411018e-01 -1.263190e-01 2.447082e-01 -4.398874e-02 -3.411018e-01 -1.263190e-01 2.375381e-01 -3.325262e-03
-3.411018e-01 -1.263190e-01 2.375381e-01 -3.325262e-03 -3.411018e-01 -1.263190e-01 2.275489e-01 3.673901e-02
-3.411018e-01 -1.263190e-01 2.275489e-01 3.673901e-02 -3.411018e-01 -1.263190e-01 2.147894e-01 7.600887e-02
-3.411018e-01 -1.263190e-01 2.147894e-01 7.600887e-02 -3.411018e-01 -1.263190e-01 1.993216e-01 1.142930e-01
-3.411018e-01 -1.263190e-01 1.993216e-01 1.142930e-01 -3.411018e-01 -1.263190e-01 1.812209e-01 1.514049e-01
-3.411018e-01 -1.263190e-01 1.812209e-01 1.514049e-01 -3.411018e-01 -1.263190e-01 1.605755e-01 1.871638e-01
-3.411018e-01 -1.263190e-01 1.605755e-01 1.871638e-01 -3.411018e-01 -1.263190e-01 1.374860e-01 2.213954e-01
-3.411018e-01 -1.263190e-01 1.374860e-01 2.213954e-01 -3.411018e-01 -1.263190e-01 1.120649e-01 2.539330e-01
-3.411018e-01 -1.263190e-01 1.120649e-01 2.539330e-01 -3.411018e-01 -1.263190e-01 8.443593e-02 2.846180e-01
-3.411018e-01 -1.263190e-01 8.443593e-02 2.846180e-01 -3.411018e-01 -1.263190e-01 5.473383e-02 3.133010e-01
-3.411018e-01 -1.263190e-01 5.473383e-02 3.133010e-01 -3.411018e-01 -1.263190e-01 2.310325e-02 3.398422e-01
-3.411018e-01 -1.263190e-01 2.310325e-02 3.398422e-01 -3.411018e-01 -1.263190e-01 -1.030169e-02 3.641123e-01
-3.411018e-01 -1.263190e-01 -1.030169e-02 3.641123e-01 -3.411018e-01 -1.263190e-01 -4.531826e-02 3.859931e-01
-3.411018e-01 -1.263190e-01 -4.531826e-02 3.859931e-01 -3.411018e-01 -1.263190e-01 -8.177586e-02 4.053780e-01
-3.411018e-01 -1.263190e-01 -8.177586e-02 4.053780e-01 -3.411018e-01 -1.263190e-01 -1.194969e-01 4.221724e-01
-3.411018e-01 -1.263190e-01 -1.194969e-01 4.221724e-01 -3.411018e-01 -1.263190e-01 -1.582975e-01 4.362947e-01
-3.411018e-01 -1.263190e-01 -1.582975e-01 4.362947e-01 -3.411018e-01 -1.263190e-01 -1.979888e-01 4.476760e-01
-3.411018e-01 -1.263190e-01 -1.979888e-01 4.476760e-01 -3.411018e-01 -1.263190e-01 -2.383772e-01 4.562608e-01
-3.411018e-01 -1.263190e-01 -2.383772e-01 4.562608e-01 -3.411018e-01 -1.263190e-01 -2.792662e-01 4.620074e-01
-3.411018e-01 -1.263190e-01 -2.792662e-01 4.620074e-01 -3.411018e-01 -1.263190e-01 -3.204564e-01 4.648877e-01
-3.411018e-01 -1.263190e-01 -3.204564e-01 4.648877e-01 -3.411018e-01 -1.263190e-01 -3.617472e-01 4.648877e-01
-3.411018e-01 -1.263190e-01 -3.617472e-01 4.648877e-01 -3.411018e-01 -1.263190e-01 -4.029374e-01 4.620074e-01
-3.411018e-01 -1.263190e-01 -4.029374e-01 4.620074e-01 -3.411018e-01 -1.263190e-01 -4.438263e-01 4.562608e-01
-3.411018e-01 -1.263190e-01 -4.438263e-01 4.562608e-01 -3.411018e-01 -1.263190e-01 -4.842148e-01 4.476760e-01
-3.411018e-01 -1.263190e-01 -4.842148e-01 4.476760e-01 -3.411018e-01 -1.263190e-01 -5.239060e-01 4.362947e-01
-3.411018e-01 -1.263190e-01 -5.239060e-01 4.362947e-01 -3.411018e-01 -1.263190e-01 -5.627067e-01 4.221724e-01
-3.411018e-01 -1.263190e-01 -5.627067e-01 4.221724e-01 -3.411018e-01 -1.263190e-01 -6.004277e-01 4.053780e-01
-3.411018e-01 -1.263190e-01 -6.004277e-01 4.053780e-01 -3.411018e-01 -1.263190e-01 -6.368853e-01 3.859931e-01
-3.411018e-01 -1.263190e-01 -6.368853e-01 3.859931e-01 -3.411018e-01 -1.263190e-01 -6.719018e-01 3.641123e-01
-3.411018e-01 -1.263190e-01 -6.719018e-01 3.641123e-01 -3.411018e-01 -1.263190e-01 -7.053068e-01 3.398422e-01
-3.411018e-01 -1.263190e-01 -7.053068e-01 3.398422e-01 -3.411018e-01 -1.263190e-01 -7.369374e-01 3.133010e-01
-3.411018e-01 -1.263190e-01 -7.369374e-01 3.133010e-01 -3.411018e-01 -1.263190e-01 -7.666395e-01 2.846180e-01
-3.411018e-01 -1.263190e-01 -7.666395e-01 2.846180e-01 -3.411018e-01 -1.263190e-01 -7.942684e-01 2.539330e-01
-3.411018e-01 -1.263190e-01 -7.942684e-01 2.539330e-01 -3.411018e-01 -1.263190e-01 -8.196895e-01 2.213954e-01
-3.411018e-01 -1.263190e-01 -8.196895e-01 2.213954e-01 -3.411018e-01 -1.263190e-01 -8.427790e-01 1.871638e-01
-3.411018e-01 -1.263190e-01 -8.427790e-01 1.871638e-01 -3.411018e-01 -1.263190e-01 -8.634244e-01 1.514049e-01
-3.411018e-01 -1.263190e-01 -8.634244e-01 1.514049e-01 -3.411018e-01 -1.263190e-01 -8.815251e-01 1.142930e-01
-3.411018e-01 -1.263190e-01 -8.815251e-01 1.142930e-01 -3.411018e-01 -1.263190e-01 -8.969929e-01 7.600887e-02
-3.411018e-01 -1.263190e-01 -8.969929e-01 7.600887e-02 -3.411018e-01 -1.263190e-01 -9.097525e-01 3.673901e-02
-3.411018e-01 -1.263190e-01 -9.097525e-01 3.673901e-02 -3.411018e-01 -1.263190e-01 -9.197416e-01 -3.325262e-03
-3.411018e-01 -1.263190e-01 -9.197416e-01 -3.325262e-03 -3.411018e-01 -1.263190e-01 -9.269117e-01 -4.398874e-02
-3.411018e-01 -1.263190e-01 -9.269117e-01 -4.398874e-02 -3.411018e-01 -1.263190e-01 -9.312278e-01 -8.505333e-02
-3.411018e-01 -1.263190e-01 -9.312278e-01 -8.505333e-02 -3.411018e-01 -1.263190e-01 -9.326688e-01 -1.263190e-01
