-1.402000e+00 -1.720000e+00 -1.206420e+00 -1.445230e+00 -1.402000e+00 -1.710000e+00 -1.204855e+00 -1.435483e+00
-1.112000e+00 -1.720000e+00 -1.278357e+00 -1.425096e+00 -1.112000e+00 -1.710000e+00 -1.278845e+00 -1.415121e+00
-1.402000e+00 -1.710000e+00 -1.204855e+00 -1.435483e+00 -1.402000e+00 -1.700000e+00 -1.203276e+00 -1.425740e+00
-1.112000e+00 -1.710000e+00 -1.278845e+00 -1.415121e+00 -1.112000e+00 -1.700000e+00 -1.279340e+00 -1.405145e+00
-1.402000e+00 -1.700000e+00 -1.203276e+00 -1.425740e+00 -1.402000e+00 -1.690000e+00 -1.201685e+00 -1.416001e+00
-1.112000e+00 -1.700000e+00 -1.279340e+00 -1.405145e+00 -1.112000e+00 -1.690000e+00 -1.279841e+00 -1.395170e+00
-1.402000e+00 -1.690000e+00 -1.201685e+00 -1.416001e+00 -1.402000e+00 -1.680000e+00 -1.200080e+00 -1.406267e+00
-1.112000e+00 -1.690000e+00 -1.279841e+00 -1.395170e+00 -1.112000e+00 -1.680000e+00 -1.280349e+00 -1.385196e+00
-1.402000e+00 -1.680000e+00 -1.200080e+00 -1.406267e+00 -1.402000e+00 -1.670000e+00 -1.198461e+00 -1.396536e+00
-1.112000e+00 -1.680000e+00 -1.280349e+00 -1.385196e+00 -1.107000e+00 -1.675000e+00 -1.280691e+00 -1.380467e+00
-1.107000e+00 -1.675000e+00 -1.280691e+00 -1.380467e+00 -1.102000e+00 -1.670000e+00 -1.280870e+00 -1.375768e+00
-1.402000e+00 -1.670000e+00 -1.198461e+00 -1.396536e+00 -1.402000e+00 -1.660000e+00 -1.196829e+00 -1.386810e+00
-1.102000e+00 -1.670000e+00 -1.280870e+00 -1.375768e+00 -1.102000e+00 -1.660000e+00 -1.281446e+00 -1.365801e+00
-1.402000e+00 -1.660000e+00 -1.196829e+00 -1.386810e+00 -1.402000e+00 -1.650000e+00 -1.195183e+00 -1.377088e+00
-1.102000e+00 -1.660000e+00 -1.281446e+00 -1.365801e+00 -1.102000e+00 -1.650000e+00 -1.282029e+00 -1.355836e+00
-1.402000e+00 -1.650000e+00 -1.195183e+00 -1.377088e+00 -1.402000e+00 -1.640000e+00 -1.193523e+00 -1.367371e+00
-1.102000e+00 -1.650000e+00 -1.282029e+00 -1.355836e+00 -1.102000e+00 -1.640000e+00 -1.282620e+00 -1.345871e+00
-1.402000e+00 -1.640000e+00 -1.193523e+00 -1.367371e+00 -1.402000e+00 -1.630000e+00 -1.191849e+00 -1.357658e+00
-1.102000e+00 -1.640000e+00 -1.282620e+00 -1.345871e+00 -1.102000e+00 -1.630000e+00 -1.283219e+00 -1.335907e+00
-1.402000e+00 -1.630000e+00 -1.191849e+00 -1.357658e+00 -1.402000e+00 -1.620000e+00 -1.190161e+00 -1.347950e+00
-1.102000e+00 -1.630000e+00 -1.283219e+00 -1.335907e+00 -1.102000e+00 -1.620000e+00 -1.283826e+00 -1.325944e+00
-1.402000e+00 -1.620000e+00 -1.190161e+00 -1.347950e+00 -1.402000e+00 -1.610000e+00 -1.188458e+00 -1.338247e+00
-1.102000e+00 -1.620000e+00 -1.283826e+00 -1.325944e+00 -1.102000e+00 -1.610000e+00 -1.284440e+00 -1.315981e+00
-1.402000e+00 -1.610000e+00 -1.188458e+00 -1.338247e+00 -1.402000e+00 -1.600000e+00 -1.186741e+00 -1.328548e+00
-1.102000e+00 -1.610000e+00 -1.284440e+00 -1.315981e+00 -1.097000e+00 -1.605000e+00 -1.284834e+00 -1.311312e+00
-1.097000e+00 -1.605000e+00 -1.284834e+00 -1.311312e+00 -1.092000e+00 -1.600000e+00 -1.285057e+00 -1.306674e+00
-1.402000e+00 -1.600000e+00 -1.186741e+00 -1.328548e+00 -1.402000e+00 -1.590000e+00 -1.185009e+00 -1.318855e+00
-1.092000e+00 -1.600000e+00 -1.285057e+00 -1.306674e+00 -1.092000e+00 -1.590000e+00 -1.285742e+00 -1.296722e+00
-1.402000e+00 -1.590000e+00 -1.185009e+00 -1.318855e+00 -1.402000e+00 -1.580000e+00 -1.183262e+00 -1.309167e+00
-1.092000e+00 -1.590000e+00 -1.285742e+00 -1.296722e+00 -1.092000e+00 -1.580000e+00 -1.286436e+00 -1.286771e+00
-1.402000e+00 -1.580000e+00 -1.183262e+00 -1.309167e+00 -1.402000e+00 -1.570000e+00 -1.181501e+00 -1.299484e+00
-1.092000e+00 -1.580000e+00 -1.286436e+00 -1.286771e+00 -1.092000e+00 -1.570000e+00 -1.287139e+00 -1.276821e+00
-1.402000e+00 -1.570000e+00 -1.181501e+00 -1.299484e+00 -1.402000e+00 -1.560000e+00 -1.179724e+00 -1.289806e+00
-1.092000e+00 -1.570000e+00 -1.287139e+00 -1.276821e+00 -1.092000e+00 -1.560000e+00 -1.287852e+00 -1.266872e+00
-1.402000e+00 -1.560000e+00 -1.179724e+00 -1.289806e+00 -1.402000e+00 -1.550000e+00 -1.177931e+00 -1.280134e+00
-1.092000e+00 -1.560000e+00 -1.287852e+00 -1.266872e+00 -1.092000e+00 -1.550000e+00 -1.288574e+00 -1.256924e+00
-1.402000e+00 -1.550000e+00 -1.177931e+00 -1.280134e+00 -1.402000e+00 -1.540000e+00 -1.176123e+00 -1.270467e+00
-1.092000e+00 -1.550000e+00 -1.288574e+00 -1.256924e+00 -1.092000e+00 -1.540000e+00 -1.289306e+00 -1.246978e+00
-1.402000e+00 -1.540000e+00 -1.176123e+00 -1.270467e+00 -1.402000e+00 -1.530000e+00 -1.174300e+00 -1.260807e+00
-1.092000e+00 -1.540000e+00 -1.289306e+00 -1.246978e+00 -1.087000e+00 -1.535000e+00 -1.289745e+00 -1.242376e+00
-1.087000e+00 -1.535000e+00 -1.289745e+00 -1.242376e+00 -1.082000e+00 -1.530000e+00 -1.290003e+00 -1.237806e+00
-1.402000e+00 -1.530000e+00 -1.174300e+00 -1.260807e+00 -1.402000e+00 -1.520000e+00 -1.172460e+00 -1.251152e+00
-1.082000e+00 -1.530000e+00 -1.290003e+00 -1.237806e+00 -1.082000e+00 -1.520000e+00 -1.290808e+00 -1.227872e+00
-1.402000e+00 -1.520000e+00 -1.172460e+00 -1.251152e+00 -1.402000e+00 -1.510000e+00 -1.170604e+00 -1.241502e+00
-1.082000e+00 -1.520000e+00 -1.290808e+00 -1.227872e+00 -1.082000e+00 -1.510000e+00 -1.291623e+00 -1.217940e+00
-1.402000e+00 -1.510000e+00 -1.170604e+00 -1.241502e+00 -1.402000e+00 -1.500000e+00 -1.168732e+00 -1.231860e+00
-1.082000e+00 -1.510000e+00 -1.291623e+00 -1.217940e+00 -1.082000e+00 -1.500000e+00 -1.292449e+00 -1.208009e+00
-1.402000e+00 -1.500000e+00 -1.168732e+00 -1.231860e+00 -1.402000e+00 -1.490000e+00 -1.166844e+00 -1.222223e+00
-1.082000e+00 -1.500000e+00 -1.292449e+00 -1.208009e+00 -1.082000e+00 -1.490000e+00 -1.293287e+00 -1.198080e+00
-1.402000e+00 -1.490000e+00 -1.166844e+00 -1.222223e+00 -1.402000e+00 -1.480000e+00 -1.164939e+00 -1.212593e+00
-1.082000e+00 -1.490000e+00 -1.293287e+00 -1.198080e+00 -1.082000e+00 -1.480000e+00 -1.294136e+00 -1.188153e+00
-1.402000e+00 -1.480000e+00 -1.164939e+00 -1.212593e+00 -1.402000e+00 -1.470000e+00 -1.163017e+00 -1.202969e+00
-1.082000e+00 -1.480000e+00 -1.294136e+00 -1.188153e+00 -1.082000e+00 -1.470000e+00 -1.294998e+00 -1.178227e+00
-1.402000e+00 -1.470000e+00 -1.163017e+00 -1.202969e+00 -1.402000e+00 -1.460000e+00 -1.161078e+00 -1.193352e+00
-1.082000e+00 -1.470000e+00 -1.294998e+00 -1.178227e+00 -1.082000e+00 -1.460000e+00 -1.295871e+00 -1.168303e+00
-1.402000e+00 -1.460000e+00 -1.161078e+00 -1.193352e+00 -1.402000e+00 -1.450000e+00 -1.159122e+00 -1.183742e+00
-1.082000e+00 -1.460000e+00 -1.295871e+00 -1.168303e+00 -1.077000e+00 -1.455000e+00 -1.296378e+00 -1.163785e+00
-1.077000e+00 -1.455000e+00 -1.296378e+00 -1.163785e+00 -1.072000e+00 -1.450000e+00 -1.296695e+00 -1.159298e+00
-1.407000e+00 -1.445000e+00 -1.158226e+00 -1.179927e+00 -1.412000e+00 -1.440000e+00 -1.157548e+00 -1.176120e+00
-1.402000e+00 -1.450000e+00 -1.159122e+00 -1.183742e+00 -1.407000e+00 -1.445000e+00 -1.158226e+00 -1.179927e+00
-1.072000e+00 -1.450000e+00 -1.296695e+00 -1.159298e+00 -1.072000e+00 -1.440000e+00 -1.297644e+00 -1.149390e+00
-1.412000e+00 -1.440000e+00 -1.157548e+00 -1.176120e+00 -1.412000e+00 -1.430000e+00 -1.155560e+00 -1.166542e+00
-1.072000e+00 -1.440000e+00 -1.297644e+00 -1.149390e+00 -1.072000e+00 -1.430000e+00 -1.298605e+00 -1.139485e+00
-1.412000e+00 -1.430000e+00 -1.155560e+00 -1.166542e+00 -1.412000e+00 -1.420000e+00 -1.153554e+00 -1.156971e+00
-1.072000e+00 -1.430000e+00 -1.298605e+00 -1.139485e+00 -1.072000e+00 -1.420000e+00 -1.299581e+00 -1.129581e+00
-1.412000e+00 -1.420000e+00 -1.153554e+00 -1.156971e+00 -1.412000e+00 -1.410000e+00 -1.151530e+00 -1.147408e+00
-1.072000e+00 -1.420000e+00 -1.299581e+00 -1.129581e+00 -1.072000e+00 -1.410000e+00 -1.300570e+00 -1.119681e+00
-1.412000e+00 -1.410000e+00 -1.151530e+00 -1.147408e+00 -1.412000e+00 -1.400000e+00 -1.149489e+00 -1.137853e+00
-1.072000e+00 -1.410000e+00 -1.300570e+00 -1.119681e+00 -1.072000e+00 -1.400000e+00 -1.301573e+00 -1.109782e+00
-1.412000e+00 -1.400000e+00 -1.149489e+00 -1.137853e+00 -1.412000e+00 -1.390000e+00 -1.147430e+00 -1.128306e+00
-1.072000e+00 -1.400000e+00 -1.301573e+00 -1.109782e+00 -1.072000e+00 -1.390000e+00 -1.302591e+00 -1.099886e+00
-1.412000e+00 -1.390000e+00 -1.147430e+00 -1.128306e+00 -1.412000e+00 -1.380000e+00 -1.145352e+00 -1.118768e+00
-1.072000e+00 -1.390000e+00 -1.302591e+00 -1.099886e+00 -1.072000e+00 -1.380000e+00 -1.303624e+00 -1.089992e+00
-1.412000e+00 -1.380000e+00 -1.145352e+00 -1.118768e+00 -1.412000e+00 -1.370000e+00 -1.143256e+00 -1.109238e+00
-1.072000e+00 -1.380000e+00 -1.303624e+00 -1.089992e+00 -1.067000e+00 -1.375000e+00 -1.304191e+00 -1.085571e+00
-1.067000e+00 -1.375000e+00 -1.304191e+00 -1.085571e+00 -1.062000e+00 -1.370000e+00 -1.304561e+00 -1.081181e+00
-1.412000e+00 -1.370000e+00 -1.143256e+00 -1.109238e+00 -1.412000e+00 -1.360000e+00 -1.141141e+00 -1.099717e+00
-1.062000e+00 -1.370000e+00 -1.304561e+00 -1.081181e+00 -1.062000e+00 -1.360000e+00 -1.305672e+00 -1.071309e+00
-1.412000e+00 -1.360000e+00 -1.141141e+00 -1.099717e+00 -1.412000e+00 -1.350000e+00 -1.139007e+00 -1.090206e+00
-1.062000e+00 -1.360000e+00 -1.305672e+00 -1.071309e+00 -1.062000e+00 -1.350000e+00 -1.306799e+00 -1.061439e+00
-1.412000e+00 -1.350000e+00 -1.139007e+00 -1.090206e+00 -1.412000e+00 -1.340000e+00 -1.136853e+00 -1.080703e+00
-1.062000e+00 -1.350000e+00 -1.306799e+00 -1.061439e+00 -1.062000e+00 -1.340000e+00 -1.307942e+00 -1.051573e+00
-1.412000e+00 -1.340000e+00 -1.136853e+00 -1.080703e+00 -1.412000e+00 -1.330000e+00 -1.134680e+00 -1.071210e+00
-1.062000e+00 -1.340000e+00 -1.307942e+00 -1.051573e+00 -1.062000e+00 -1.330000e+00 -1.309102e+00 -1.041710e+00
-1.412000e+00 -1.330000e+00 -1.134680e+00 -1.071210e+00 -1.412000e+00 -1.320000e+00 -1.132488e+00 -1.061727e+00
-1.062000e+00 -1.330000e+00 -1.309102e+00 -1.041710e+00 -1.062000e+00 -1.320000e+00 -1.310280e+00 -1.031851e+00
-1.412000e+00 -1.320000e+00 -1.132488e+00 -1.061727e+00 -1.412000e+00 -1.310000e+00 -1.130275e+00 -1.052254e+00
-1.062000e+00 -1.320000e+00 -1.310280e+00 -1.031851e+00 -1.062000e+00 -1.310000e+00 -1.311475e+00 -1.021995e+00
-1.412000e+00 -1.310000e+00 -1.130275e+00 -1.052254e+00 -1.412000e+00 -1.300000e+00 -1.128042e+00 -1.042791e+00
-1.062000e+00 -1.310000e+00 -1.311475e+00 -1.021995e+00 -1.062000e+00 -1.300000e+00 -1.312688e+00 -1.012143e+00
-1.412000e+00 -1.300000e+00 -1.128042e+00 -1.042791e+00 -1.412000e+00 -1.290000e+00 -1.125789e+00 -1.033339e+00
-1.062000e+00 -1.300000e+00 -1.312688e+00 -1.012143e+00 -1.062000e+00 -1.290000e+00 -1.313920e+00 -1.002295e+00
-1.412000e+00 -1.290000e+00 -1.125789e+00 -1.033339e+00 -1.412000e+00 -1.280000e+00 -1.123514e+00 -1.023898e+00
-1.062000e+00 -1.290000e+00 -1.313920e+00 -1.002295e+00 -1.057000e+00 -1.285000e+00 -1.314574e+00 -9.979984e-01
-1.057000e+00 -1.285000e+00 -1.314574e+00 -9.979984e-01 -1.052000e+00 -1.280000e+00 -1.315020e+00 -9.937336e-01
-1.412000e+00 -1.280000e+00 -1.123514e+00 -1.023898e+00 -1.412000e+00 -1.270000e+00 -1.121219e+00 -1.014468e+00
-1.052000e+00 -1.280000e+00 -1.315020e+00 -9.937336e-01 -1.052000e+00 -1.270000e+00 -1.316334e+00 -9.839130e-01
-1.412000e+00 -1.270000e+00 -1.121219e+00 -1.014468e+00 -1.412000e+00 -1.260000e+00 -1.118901e+00 -1.005049e+00
-1.052000e+00 -1.270000e+00 -1.316334e+00 -9.839130e-01 -1.052000e+00 -1.260000e+00 -1.317669e+00 -9.740971e-01
-1.412000e+00 -1.260000e+00 -1.118901e+00 -1.005049e+00 -1.412000e+00 -1.250000e+00 -1.116562e+00 -9.956427e-01
-1.052000e+00 -1.260000e+00 -1.317669e+00 -9.740971e-01 -1.052000e+00 -1.250000e+00 -1.319024e+00 -9.642861e-01
-1.412000e+00 -1.250000e+00 -1.116562e+00 -9.956427e-01 -1.412000e+00 -1.240000e+00 -1.114201e+00 -9.862483e-01
-1.052000e+00 -1.250000e+00 -1.319024e+00 -9.642861e-01 -1.052000e+00 -1.240000e+00 -1.320399e+00 -9.544802e-01
-1.412000e+00 -1.240000e+00 -1.114201e+00 -9.862483e-01 -1.412000e+00 -1.230000e+00 -1.111818e+00 -9.768666e-01
-1.052000e+00 -1.240000e+00 -1.320399e+00 -9.544802e-01 -1.052000e+00 -1.230000e+00 -1.321796e+00 -9.446794e-01
-1.412000e+00 -1.230000e+00 -1.111818e+00 -9.768666e-01 -1.412000e+00 -1.220000e+00 -1.109412e+00 -9.674978e-01
-1.052000e+00 -1.230000e+00 -1.321796e+00 -9.446794e-01 -1.052000e+00 -1.220000e+00 -1.323215e+00 -9.348841e-01
-1.412000e+00 -1.220000e+00 -1.109412e+00 -9.674978e-01 -1.412000e+00 -1.210000e+00 -1.106983e+00 -9.581423e-01
-1.052000e+00 -1.220000e+00 -1.323215e+00 -9.348841e-01 -1.052000e+00 -1.210000e+00 -1.324657e+00 -9.250943e-01
-1.412000e+00 -1.210000e+00 -1.106983e+00 -9.581423e-01 -1.412000e+00 -1.200000e+00 -1.104530e+00 -9.488005e-01
-1.052000e+00 -1.210000e+00 -1.324657e+00 -9.250943e-01 -1.052000e+00 -1.200000e+00 -1.326121e+00 -9.153105e-01
-1.412000e+00 -1.200000e+00 -1.104530e+00 -9.488005e-01 -1.412000e+00 -1.190000e+00 -1.102053e+00 -9.394729e-01
-1.052000e+00 -1.200000e+00 -1.326121e+00 -9.153105e-01 -1.052000e+00 -1.190000e+00 -1.327609e+00 -9.055326e-01
-1.412000e+00 -1.190000e+00 -1.102053e+00 -9.394729e-01 -1.412000e+00 -1.180000e+00 -1.099553e+00 -9.301599e-01
-1.052000e+00 -1.190000e+00 -1.327609e+00 -9.055326e-01 -1.047000e+00 -1.185000e+00 -1.328376e+00 -9.014031e-01
-1.047000e+00 -1.185000e+00 -1.328376e+00 -9.014031e-01 -1.042000e+00 -1.180000e+00 -1.328924e+00 -8.973060e-01
-1.412000e+00 -1.180000e+00 -1.099553e+00 -9.301599e-01 -1.412000e+00 -1.170000e+00 -1.097028e+00 -9.208619e-01
-1.042000e+00 -1.180000e+00 -1.328924e+00 -8.973060e-01 -1.042000e+00 -1.170000e+00 -1.330501e+00 -8.875659e-01
-1.412000e+00 -1.170000e+00 -1.097028e+00 -9.208619e-01 -1.412000e+00 -1.160000e+00 -1.094478e+00 -9.115794e-01
-1.042000e+00 -1.170000e+00 -1.330501e+00 -8.875659e-01 -1.042000e+00 -1.160000e+00 -1.332104e+00 -8.778332e-01
-1.412000e+00 -1.160000e+00 -1.094478e+00 -9.115794e-01 -1.407000e+00 -1.155000e+00 -1.092711e+00 -9.056585e-01
-1.407000e+00 -1.155000e+00 -1.092711e+00 -9.056585e-01 -1.402000e+00 -1.150000e+00 -1.091176e+00 -8.997142e-01
-1.042000e+00 -1.160000e+00 -1.332104e+00 -8.778332e-01 -1.042000e+00 -1.150000e+00 -1.333732e+00 -8.681082e-01
-1.402000e+00 -1.150000e+00 -1.091176e+00 -8.997142e-01 -1.402000e+00 -1.140000e+00 -1.088554e+00 -8.904379e-01
-1.042000e+00 -1.150000e+00 -1.333732e+00 -8.681082e-01 -1.042000e+00 -1.140000e+00 -1.335388e+00 -8.583912e-01
-1.402000e+00 -1.140000e+00 -1.088554e+00 -8.904379e-01 -1.402000e+00 -1.130000e+00 -1.085904e+00 -8.811782e-01
-1.042000e+00 -1.140000e+00 -1.335388e+00 -8.583912e-01 -1.042000e+00 -1.130000e+00 -1.337070e+00 -8.486824e-01
-1.402000e+00 -1.130000e+00 -1.085904e+00 -8.811782e-01 -1.402000e+00 -1.120000e+00 -1.083227e+00 -8.719357e-01
-1.042000e+00 -1.130000e+00 -1.337070e+00 -8.486824e-01 -1.042000e+00 -1.120000e+00 -1.338781e+00 -8.389823e-01
-1.402000e+00 -1.120000e+00 -1.083227e+00 -8.719357e-01 -1.402000e+00 -1.110000e+00 -1.080523e+00 -8.627110e-01
-1.042000e+00 -1.120000e+00 -1.338781e+00 -8.389823e-01 -1.042000e+00 -1.110000e+00 -1.340520e+00 -8.292911e-01
-1.402000e+00 -1.110000e+00 -1.080523e+00 -8.627110e-01 -1.402000e+00 -1.100000e+00 -1.077790e+00 -8.535045e-01
-1.042000e+00 -1.110000e+00 -1.340520e+00 -8.292911e-01 -1.042000e+00 -1.100000e+00 -1.342289e+00 -8.196093e-01
-1.402000e+00 -1.100000e+00 -1.077790e+00 -8.535045e-01 -1.402000e+00 -1.090000e+00 -1.075028e+00 -8.443170e-01
-1.042000e+00 -1.100000e+00 -1.342289e+00 -8.196093e-01 -1.042000e+00 -1.090000e+00 -1.344088e+00 -8.099371e-01
-1.402000e+00 -1.090000e+00 -1.075028e+00 -8.443170e-01 -1.402000e+00 -1.080000e+00 -1.072237e+00 -8.351491e-01
-1.042000e+00 -1.090000e+00 -1.344088e+00 -8.099371e-01 -1.037000e+00 -1.085000e+00 -1.344962e+00 -8.060214e-01
-1.037000e+00 -1.085000e+00 -1.344962e+00 -8.060214e-01 -1.032000e+00 -1.080000e+00 -1.345605e+00 -8.021386e-01
-1.402000e+00 -1.080000e+00 -1.072237e+00 -8.351491e-01 -1.402000e+00 -1.070000e+00 -1.069417e+00 -8.260015e-01
-1.032000e+00 -1.080000e+00 -1.345605e+00 -8.021386e-01 -1.032000e+00 -1.070000e+00 -1.347501e+00 -7.925193e-01
-1.402000e+00 -1.070000e+00 -1.069417e+00 -8.260015e-01 -1.402000e+00 -1.060000e+00 -1.066566e+00 -8.168749e-01
-1.032000e+00 -1.070000e+00 -1.347501e+00 -7.925193e-01 -1.032000e+00 -1.060000e+00 -1.349429e+00 -7.829119e-01
-1.402000e+00 -1.060000e+00 -1.066566e+00 -8.168749e-01 -1.402000e+00 -1.050000e+00 -1.063685e+00 -8.077699e-01
-1.032000e+00 -1.060000e+00 -1.349429e+00 -7.829119e-01 -1.032000e+00 -1.050000e+00 -1.351391e+00 -7.733168e-01
-1.402000e+00 -1.050000e+00 -1.063685e+00 -8.077699e-01 -1.402000e+00 -1.040000e+00 -1.060772e+00 -7.986875e-01
-1.032000e+00 -1.050000e+00 -1.351391e+00 -7.733168e-01 -1.032000e+00 -1.040000e+00 -1.353388e+00 -7.637346e-01
-1.402000e+00 -1.040000e+00 -1.060772e+00 -7.986875e-01 -1.402000e+00 -1.030000e+00 -1.057828e+00 -7.896285e-01
-1.032000e+00 -1.040000e+00 -1.353388e+00 -7.637346e-01 -1.032000e+00 -1.030000e+00 -1.355419e+00 -7.541660e-01
-1.402000e+00 -1.030000e+00 -1.057828e+00 -7.896285e-01 -1.402000e+00 -1.020000e+00 -1.054851e+00 -7.805936e-01
-1.032000e+00 -1.030000e+00 -1.355419e+00 -7.541660e-01 -1.032000e+00 -1.020000e+00 -1.357486e+00 -7.446113e-01
-1.402000e+00 -1.020000e+00 -1.054851e+00 -7.805936e-01 -1.402000e+00 -1.010000e+00 -1.051842e+00 -7.715838e-01
-1.032000e+00 -1.020000e+00 -1.357486e+00 -7.446113e-01 -1.032000e+00 -1.010000e+00 -1.359591e+00 -7.350714e-01
-1.402000e+00 -1.010000e+00 -1.051842e+00 -7.715838e-01 -1.402000e+00 -1.000000e+00 -1.048799e+00 -7.626000e-01
-1.032000e+00 -1.010000e+00 -1.359591e+00 -7.350714e-01 -1.032000e+00 -1.000000e+00 -1.361734e+00 -7.255468e-01
-1.402000e+00 -1.000000e+00 -1.048799e+00 -7.626000e-01 -1.402000e+00 -9.900000e-01 -1.045722e+00 -7.536432e-01
-1.032000e+00 -1.000000e+00 -1.361734e+00 -7.255468e-01 -1.032000e+00 -9.900000e-01 -1.363915e+00 -7.160383e-01
-1.402000e+00 -9.900000e-01 -1.045722e+00 -7.536432e-01 -1.402000e+00 -9.800000e-01 -1.042611e+00 -7.447145e-01
-1.032000e+00 -9.900000e-01 -1.363915e+00 -7.160383e-01 -1.027000e+00 -9.850000e-01 -1.364887e+00 -7.124038e-01
-1.027000e+00 -9.850000e-01 -1.364887e+00 -7.124038e-01 -1.022000e+00 -9.800000e-01 -1.365614e+00 -7.088020e-01
-1.402000e+00 -9.800000e-01 -1.042611e+00 -7.447145e-01 -1.402000e+00 -9.700000e-01 -1.039465e+00 -7.358149e-01
-1.022000e+00 -9.800000e-01 -1.365614e+00 -7.088020e-01 -1.022000e+00 -9.700000e-01 -1.367902e+00 -6.993696e-01
-1.402000e+00 -9.700000e-01 -1.039465e+00 -7.358149e-01 -1.402000e+00 -9.600000e-01 -1.036283e+00 -7.269456e-01
-1.022000e+00 -9.700000e-01 -1.367902e+00 -6.993696e-01 -1.022000e+00 -9.600000e-01 -1.370232e+00 -6.899567e-01
-1.402000e+00 -9.600000e-01 -1.036283e+00 -7.269456e-01 -1.402000e+00 -9.500000e-01 -1.033064e+00 -7.181078e-01
-1.022000e+00 -9.600000e-01 -1.370232e+00 -6.899567e-01 -1.022000e+00 -9.500000e-01 -1.372604e+00 -6.805645e-01
-1.402000e+00 -9.500000e-01 -1.033064e+00 -7.181078e-01 -1.402000e+00 -9.400000e-01 -1.029809e+00 -7.093028e-01
-1.022000e+00 -9.500000e-01 -1.372604e+00 -6.805645e-01 -1.022000e+00 -9.400000e-01 -1.375022e+00 -6.711938e-01
-1.402000e+00 -9.400000e-01 -1.029809e+00 -7.093028e-01 -1.402000e+00 -9.300000e-01 -1.026516e+00 -7.005318e-01
-1.022000e+00 -9.400000e-01 -1.375022e+00 -6.711938e-01 -1.022000e+00 -9.300000e-01 -1.377484e+00 -6.618458e-01
-1.402000e+00 -9.300000e-01 -1.026516e+00 -7.005318e-01 -1.402000e+00 -9.200000e-01 -1.023184e+00 -6.917964e-01
-1.022000e+00 -9.300000e-01 -1.377484e+00 -6.618458e-01 -1.022000e+00 -9.200000e-01 -1.379994e+00 -6.525215e-01
-1.402000e+00 -9.200000e-01 -1.023184e+00 -6.917964e-01 -1.402000e+00 -9.100000e-01 -1.019814e+00 -6.830979e-01
-1.022000e+00 -9.200000e-01 -1.379994e+00 -6.525215e-01 -1.022000e+00 -9.100000e-01 -1.382552e+00 -6.432221e-01
-1.402000e+00 -9.100000e-01 -1.019814e+00 -6.830979e-01 -1.402000e+00 -9.000000e-01 -1.016404e+00 -6.744380e-01
-1.022000e+00 -9.100000e-01 -1.382552e+00 -6.432221e-01 -1.022000e+00 -9.000000e-01 -1.385159e+00 -6.339489e-01
-1.402000e+00 -9.000000e-01 -1.016404e+00 -6.744380e-01 -1.402000e+00 -8.900000e-01 -1.012954e+00 -6.658183e-01
-1.022000e+00 -9.000000e-01 -1.385159e+00 -6.339489e-01 -1.022000e+00 -8.900000e-01 -1.387817e+00 -6.247033e-01
-1.402000e+00 -8.900000e-01 -1.012954e+00 -6.658183e-01 -1.402000e+00 -8.800000e-01 -1.009463e+00 -6.572405e-01
-1.022000e+00 -8.900000e-01 -1.387817e+00 -6.247033e-01 -1.022000e+00 -8.800000e-01 -1.390528e+00 -6.154867e-01
-1.402000e+00 -8.800000e-01 -1.009463e+00 -6.572405e-01 -1.402000e+00 -8.700000e-01 -1.005931e+00 -6.487065e-01
-1.022000e+00 -8.800000e-01 -1.390528e+00 -6.154867e-01 -1.022000e+00 -8.700000e-01 -1.393294e+00 -6.063006e-01
-1.402000e+00 -8.700000e-01 -1.005931e+00 -6.487065e-01 -1.402000e+00 -8.600000e-01 -1.002356e+00 -6.402182e-01
-1.022000e+00 -8.700000e-01 -1.393294e+00 -6.063006e-01 -1.017000e+00 -8.650000e-01 -1.394409e+00 -6.031345e-01
-1.017000e+00 -8.650000e-01 -1.394409e+00 -6.031345e-01 -1.012000e+00 -8.600000e-01 -1.395257e+00 -5.999995e-01
-1.402000e+00 -8.600000e-01 -1.002356e+00 -6.402182e-01 -1.402000e+00 -8.500000e-01 -9.987391e-01 -6.317777e-01
-1.012000e+00 -8.600000e-01 -1.395257e+00 -5.999995e-01 -1.012000e+00 -8.500000e-01 -1.398140e+00 -5.909371e-01
-1.402000e+00 -8.500000e-01 -9.987391e-01 -6.317777e-01 -1.402000e+00 -8.400000e-01 -9.950784e-01 -6.233870e-01
-1.012000e+00 -8.500000e-01 -1.398140e+00 -5.909371e-01 -1.012000e+00 -8.400000e-01 -1.401081e+00 -5.819121e-01
-1.402000e+00 -8.400000e-01 -9.950784e-01 -6.233870e-01 -1.402000e+00 -8.300000e-01 -9.913738e-01 -6.150485e-01
-1.012000e+00 -8.400000e-01 -1.401081e+00 -5.819121e-01 -1.012000e+00 -8.300000e-01 -1.404080e+00 -5.729268e-01
-1.402000e+00 -8.300000e-01 -9.913738e-01 -6.150485e-01 -1.402000e+00 -8.200000e-01 -9.876245e-01 -6.067647e-01
-1.012000e+00 -8.300000e-01 -1.404080e+00 -5.729268e-01 -1.012000e+00 -8.200000e-01 -1.407140e+00 -5.639833e-01
-1.402000e+00 -8.200000e-01 -9.876245e-01 -6.067647e-01 -1.402000e+00 -8.100000e-01 -9.838301e-01 -5.985380e-01
-1.012000e+00 -8.200000e-01 -1.407140e+00 -5.639833e-01 -1.012000e+00 -8.100000e-01 -1.410263e+00 -5.550840e-01
-1.402000e+00 -8.100000e-01 -9.838301e-01 -5.985380e-01 -1.402000e+00 -8.000000e-01 -9.799901e-01 -5.903712e-01
-1.012000e+00 -8.100000e-01 -1.410263e+00 -5.550840e-01 -1.012000e+00 -8.000000e-01 -1.413450e+00 -5.462316e-01
-1.402000e+00 -8.000000e-01 -9.799901e-01 -5.903712e-01 -1.402000e+00 -7.900000e-01 -9.761039e-01 -5.822672e-01
-1.012000e+00 -8.000000e-01 -1.413450e+00 -5.462316e-01 -1.012000e+00 -7.900000e-01 -1.416703e+00 -5.374286e-01
-1.402000e+00 -7.900000e-01 -9.761039e-01 -5.822672e-01 -1.402000e+00 -7.800000e-01 -9.721711e-01 -5.742289e-01
-1.012000e+00 -7.900000e-01 -1.416703e+00 -5.374286e-01 -1.012000e+00 -7.800000e-01 -1.420025e+00 -5.286781e-01
-1.402000e+00 -7.800000e-01 -9.721711e-01 -5.742289e-01 -1.402000e+00 -7.700000e-01 -9.681913e-01 -5.662596e-01
-1.012000e+00 -7.800000e-01 -1.420025e+00 -5.286781e-01 -1.012000e+00 -7.700000e-01 -1.423416e+00 -5.199832e-01
-1.402000e+00 -7.700000e-01 -9.681913e-01 -5.662596e-01 -1.402000e+00 -7.600000e-01 -9.641642e-01 -5.583627e-01
-1.012000e+00 -7.700000e-01 -1.423416e+00 -5.199832e-01 -1.012000e+00 -7.600000e-01 -1.426879e+00 -5.113472e-01
-1.402000e+00 -7.600000e-01 -9.641642e-01 -5.583627e-01 -1.402000e+00 -7.500000e-01 -9.600897e-01 -5.505418e-01
-1.012000e+00 -7.600000e-01 -1.426879e+00 -5.113472e-01 -1.012000e+00 -7.500000e-01 -1.430416e+00 -5.027740e-01
-1.402000e+00 -7.500000e-01 -9.600897e-01 -5.505418e-01 -1.402000e+00 -7.400000e-01 -9.559675e-01 -5.428007e-01
-1.012000e+00 -7.500000e-01 -1.430416e+00 -5.027740e-01 -1.007000e+00 -7.450000e-01 -1.431596e+00 -5.003277e-01
-1.007000e+00 -7.450000e-01 -1.431596e+00 -5.003277e-01 -1.002000e+00 -7.400000e-01 -1.432477e+00 -4.979029e-01
-1.402000e+00 -7.400000e-01 -9.559675e-01 -5.428007e-01 -1.397000e+00 -7.350000e-01 -9.525934e-01 -5.368872e-01
-1.397000e+00 -7.350000e-01 -9.525934e-01 -5.368872e-01 -1.392000e+00 -7.300000e-01 -9.494388e-01 -5.308970e-01
-1.002000e+00 -7.400000e-01 -1.432477e+00 -4.979029e-01 -1.002000e+00 -7.300000e-01 -1.436132e+00 -4.895440e-01
-1.392000e+00 -7.300000e-01 -9.494388e-01 -5.308970e-01 -1.392000e+00 -7.200000e-01 -9.451133e-01 -5.232780e-01
-1.002000e+00 -7.300000e-01 -1.436132e+00 -4.895440e-01 -1.002000e+00 -7.200000e-01 -1.439863e+00 -4.812626e-01
-1.392000e+00 -7.200000e-01 -9.451133e-01 -5.232780e-01 -1.392000e+00 -7.100000e-01 -9.407356e-01 -5.157519e-01
-1.002000e+00 -7.200000e-01 -1.439863e+00 -4.812626e-01 -1.002000e+00 -7.100000e-01 -1.443671e+00 -4.730635e-01
-1.392000e+00 -7.100000e-01 -9.407356e-01 -5.157519e-01 -1.392000e+00 -7.000000e-01 -9.363059e-01 -5.083237e-01
-1.002000e+00 -7.100000e-01 -1.443671e+00 -4.730635e-01 -1.002000e+00 -7.000000e-01 -1.447558e+00 -4.649520e-01
-1.392000e+00 -7.000000e-01 -9.363059e-01 -5.083237e-01 -1.392000e+00 -6.900000e-01 -9.318245e-01 -5.009986e-01
-1.002000e+00 -7.000000e-01 -1.447558e+00 -4.649520e-01 -1.002000e+00 -6.900000e-01 -1.451526e+00 -4.569338e-01
-1.392000e+00 -6.900000e-01 -9.318245e-01 -5.009986e-01 -1.392000e+00 -6.800000e-01 -9.272920e-01 -4.937821e-01
-1.002000e+00 -6.900000e-01 -1.451526e+00 -4.569338e-01 -1.002000e+00 -6.800000e-01 -1.455576e+00 -4.490152e-01
-1.392000e+00 -6.800000e-01 -9.272920e-01 -4.937821e-01 -1.392000e+00 -6.700000e-01 -9.227094e-01 -4.866804e-01
-1.002000e+00 -6.800000e-01 -1.455576e+00 -4.490152e-01 -1.002000e+00 -6.700000e-01 -1.459710e+00 -4.412028e-01
-1.392000e+00 -6.700000e-01 -9.227094e-01 -4.866804e-01 -1.392000e+00 -6.600000e-01 -9.180777e-01 -4.796996e-01
-1.002000e+00 -6.700000e-01 -1.459710e+00 -4.412028e-01 -1.002000e+00 -6.600000e-01 -1.463928e+00 -4.335038e-01
-1.392000e+00 -6.600000e-01 -9.180777e-01 -4.796996e-01 -1.392000e+00 -6.500000e-01 -9.133985e-01 -4.728464e-01
-1.002000e+00 -6.600000e-01 -1.463928e+00 -4.335038e-01 -1.002000e+00 -6.500000e-01 -1.468233e+00 -4.259259e-01
-1.392000e+00 -6.500000e-01 -9.133985e-01 -4.728464e-01 -1.392000e+00 -6.400000e-01 -9.086736e-01 -4.661277e-01
-1.002000e+00 -6.500000e-01 -1.468233e+00 -4.259259e-01 -1.002000e+00 -6.400000e-01 -1.472623e+00 -4.184776e-01
-1.392000e+00 -6.400000e-01 -9.086736e-01 -4.661277e-01 -1.392000e+00 -6.300000e-01 -9.039056e-01 -4.595510e-01
-1.002000e+00 -6.400000e-01 -1.472623e+00 -4.184776e-01 -1.002000e+00 -6.300000e-01 -1.477101e+00 -4.111679e-01
-1.392000e+00 -6.300000e-01 -9.039056e-01 -4.595510e-01 -1.392000e+00 -6.200000e-01 -8.990972e-01 -4.531242e-01
-1.002000e+00 -6.300000e-01 -1.477101e+00 -4.111679e-01 -1.002000e+00 -6.200000e-01 -1.481667e+00 -4.040066e-01
-1.392000e+00 -6.200000e-01 -8.990972e-01 -4.531242e-01 -1.392000e+00 -6.100000e-01 -8.942520e-01 -4.468552e-01
-1.002000e+00 -6.200000e-01 -1.481667e+00 -4.040066e-01 -1.002000e+00 -6.100000e-01 -1.486319e+00 -3.970040e-01
-1.392000e+00 -6.100000e-01 -8.942520e-01 -4.468552e-01 -1.392000e+00 -6.000000e-01 -8.893742e-01 -4.407527e-01
-1.002000e+00 -6.100000e-01 -1.486319e+00 -3.970040e-01 -9.970000e-01 -6.050000e-01 -1.487230e+00 -3.959566e-01
-9.970000e-01 -6.050000e-01 -1.487230e+00 -3.959566e-01 -9.920000e-01 -6.000000e-01 -1.487784e+00 -3.948785e-01
-1.392000e+00 -6.000000e-01 -8.893742e-01 -4.407527e-01 -1.392000e+00 -5.900000e-01 -8.844687e-01 -4.348255e-01
-9.920000e-01 -6.000000e-01 -1.487784e+00 -3.948785e-01 -9.920000e-01 -5.900000e-01 -1.492453e+00 -3.883049e-01
-1.392000e+00 -5.900000e-01 -8.844687e-01 -4.348255e-01 -1.392000e+00 -5.800000e-01 -8.795416e-01 -4.290828e-01
-9.920000e-01 -5.900000e-01 -1.492453e+00 -3.883049e-01 -9.920000e-01 -5.800000e-01 -1.497191e+00 -3.819231e-01
-1.392000e+00 -5.800000e-01 -8.795416e-01 -4.290828e-01 -1.392000e+00 -5.700000e-01 -8.745995e-01 -4.235341e-01
-9.920000e-01 -5.800000e-01 -1.497191e+00 -3.819231e-01 -9.920000e-01 -5.700000e-01 -1.501993e+00 -3.757459e-01
-1.392000e+00 -5.700000e-01 -8.745995e-01 -4.235341e-01 -1.392000e+00 -5.600000e-01 -8.696505e-01 -4.181892e-01
-9.920000e-01 -5.700000e-01 -1.501993e+00 -3.757459e-01 -9.920000e-01 -5.600000e-01 -1.506854e+00 -3.697868e-01
-1.392000e+00 -5.600000e-01 -8.696505e-01 -4.181892e-01 -1.392000e+00 -5.500000e-01 -8.647038e-01 -4.130577e-01
-9.920000e-01 -5.600000e-01 -1.506854e+00 -3.697868e-01 -9.920000e-01 -5.500000e-01 -1.511766e+00 -3.640601e-01
-1.392000e+00 -5.500000e-01 -8.647038e-01 -4.130577e-01 -1.392000e+00 -5.400000e-01 -8.597699e-01 -4.081497e-01
-9.920000e-01 -5.500000e-01 -1.511766e+00 -3.640601e-01 -9.920000e-01 -5.400000e-01 -1.516722e+00 -3.585806e-01
-1.392000e+00 -5.400000e-01 -8.597699e-01 -4.081497e-01 -1.392000e+00 -5.300000e-01 -8.548609e-01 -4.034747e-01
-9.920000e-01 -5.400000e-01 -1.516722e+00 -3.585806e-01 -9.920000e-01 -5.300000e-01 -1.521711e+00 -3.533636e-01
-1.392000e+00 -5.300000e-01 -8.548609e-01 -4.034747e-01 -1.392000e+00 -5.200000e-01 -8.499905e-01 -3.990424e-01
-9.920000e-01 -5.300000e-01 -1.521711e+00 -3.533636e-01 -9.920000e-01 -5.200000e-01 -1.526721e+00 -3.484250e-01
-1.392000e+00 -5.200000e-01 -8.499905e-01 -3.990424e-01 -1.392000e+00 -5.100000e-01 -8.451742e-01 -3.948617e-01
-9.920000e-01 -5.200000e-01 -1.526721e+00 -3.484250e-01 -9.920000e-01 -5.100000e-01 -1.531736e+00 -3.437807e-01
-1.392000e+00 -5.100000e-01 -8.451742e-01 -3.948617e-01 -1.392000e+00 -5.000000e-01 -8.404291e-01 -3.909408e-01
-9.920000e-01 -5.100000e-01 -1.531736e+00 -3.437807e-01 -9.920000e-01 -5.000000e-01 -1.536740e+00 -3.394467e-01
-1.392000e+00 -5.000000e-01 -8.404291e-01 -3.909408e-01 -1.387000e+00 -4.950000e-01 -8.348078e-01 -3.867884e-01
-1.387000e+00 -4.950000e-01 -8.348078e-01 -3.867884e-01 -1.382000e+00 -4.900000e-01 -8.292357e-01 -3.825322e-01
-9.920000e-01 -5.000000e-01 -1.536740e+00 -3.394467e-01 -9.920000e-01 -4.900000e-01 -1.541713e+00 -3.354384e-01
-1.382000e+00 -4.900000e-01 -8.292357e-01 -3.825322e-01 -1.382000e+00 -4.800000e-01 -8.243813e-01 -3.792716e-01
-9.920000e-01 -4.900000e-01 -1.541713e+00 -3.354384e-01 -9.920000e-01 -4.800000e-01 -1.546631e+00 -3.317707e-01
-1.382000e+00 -4.800000e-01 -8.243813e-01 -3.792716e-01 -1.382000e+00 -4.700000e-01 -8.196574e-01 -3.763131e-01
-9.920000e-01 -4.800000e-01 -1.546631e+00 -3.317707e-01 -9.920000e-01 -4.700000e-01 -1.551467e+00 -3.284568e-01
-1.382000e+00 -4.700000e-01 -8.196574e-01 -3.763131e-01 -1.382000e+00 -4.600000e-01 -8.150913e-01 -3.736608e-01
-9.920000e-01 -4.700000e-01 -1.551467e+00 -3.284568e-01 -9.920000e-01 -4.600000e-01 -1.556192e+00 -3.255083e-01
-1.382000e+00 -4.600000e-01 -8.150913e-01 -3.736608e-01 -1.382000e+00 -4.500000e-01 -8.107126e-01 -3.713158e-01
-9.920000e-01 -4.600000e-01 -1.556192e+00 -3.255083e-01 -9.870000e-01 -4.550000e-01 -1.554893e+00 -3.265079e-01
-9.870000e-01 -4.550000e-01 -1.554893e+00 -3.265079e-01 -9.820000e-01 -4.500000e-01 -1.553262e+00 -3.272610e-01
-1.382000e+00 -4.500000e-01 -8.107126e-01 -3.713158e-01 -1.382000e+00 -4.400000e-01 -8.065530e-01 -3.692759e-01
-9.820000e-01 -4.500000e-01 -1.553262e+00 -3.272610e-01 -9.820000e-01 -4.400000e-01 -1.557329e+00 -3.248644e-01
-1.382000e+00 -4.400000e-01 -8.065530e-01 -3.692759e-01 -1.382000e+00 -4.300000e-01 -8.026455e-01 -3.675351e-01
-9.820000e-01 -4.400000e-01 -1.557329e+00 -3.248644e-01 -9.820000e-01 -4.300000e-01 -1.561177e+00 -3.228093e-01
-1.382000e+00 -4.300000e-01 -8.026455e-01 -3.675351e-01 -1.382000e+00 -4.200000e-01 -7.990243e-01 -3.660826e-01
-9.820000e-01 -4.300000e-01 -1.561177e+00 -3.228093e-01 -9.820000e-01 -4.200000e-01 -1.564768e+00 -3.210896e-01
-1.382000e+00 -4.200000e-01 -7.990243e-01 -3.660826e-01 -1.382000e+00 -4.100000e-01 -7.957235e-01 -3.649028e-01
-9.820000e-01 -4.200000e-01 -1.564768e+00 -3.210896e-01 -9.820000e-01 -4.100000e-01 -1.568064e+00 -3.196940e-01
-1.382000e+00 -4.100000e-01 -7.957235e-01 -3.649028e-01 -1.382000e+00 -4.000000e-01 -7.927772e-01 -3.639750e-01
-9.820000e-01 -4.100000e-01 -1.568064e+00 -3.196940e-01 -9.820000e-01 -4.000000e-01 -1.571026e+00 -3.186054e-01
-1.382000e+00 -4.000000e-01 -7.927772e-01 -3.639750e-01 -1.382000e+00 -3.900000e-01 -7.902174e-01 -3.632729e-01
-9.820000e-01 -4.000000e-01 -1.571026e+00 -3.186054e-01 -9.820000e-01 -3.900000e-01 -1.573617e+00 -3.178006e-01
-1.382000e+00 -3.900000e-01 -7.902174e-01 -3.632729e-01 -1.382000e+00 -3.800000e-01 -7.880736e-01 -3.627646e-01
-9.820000e-01 -3.900000e-01 -1.573617e+00 -3.178006e-01 -9.820000e-01 -3.800000e-01 -1.575802e+00 -3.172500e-01
-1.382000e+00 -3.800000e-01 -7.880736e-01 -3.627646e-01 -1.382000e+00 -3.700000e-01 -7.863715e-01 -3.624136e-01
-9.820000e-01 -3.800000e-01 -1.575802e+00 -3.172500e-01 -9.820000e-01 -3.700000e-01 -1.577548e+00 -3.169183e-01
-1.382000e+00 -3.700000e-01 -7.863715e-01 -3.624136e-01 -1.382000e+00 -3.600000e-01 -7.851320e-01 -3.621785e-01
-9.820000e-01 -3.700000e-01 -1.577548e+00 -3.169183e-01 -9.820000e-01 -3.600000e-01 -1.578827e+00 -3.167645e-01
-1.382000e+00 -3.600000e-01 -7.851320e-01 -3.621785e-01 -1.382000e+00 -3.500000e-01 -7.843699e-01 -3.620147e-01
-9.820000e-01 -3.600000e-01 -1.578827e+00 -3.167645e-01 -9.820000e-01 -3.500000e-01 -1.579618e+00 -3.167430e-01
-1.382000e+00 -3.500000e-01 -7.843699e-01 -3.620147e-01 -1.382000e+00 -3.400000e-01 -7.840936e-01 -3.618751e-01
-9.820000e-01 -3.500000e-01 -1.579618e+00 -3.167430e-01 -9.820000e-01 -3.400000e-01 -1.579906e+00 -3.168046e-01
-1.382000e+00 -3.400000e-01 -7.840936e-01 -3.618751e-01 -1.382000e+00 -3.300000e-01 -7.843045e-01 -3.617114e-01
-9.820000e-01 -3.400000e-01 -1.579906e+00 -3.168046e-01 -9.820000e-01 -3.300000e-01 -1.579685e+00 -3.168982e-01
-1.382000e+00 -3.300000e-01 -7.843045e-01 -3.617114e-01 -1.382000e+00 -3.200000e-01 -7.849969e-01 -3.614758e-01
-9.820000e-01 -3.300000e-01 -1.579685e+00 -3.168982e-01 -9.820000e-01 -3.200000e-01 -1.578953e+00 -3.169721e-01
-1.382000e+00 -3.200000e-01 -7.849969e-01 -3.614758e-01 -1.382000e+00 -3.100000e-01 -7.861580e-01 -3.611221e-01
-9.820000e-01 -3.200000e-01 -1.578953e+00 -3.169721e-01 -9.820000e-01 -3.100000e-01 -1.577720e+00 -3.169754e-01
-1.382000e+00 -3.100000e-01 -7.861580e-01 -3.611221e-01 -1.377000e+00 -3.050000e-01 -7.821025e-01 -3.616680e-01
-1.377000e+00 -3.050000e-01 -7.821025e-01 -3.616680e-01 -1.372000e+00 -3.000000e-01 -7.781522e-01 -3.625258e-01
-9.820000e-01 -3.100000e-01 -1.577720e+00 -3.169754e-01 -9.820000e-01 -3.000000e-01 -1.576002e+00 -3.168600e-01
-1.372000e+00 -3.000000e-01 -7.781522e-01 -3.625258e-01 -1.372000e+00 -2.900000e-01 -7.803931e-01 -3.622392e-01
-9.820000e-01 -3.000000e-01 -1.576002e+00 -3.168600e-01 -9.820000e-01 -2.900000e-01 -1.573819e+00 -3.165815e-01
-1.372000e+00 -2.900000e-01 -7.803931e-01 -3.622392e-01 -1.372000e+00 -2.800000e-01 -7.830634e-01 -3.616840e-01
-9.820000e-01 -2.900000e-01 -1.573819e+00 -3.165815e-01 -9.820000e-01 -2.800000e-01 -1.571200e+00 -3.161003e-01
-1.372000e+00 -2.800000e-01 -7.830634e-01 -3.616840e-01 -1.372000e+00 -2.700000e-01 -7.861245e-01 -3.608281e-01
-9.820000e-01 -2.800000e-01 -1.571200e+00 -3.161003e-01 -9.770000e-01 -2.750000e-01 -1.565182e+00 -3.142325e-01
-9.770000e-01 -2.750000e-01 -1.565182e+00 -3.142325e-01 -9.720000e-01 -2.700000e-01 -1.559230e+00 -3.123080e-01
-1.372000e+00 -2.700000e-01 -7.861245e-01 -3.608281e-01 -1.372000e+00 -2.600000e-01 -7.895353e-01 -3.596468e-01
-9.720000e-01 -2.700000e-01 -1.559230e+00 -3.123080e-01 -9.720000e-01 -2.600000e-01 -1.556122e+00 -3.109839e-01
-1.372000e+00 -2.600000e-01 -7.895353e-01 -3.596468e-01 -1.372000e+00 -2.500000e-01 -7.932542e-01 -3.581219e-01
-9.720000e-01 -2.600000e-01 -1.556122e+00 -3.109839e-01 -9.720000e-01 -2.500000e-01 -1.552699e+00 -3.094069e-01
-1.372000e+00 -2.500000e-01 -7.932542e-01 -3.581219e-01 -1.372000e+00 -2.400000e-01 -7.972395e-01 -3.562418e-01
-9.720000e-01 -2.500000e-01 -1.552699e+00 -3.094069e-01 -9.720000e-01 -2.400000e-01 -1.548992e+00 -3.075610e-01
-1.372000e+00 -2.400000e-01 -7.972395e-01 -3.562418e-01 -1.372000e+00 -2.300000e-01 -8.014511e-01 -3.540005e-01
-9.720000e-01 -2.400000e-01 -1.548992e+00 -3.075610e-01 -9.720000e-01 -2.300000e-01 -1.545034e+00 -3.054345e-01
-1.372000e+00 -2.300000e-01 -8.014511e-01 -3.540005e-01 -1.372000e+00 -2.200000e-01 -8.058508e-01 -3.513970e-01
-9.720000e-01 -2.300000e-01 -1.545034e+00 -3.054345e-01 -9.720000e-01 -2.200000e-01 -1.540854e+00 -3.030202e-01
-1.372000e+00 -2.200000e-01 -8.058508e-01 -3.513970e-01 -1.372000e+00 -2.100000e-01 -8.104030e-01 -3.484349e-01
-9.720000e-01 -2.200000e-01 -1.540854e+00 -3.030202e-01 -9.720000e-01 -2.100000e-01 -1.536484e+00 -3.003147e-01
-1.372000e+00 -2.100000e-01 -8.104030e-01 -3.484349e-01 -1.372000e+00 -2.000000e-01 -8.150754e-01 -3.451208e-01
-9.720000e-01 -2.100000e-01 -1.536484e+00 -3.003147e-01 -9.720000e-01 -2.000000e-01 -1.531951e+00 -2.973177e-01
-1.372000e+00 -2.000000e-01 -8.150754e-01 -3.451208e-01 -1.372000e+00 -1.900000e-01 -8.198384e-01 -3.414645e-01
-9.720000e-01 -2.000000e-01 -1.531951e+00 -2.973177e-01 -9.720000e-01 -1.900000e-01 -1.527282e+00 -2.940316e-01
-1.372000e+00 -1.900000e-01 -8.198384e-01 -3.414645e-01 -1.372000e+00 -1.800000e-01 -8.246659e-01 -3.374775e-01
-9.720000e-01 -1.900000e-01 -1.527282e+00 -2.940316e-01 -9.720000e-01 -1.800000e-01 -1.522501e+00 -2.904614e-01
-1.372000e+00 -1.800000e-01 -8.246659e-01 -3.374775e-01 -1.372000e+00 -1.700000e-01 -8.295345e-01 -3.331730e-01
-9.720000e-01 -1.800000e-01 -1.522501e+00 -2.904614e-01 -9.720000e-01 -1.700000e-01 -1.517630e+00 -2.866135e-01
-1.372000e+00 -1.700000e-01 -8.295345e-01 -3.331730e-01 -1.372000e+00 -1.600000e-01 -8.344240e-01 -3.285651e-01
-9.720000e-01 -1.700000e-01 -1.517630e+00 -2.866135e-01 -9.720000e-01 -1.600000e-01 -1.512689e+00 -2.824960e-01
-1.372000e+00 -1.600000e-01 -8.344240e-01 -3.285651e-01 -1.372000e+00 -1.500000e-01 -8.393170e-01 -3.236683e-01
-9.720000e-01 -1.600000e-01 -1.512689e+00 -2.824960e-01 -9.720000e-01 -1.500000e-01 -1.507696e+00 -2.781179e-01
-1.372000e+00 -1.500000e-01 -8.393170e-01 -3.236683e-01 -1.367000e+00 -1.450000e-01 -8.392238e-01 -3.235227e-01
-1.367000e+00 -1.450000e-01 -8.392238e-01 -3.235227e-01 -1.362000e+00 -1.400000e-01 -8.395136e-01 -3.234840e-01
-9.720000e-01 -1.500000e-01 -1.507696e+00 -2.781179e-01 -9.720000e-01 -1.400000e-01 -1.502667e+00 -2.734891e-01
-1.362000e+00 -1.400000e-01 -8.395136e-01 -3.234840e-01 -1.362000e+00 -1.300000e-01 -8.445947e-01 -3.180163e-01
-9.720000e-01 -1.400000e-01 -1.502667e+00 -2.734891e-01 -9.720000e-01 -1.300000e-01 -1.497616e+00 -2.686197e-01
-1.362000e+00 -1.300000e-01 -8.445947e-01 -3.180163e-01 -1.362000e+00 -1.200000e-01 -8.496254e-01 -3.122944e-01
-9.720000e-01 -1.300000e-01 -1.497616e+00 -2.686197e-01 -9.720000e-01 -1.200000e-01 -1.492556e+00 -2.635202e-01
-1.362000e+00 -1.200000e-01 -8.496254e-01 -3.122944e-01 -1.362000e+00 -1.100000e-01 -8.545972e-01 -3.063342e-01
-9.720000e-01 -1.200000e-01 -1.492556e+00 -2.635202e-01 -9.720000e-01 -1.100000e-01 -1.487497e+00 -2.582012e-01
-1.362000e+00 -1.100000e-01 -8.545972e-01 -3.063342e-01 -1.362000e+00 -1.000000e-01 -8.595036e-01 -3.001507e-01
-9.720000e-01 -1.100000e-01 -1.487497e+00 -2.582012e-01 -9.720000e-01 -1.000000e-01 -1.482449e+00 -2.526732e-01
-1.362000e+00 -1.000000e-01 -8.595036e-01 -3.001507e-01 -1.362000e+00 -9.000000e-02 -8.643392e-01 -2.937582e-01
-9.720000e-01 -1.000000e-01 -1.482449e+00 -2.526732e-01 -9.720000e-01 -9.000000e-02 -1.477419e+00 -2.469463e-01
-1.362000e+00 -9.000000e-02 -8.643392e-01 -2.937582e-01 -1.362000e+00 -8.000000e-02 -8.690998e-01 -2.871703e-01
-9.720000e-01 -9.000000e-02 -1.477419e+00 -2.469463e-01 -9.720000e-01 -8.000000e-02 -1.472415e+00 -2.410307e-01
-1.362000e+00 -8.000000e-02 -8.690998e-01 -2.871703e-01 -1.362000e+00 -7.000000e-02 -8.737825e-01 -2.803996e-01
-9.720000e-01 -8.000000e-02 -1.472415e+00 -2.410307e-01 -9.720000e-01 -7.000000e-02 -1.467442e+00 -2.349360e-01
-1.362000e+00 -7.000000e-02 -8.737825e-01 -2.803996e-01 -1.362000e+00 -6.000000e-02 -8.783850e-01 -2.734580e-01
-9.720000e-01 -7.000000e-02 -1.467442e+00 -2.349360e-01 -9.670000e-01 -6.500000e-02 -1.463235e+00 -2.293359e-01
-9.670000e-01 -6.500000e-02 -1.463235e+00 -2.293359e-01 -9.620000e-01 -6.000000e-02 -1.458854e+00 -2.238449e-01
-1.362000e+00 -6.000000e-02 -8.783850e-01 -2.734580e-01 -1.362000e+00 -5.000000e-02 -8.829059e-01 -2.663566e-01
-9.620000e-01 -6.000000e-02 -1.458854e+00 -2.238449e-01 -9.620000e-01 -5.000000e-02 -1.454133e+00 -2.174576e-01
-1.362000e+00 -5.000000e-02 -8.829059e-01 -2.663566e-01 -1.362000e+00 -4.000000e-02 -8.873445e-01 -2.591057e-01
-9.620000e-01 -5.000000e-02 -1.454133e+00 -2.174576e-01 -9.620000e-01 -4.000000e-02 -1.449448e+00 -2.109212e-01
-1.362000e+00 -4.000000e-02 -8.873445e-01 -2.591057e-01 -1.362000e+00 -3.000000e-02 -8.917002e-01 -2.517149e-01
-9.620000e-01 -4.000000e-02 -1.449448e+00 -2.109212e-01 -9.620000e-01 -3.000000e-02 -1.444802e+00 -2.042434e-01
-1.362000e+00 -3.000000e-02 -8.917002e-01 -2.517149e-01 -1.362000e+00 -2.000000e-02 -8.959733e-01 -2.441932e-01
-9.620000e-01 -3.000000e-02 -1.444802e+00 -2.042434e-01 -9.620000e-01 -2.000000e-02 -1.440197e+00 -1.974312e-01
-1.362000e+00 -2.000000e-02 -8.959733e-01 -2.441932e-01 -1.362000e+00 -1.000000e-02 -9.001642e-01 -2.365490e-01
-9.620000e-01 -2.000000e-02 -1.440197e+00 -1.974312e-01 -9.620000e-01 -1.000000e-02 -1.435635e+00 -1.904916e-01
-1.362000e+00 -1.000000e-02 -9.001642e-01 -2.365490e-01 -1.362000e+00 -5.377643e-17 -9.042736e-01 -2.287898e-01
-9.620000e-01 -1.000000e-02 -1.435635e+00 -1.904916e-01 -9.620000e-01 -5.377643e-17 -1.431119e+00 -1.834309e-01
-1.362000e+00 -5.290907e-17 -9.042736e-01 -2.287898e-01 -1.357000e+00 5.000000e-03 -9.050934e-01 -2.268711e-01
-1.357000e+00 5.000000e-03 -9.050934e-01 -2.268711e-01 -1.352000e+00 1.000000e-02 -9.062351e-01 -2.249445e-01
-9.620000e-01 -5.290907e-17 -1.431119e+00 -1.834309e-01 -9.620000e-01 1.000000e-02 -1.426650e+00 -1.762554e-01
-1.352000e+00 1.000000e-02 -9.062351e-01 -2.249445e-01 -1.352000e+00 2.000000e-02 -9.102455e-01 -2.168948e-01
-9.620000e-01 1.000000e-02 -1.426650e+00 -1.762554e-01 -9.620000e-01 2.000000e-02 -1.422228e+00 -1.689708e-01
-1.352000e+00 2.000000e-02 -9.102455e-01 -2.168948e-01 -1.352000e+00 3.000000e-02 -9.141719e-01 -2.087519e-01
-9.620000e-01 2.000000e-02 -1.422228e+00 -1.689708e-01 -9.620000e-01 3.000000e-02 -1.417855e+00 -1.615827e-01
-1.352000e+00 3.000000e-02 -9.141719e-01 -2.087519e-01 -1.352000e+00 4.000000e-02 -9.180160e-01 -2.005216e-01
-9.620000e-01 3.000000e-02 -1.417855e+00 -1.615827e-01 -9.620000e-01 4.000000e-02 -1.413531e+00 -1.540963e-01
-1.352000e+00 4.000000e-02 -9.180160e-01 -2.005216e-01 -1.352000e+00 5.000000e-02 -9.217799e-01 -1.922092e-01
-9.620000e-01 4.000000e-02 -1.413531e+00 -1.540963e-01 -9.620000e-01 5.000000e-02 -1.409257e+00 -1.465164e-01
-1.352000e+00 5.000000e-02 -9.217799e-01 -1.922092e-01 -1.352000e+00 6.000000e-02 -9.254654e-01 -1.838199e-01
-9.620000e-01 5.000000e-02 -1.409257e+00 -1.465164e-01 -9.620000e-01 6.000000e-02 -1.405033e+00 -1.388478e-01
-1.352000e+00 6.000000e-02 -9.254654e-01 -1.838199e-01 -1.352000e+00 7.000000e-02 -9.290745e-01 -1.753581e-01
-9.620000e-01 6.000000e-02 -1.405033e+00 -1.388478e-01 -9.620000e-01 7.000000e-02 -1.400858e+00 -1.310948e-01
-1.352000e+00 7.000000e-02 -9.290745e-01 -1.753581e-01 -1.352000e+00 8.000000e-02 -9.326091e-01 -1.668282e-01
-9.620000e-01 7.000000e-02 -1.400858e+00 -1.310948e-01 -9.620000e-01 8.000000e-02 -1.396732e+00 -1.232615e-01
-1.352000e+00 8.000000e-02 -9.326091e-01 -1.668282e-01 -1.352000e+00 9.000000e-02 -9.360712e-01 -1.582343e-01
-9.620000e-01 8.000000e-02 -1.396732e+00 -1.232615e-01 -9.620000e-01 9.000000e-02 -1.392656e+00 -1.153518e-01
-1.352000e+00 9.000000e-02 -9.360712e-01 -1.582343e-01 -1.352000e+00 1.000000e-01 -9.394626e-01 -1.495799e-01
-9.620000e-01 9.000000e-02 -1.392656e+00 -1.153518e-01 -9.620000e-01 1.000000e-01 -1.388629e+00 -1.073694e-01
-1.352000e+00 1.000000e-01 -9.394626e-01 -1.495799e-01 -1.352000e+00 1.100000e-01 -9.427853e-01 -1.408686e-01
-9.620000e-01 1.000000e-01 -1.388629e+00 -1.073694e-01 -9.620000e-01 1.100000e-01 -1.384651e+00 -9.931777e-02
-1.352000e+00 1.100000e-01 -9.427853e-01 -1.408686e-01 -1.352000e+00 1.200000e-01 -9.460410e-01 -1.321036e-01
-9.620000e-01 1.100000e-01 -1.384651e+00 -9.931777e-02 -9.620000e-01 1.200000e-01 -1.380721e+00 -9.120016e-02
-1.352000e+00 1.200000e-01 -9.460410e-01 -1.321036e-01 -1.352000e+00 1.300000e-01 -9.492317e-01 -1.232879e-01
-9.620000e-01 1.200000e-01 -1.380721e+00 -9.120016e-02 -9.620000e-01 1.300000e-01 -1.376839e+00 -8.301965e-02
-1.352000e+00 1.300000e-01 -9.492317e-01 -1.232879e-01 -1.347000e+00 1.350000e-01 -9.501008e-01 -1.204200e-01
-1.347000e+00 1.350000e-01 -9.501008e-01 -1.204200e-01 -1.342000e+00 1.400000e-01 -9.512481e-01 -1.175236e-01
-9.620000e-01 1.300000e-01 -1.376839e+00 -8.301965e-02 -9.620000e-01 1.400000e-01 -1.373004e+00 -7.477914e-02
-1.342000e+00 1.400000e-01 -9.512481e-01 -1.175236e-01 -1.342000e+00 1.500000e-01 -9.543180e-01 -1.085526e-01
-9.620000e-01 1.400000e-01 -1.373004e+00 -7.477914e-02 -9.620000e-01 1.500000e-01 -1.369216e+00 -6.648139e-02
-1.342000e+00 1.500000e-01 -9.543180e-01 -1.085526e-01 -1.342000e+00 1.600000e-01 -9.573259e-01 -9.954044e-02
-9.620000e-01 1.500000e-01 -1.369216e+00 -6.648139e-02 -9.620000e-01 1.600000e-01 -1.365473e+00 -5.812896e-02
-1.342000e+00 1.600000e-01 -9.573259e-01 -9.954044e-02 -1.342000e+00 1.700000e-01 -9.602734e-01 -9.048928e-02
-9.620000e-01 1.600000e-01 -1.365473e+00 -5.812896e-02 -9.620000e-01 1.700000e-01 -1.361776e+00 -4.972433e-02
-1.342000e+00 1.700000e-01 -9.602734e-01 -9.048928e-02 -1.342000e+00 1.800000e-01 -9.631624e-01 -8.140124e-02
-9.620000e-01 1.700000e-01 -1.361776e+00 -4.972433e-02 -9.620000e-01 1.800000e-01 -1.358124e+00 -4.126979e-02
-1.342000e+00 1.800000e-01 -9.631624e-01 -8.140124e-02 -1.342000e+00 1.900000e-01 -9.659945e-01 -7.227817e-02
-9.620000e-01 1.800000e-01 -1.358124e+00 -4.126979e-02 -9.620000e-01 1.900000e-01 -1.354515e+00 -3.276750e-02
-1.342000e+00 1.900000e-01 -9.659945e-01 -7.227817e-02 -1.342000e+00 2.000000e-01 -9.687715e-01 -6.312190e-02
-9.620000e-01 1.900000e-01 -1.354515e+00 -3.276750e-02 -9.620000e-01 2.000000e-01 -1.350950e+00 -2.421959e-02
-1.342000e+00 2.000000e-01 -9.687715e-01 -6.312190e-02 -1.342000e+00 2.100000e-01 -9.714947e-01 -5.393417e-02
-9.620000e-01 2.000000e-01 -1.350950e+00 -2.421959e-02 -9.620000e-01 2.100000e-01 -1.347427e+00 -1.562796e-02
-1.342000e+00 2.100000e-01 -9.714947e-01 -5.393417e-02 -1.342000e+00 2.200000e-01 -9.741658e-01 -4.471651e-02
-9.620000e-01 2.100000e-01 -1.347427e+00 -1.562796e-02 -9.620000e-01 2.200000e-01 -1.343947e+00 -6.994485e-03
-1.342000e+00 2.200000e-01 -9.741658e-01 -4.471651e-02 -1.342000e+00 2.300000e-01 -9.767862e-01 -3.547039e-02
-9.620000e-01 2.200000e-01 -1.343947e+00 -6.994485e-03 -9.570000e-01 2.250000e-01 -1.341687e+00 -9.379029e-04
-9.570000e-01 2.250000e-01 -1.341687e+00 -9.379029e-04 -9.520000e-01 2.300000e-01 -1.339192e+00 5.072634e-03
-1.342000e+00 2.300000e-01 -9.767862e-01 -3.547039e-02 -1.342000e+00 2.400000e-01 -9.793574e-01 -2.619726e-02
-9.520000e-01 2.300000e-01 -1.339192e+00 5.072634e-03 -9.520000e-01 2.400000e-01 -1.335843e+00 1.374542e-02
-1.342000e+00 2.400000e-01 -9.793574e-01 -2.619726e-02 -1.342000e+00 2.500000e-01 -9.818807e-01 -1.689836e-02
-9.520000e-01 2.400000e-01 -1.335843e+00 1.374542e-02 -9.520000e-01 2.500000e-01 -1.332533e+00 2.245572e-02
-1.342000e+00 2.500000e-01 -9.818807e-01 -1.689836e-02 -1.337000e+00 2.550000e-01 -9.826549e-01 -1.347532e-02
-1.337000e+00 2.550000e-01 -9.826549e-01 -1.347532e-02 -1.332000e+00 2.600000e-01 -9.836817e-01 -1.001989e-02
-9.520000e-01 2.500000e-01 -1.332533e+00 2.245572e-02 -9.520000e-01 2.600000e-01 -1.329260e+00 3.120206e-02
-1.332000e+00 2.600000e-01 -9.836817e-01 -1.001989e-02 -1.332000e+00 2.700000e-01 -9.860938e-01 -6.280351e-04
-9.520000e-01 2.600000e-01 -1.329260e+00 3.120206e-02 -9.520000e-01 2.700000e-01 -1.326023e+00 3.998299e-02
-1.332000e+00 2.700000e-01 -9.860938e-01 -6.280351e-04 -1.332000e+00 2.800000e-01 -9.884610e-01 8.784829e-03
-9.520000e-01 2.700000e-01 -1.326023e+00 3.998299e-02 -9.520000e-01 2.800000e-01 -1.322823e+00 4.879720e-02
-1.332000e+00 2.800000e-01 -9.884610e-01 8.784829e-03 -1.332000e+00 2.900000e-01 -9.907846e-01 1.821778e-02
-9.520000e-01 2.800000e-01 -1.322823e+00 4.879720e-02 -9.520000e-01 2.900000e-01 -1.319658e+00 5.764339e-02
-1.332000e+00 2.900000e-01 -9.907846e-01 1.821778e-02 -1.332000e+00 3.000000e-01 -9.930657e-01 2.766984e-02
-9.520000e-01 2.900000e-01 -1.319658e+00 5.764339e-02 -9.520000e-01 3.000000e-01 -1.316529e+00 6.652032e-02
-1.332000e+00 3.000000e-01 -9.930657e-01 2.766984e-02 -1.332000e+00 3.100000e-01 -9.953056e-01 3.714013e-02
-9.520000e-01 3.000000e-01 -1.316529e+00 6.652032e-02 -9.520000e-01 3.100000e-01 -1.313434e+00 7.542687e-02
-1.332000e+00 3.100000e-01 -9.953056e-01 3.714013e-02 -1.332000e+00 3.200000e-01 -9.975053e-01 4.662789e-02
-9.520000e-01 3.100000e-01 -1.313434e+00 7.542687e-02 -9.520000e-01 3.200000e-01 -1.310372e+00 8.436192e-02
-1.332000e+00 3.200000e-01 -9.975053e-01 4.662789e-02 -1.332000e+00 3.300000e-01 -9.996660e-01 5.613230e-02
-9.520000e-01 3.200000e-01 -1.310372e+00 8.436192e-02 -9.520000e-01 3.300000e-01 -1.307345e+00 9.332441e-02
-1.332000e+00 3.300000e-01 -9.996660e-01 5.613230e-02 -1.332000e+00 3.400000e-01 -1.001789e+00 6.565264e-02
-9.520000e-01 3.300000e-01 -1.307345e+00 9.332441e-02 -9.520000e-01 3.400000e-01 -1.304350e+00 1.023134e-01
-1.332000e+00 3.400000e-01 -1.001789e+00 6.565264e-02 -1.332000e+00 3.500000e-01 -1.003874e+00 7.518826e-02
-9.520000e-01 3.400000e-01 -1.304350e+00 1.023134e-01 -9.520000e-01 3.500000e-01 -1.301387e+00 1.113278e-01
-1.332000e+00 3.500000e-01 -1.003874e+00 7.518826e-02 -1.332000e+00 3.600000e-01 -1.005924e+00 8.473845e-02
-9.520000e-01 3.500000e-01 -1.301387e+00 1.113278e-01 -9.520000e-01 3.600000e-01 -1.298456e+00 1.203668e-01
-1.332000e+00 3.600000e-01 -1.005924e+00 8.473845e-02 -1.327000e+00 3.650000e-01 -1.006590e+00 8.851301e-02
-1.327000e+00 3.650000e-01 -1.006590e+00 8.851301e-02 -1.322000e+00 3.700000e-01 -1.007493e+00 9.232038e-02
-9.520000e-01 3.600000e-01 -1.298456e+00 1.203668e-01 -9.520000e-01 3.700000e-01 -1.295556e+00 1.294295e-01
-1.322000e+00 3.700000e-01 -1.007493e+00 9.232038e-02 -1.322000e+00 3.800000e-01 -1.009442e+00 1.019318e-01
-9.520000e-01 3.700000e-01 -1.295556e+00 1.294295e-01 -9.520000e-01 3.800000e-01 -1.292686e+00 1.385152e-01
-1.322000e+00 3.800000e-01 -1.009442e+00 1.019318e-01 -1.322000e+00 3.900000e-01 -1.011358e+00 1.115552e-01
-9.520000e-01 3.800000e-01 -1.292686e+00 1.385152e-01 -9.520000e-01 3.900000e-01 -1.289847e+00 1.476229e-01
-1.322000e+00 3.900000e-01 -1.011358e+00 1.115552e-01 -1.322000e+00 4.000000e-01 -1.013241e+00 1.211902e-01
-9.520000e-01 3.900000e-01 -1.289847e+00 1.476229e-01 -9.520000e-01 4.000000e-01 -1.287038e+00 1.567520e-01
-1.322000e+00 4.000000e-01 -1.013241e+00 1.211902e-01 -1.322000e+00 4.100000e-01 -1.015092e+00 1.308360e-01
-9.520000e-01 4.000000e-01 -1.287038e+00 1.567520e-01 -9.520000e-01 4.100000e-01 -1.284257e+00 1.659017e-01
-1.322000e+00 4.100000e-01 -1.015092e+00 1.308360e-01 -1.322000e+00 4.200000e-01 -1.016912e+00 1.404925e-01
-9.520000e-01 4.100000e-01 -1.284257e+00 1.659017e-01 -9.520000e-01 4.200000e-01 -1.281506e+00 1.750713e-01
-1.322000e+00 4.200000e-01 -1.016912e+00 1.404925e-01 -1.322000e+00 4.300000e-01 -1.018701e+00 1.501591e-01
-9.520000e-01 4.200000e-01 -1.281506e+00 1.750713e-01 -9.520000e-01 4.300000e-01 -1.278783e+00 1.842603e-01
-1.322000e+00 4.300000e-01 -1.018701e+00 1.501591e-01 -1.322000e+00 4.400000e-01 -1.020462e+00 1.598354e-01
-9.520000e-01 4.300000e-01 -1.278783e+00 1.842603e-01 -9.520000e-01 4.400000e-01 -1.276087e+00 1.934678e-01
-1.322000e+00 4.400000e-01 -1.020462e+00 1.598354e-01 -1.322000e+00 4.500000e-01 -1.022193e+00 1.695211e-01
-9.520000e-01 4.400000e-01 -1.276087e+00 1.934678e-01 -9.520000e-01 4.500000e-01 -1.273419e+00 2.026934e-01
-1.322000e+00 4.500000e-01 -1.022193e+00 1.695211e-01 -1.322000e+00 4.600000e-01 -1.023896e+00 1.792158e-01
-9.520000e-01 4.500000e-01 -1.273419e+00 2.026934e-01 -9.520000e-01 4.600000e-01 -1.270778e+00 2.119365e-01
-1.322000e+00 4.600000e-01 -1.023896e+00 1.792158e-01 -1.317000e+00 4.650000e-01 -1.024472e+00 1.832292e-01
-1.317000e+00 4.650000e-01 -1.024472e+00 1.832292e-01 -1.312000e+00 4.700000e-01 -1.025272e+00 1.872751e-01
-9.520000e-01 4.600000e-01 -1.270778e+00 2.119365e-01 -9.520000e-01 4.700000e-01 -1.268163e+00 2.211965e-01
-1.312000e+00 4.700000e-01 -1.025272e+00 1.872751e-01 -1.312000e+00 4.800000e-01 -1.026883e+00 1.970131e-01
-9.520000e-01 4.700000e-01 -1.268163e+00 2.211965e-01 -9.520000e-01 4.800000e-01 -1.265575e+00 2.304729e-01
-1.312000e+00 4.800000e-01 -1.026883e+00 1.970131e-01 -1.312000e+00 4.900000e-01 -1.028468e+00 2.067585e-01
-9.520000e-01 4.800000e-01 -1.265575e+00 2.304729e-01 -9.520000e-01 4.900000e-01 -1.263012e+00 2.397651e-01
-1.312000e+00 4.900000e-01 -1.028468e+00 2.067585e-01 -1.312000e+00 5.000000e-01 -1.030028e+00 2.165110e-01
-9.520000e-01 4.900000e-01 -1.263012e+00 2.397651e-01 -9.520000e-01 5.000000e-01 -1.260474e+00 2.490728e-01
-1.312000e+00 5.000000e-01 -1.030028e+00 2.165110e-01 -1.312000e+00 5.100000e-01 -1.031563e+00 2.262703e-01
-9.520000e-01 5.000000e-01 -1.260474e+00 2.490728e-01 -9.520000e-01 5.100000e-01 -1.257961e+00 2.583953e-01
-1.312000e+00 5.100000e-01 -1.031563e+00 2.262703e-01 -1.312000e+00 5.200000e-01 -1.033073e+00 2.360361e-01
-9.520000e-01 5.100000e-01 -1.257961e+00 2.583953e-01 -9.520000e-01 5.200000e-01 -1.255473e+00 2.677323e-01
-1.312000e+00 5.200000e-01 -1.033073e+00 2.360361e-01 -1.312000e+00 5.300000e-01 -1.034560e+00 2.458083e-01
-9.520000e-01 5.200000e-01 -1.255473e+00 2.677323e-01 -9.520000e-01 5.300000e-01 -1.253009e+00 2.770834e-01
-1.312000e+00 5.300000e-01 -1.034560e+00 2.458083e-01 -1.312000e+00 5.400000e-01 -1.036024e+00 2.555867e-01
-9.520000e-01 5.300000e-01 -1.253009e+00 2.770834e-01 -9.520000e-01 5.400000e-01 -1.250569e+00 2.864480e-01
-1.312000e+00 5.400000e-01 -1.036024e+00 2.555867e-01 -1.312000e+00 5.500000e-01 -1.037466e+00 2.653708e-01
-9.520000e-01 5.400000e-01 -1.250569e+00 2.864480e-01 -9.520000e-01 5.500000e-01 -1.248152e+00 2.958259e-01
-1.312000e+00 5.500000e-01 -1.037466e+00 2.653708e-01 -1.312000e+00 5.600000e-01 -1.038885e+00 2.751607e-01
-9.520000e-01 5.500000e-01 -1.248152e+00 2.958259e-01 -9.520000e-01 5.600000e-01 -1.245759e+00 3.052166e-01
-1.312000e+00 5.600000e-01 -1.038885e+00 2.751607e-01 -1.307000e+00 5.650000e-01 -1.039362e+00 2.793593e-01
-1.307000e+00 5.650000e-01 -1.039362e+00 2.793593e-01 -1.302000e+00 5.700000e-01 -1.040052e+00 2.835897e-01
-9.520000e-01 5.600000e-01 -1.245759e+00 3.052166e-01 -9.520000e-01 5.700000e-01 -1.243388e+00 3.146198e-01
-1.302000e+00 5.700000e-01 -1.040052e+00 2.835897e-01 -1.302000e+00 5.800000e-01 -1.041386e+00 2.934110e-01
-9.520000e-01 5.700000e-01 -1.243388e+00 3.146198e-01 -9.520000e-01 5.800000e-01 -1.241040e+00 3.240351e-01
-1.302000e+00 5.800000e-01 -1.041386e+00 2.934110e-01 -1.302000e+00 5.900000e-01 -1.042700e+00 3.032370e-01
-9.520000e-01 5.800000e-01 -1.241040e+00 3.240351e-01 -9.520000e-01 5.900000e-01 -1.238714e+00 3.334622e-01
-1.302000e+00 5.900000e-01 -1.042700e+00 3.032370e-01 -1.302000e+00 6.000000e-01 -1.043994e+00 3.130675e-01
-9.520000e-01 5.900000e-01 -1.238714e+00 3.334622e-01 -9.520000e-01 6.000000e-01 -1.236409e+00 3.429008e-01
-1.302000e+00 6.000000e-01 -1.043994e+00 3.130675e-01 -1.302000e+00 6.100000e-01 -1.045268e+00 3.229022e-01
-9.520000e-01 6.000000e-01 -1.236409e+00 3.429008e-01 -9.520000e-01 6.100000e-01 -1.234126e+00 3.523505e-01
-1.302000e+00 6.100000e-01 -1.045268e+00 3.229022e-01 -1.302000e+00 6.200000e-01 -1.046524e+00 3.327412e-01
-9.520000e-01 6.100000e-01 -1.234126e+00 3.523505e-01 -9.520000e-01 6.200000e-01 -1.231865e+00 3.618109e-01
-1.302000e+00 6.200000e-01 -1.046524e+00 3.327412e-01 -1.302000e+00 6.300000e-01 -1.047761e+00 3.425842e-01
-9.520000e-01 6.200000e-01 -1.231865e+00 3.618109e-01 -9.520000e-01 6.300000e-01 -1.229624e+00 3.712820e-01
-1.302000e+00 6.300000e-01 -1.047761e+00 3.425842e-01 -1.302000e+00 6.400000e-01 -1.048979e+00 3.524311e-01
-9.520000e-01 6.300000e-01 -1.229624e+00 3.712820e-01 -9.520000e-01 6.400000e-01 -1.227404e+00 3.807632e-01
-1.302000e+00 6.400000e-01 -1.048979e+00 3.524311e-01 -1.302000e+00 6.500000e-01 -1.050180e+00 3.622817e-01
-9.520000e-01 6.400000e-01 -1.227404e+00 3.807632e-01 -9.520000e-01 6.500000e-01 -1.225204e+00 3.902545e-01
-1.302000e+00 6.500000e-01 -1.050180e+00 3.622817e-01 -1.297000e+00 6.550000e-01 -1.050584e+00 3.666169e-01
-1.297000e+00 6.550000e-01 -1.050584e+00 3.666169e-01 -1.292000e+00 6.600000e-01 -1.051190e+00 3.709837e-01
-9.520000e-01 6.500000e-01 -1.225204e+00 3.902545e-01 -9.520000e-01 6.600000e-01 -1.223025e+00 3.997555e-01
-1.292000e+00 6.600000e-01 -1.051190e+00 3.709837e-01 -1.292000e+00 6.700000e-01 -1.052311e+00 3.808582e-01
-9.520000e-01 6.600000e-01 -1.223025e+00 3.997555e-01 -9.520000e-01 6.700000e-01 -1.220865e+00 4.092659e-01
-1.292000e+00 6.700000e-01 -1.052311e+00 3.808582e-01 -1.292000e+00 6.800000e-01 -1.053415e+00 3.907358e-01
-9.520000e-01 6.700000e-01 -1.220865e+00 4.092659e-01 -9.520000e-01 6.800000e-01 -1.218724e+00 4.187856e-01
-1.292000e+00 6.800000e-01 -1.053415e+00 3.907358e-01 -1.292000e+00 6.900000e-01 -1.054503e+00 4.006163e-01
-9.520000e-01 6.800000e-01 -1.218724e+00 4.187856e-01 -9.520000e-01 6.900000e-01 -1.216604e+00 4.283142e-01
-1.292000e+00 6.900000e-01 -1.054503e+00 4.006163e-01 -1.292000e+00 7.000000e-01 -1.055576e+00 4.104997e-01
-9.520000e-01 6.900000e-01 -1.216604e+00 4.283142e-01 -9.520000e-01 7.000000e-01 -1.214502e+00 4.378516e-01
-1.292000e+00 7.000000e-01 -1.055576e+00 4.104997e-01 -1.292000e+00 7.100000e-01 -1.056633e+00 4.203858e-01
-9.520000e-01 7.000000e-01 -1.214502e+00 4.378516e-01 -9.520000e-01 7.100000e-01 -1.212419e+00 4.473975e-01
-1.292000e+00 7.100000e-01 -1.056633e+00 4.203858e-01 -1.292000e+00 7.200000e-01 -1.057676e+00 4.302747e-01
-9.520000e-01 7.100000e-01 -1.212419e+00 4.473975e-01 -9.520000e-01 7.200000e-01 -1.210354e+00 4.569517e-01
-1.292000e+00 7.200000e-01 -1.057676e+00 4.302747e-01 -1.292000e+00 7.300000e-01 -1.058703e+00 4.401661e-01
-9.520000e-01 7.200000e-01 -1.210354e+00 4.569517e-01 -9.520000e-01 7.300000e-01 -1.208308e+00 4.665140e-01
-1.292000e+00 7.300000e-01 -1.058703e+00 4.401661e-01 -1.287000e+00 7.350000e-01 -1.059058e+00 4.446063e-01
-1.287000e+00 7.350000e-01 -1.059058e+00 4.446063e-01 -1.282000e+00 7.400000e-01 -1.059606e+00 4.490778e-01
-9.520000e-01 7.300000e-01 -1.208308e+00 4.665140e-01 -9.520000e-01 7.400000e-01 -1.206280e+00 4.760843e-01
-1.282000e+00 7.400000e-01 -1.059606e+00 4.490778e-01 -1.282000e+00 7.500000e-01 -1.060557e+00 4.589880e-01
-9.520000e-01 7.400000e-01 -1.206280e+00 4.760843e-01 -9.520000e-01 7.500000e-01 -1.204270e+00 4.856623e-01
-1.282000e+00 7.500000e-01 -1.060557e+00 4.589880e-01 -1.282000e+00 7.600000e-01 -1.061494e+00 4.689002e-01
-9.520000e-01 7.500000e-01 -1.204270e+00 4.856623e-01 -9.520000e-01 7.600000e-01 -1.202277e+00 4.952477e-01
-1.282000e+00 7.600000e-01 -1.061494e+00 4.689002e-01 -1.282000e+00 7.700000e-01 -1.062419e+00 4.788144e-01
-9.520000e-01 7.600000e-01 -1.202277e+00 4.952477e-01 -9.520000e-01 7.700000e-01 -1.200302e+00 5.048406e-01
-1.282000e+00 7.700000e-01 -1.062419e+00 4.788144e-01 -1.282000e+00 7.800000e-01 -1.063330e+00 4.887306e-01
-9.520000e-01 7.700000e-01 -1.200302e+00 5.048406e-01 -9.520000e-01 7.800000e-01 -1.198345e+00 5.144406e-01
-1.282000e+00 7.800000e-01 -1.063330e+00 4.887306e-01 -1.282000e+00 7.900000e-01 -1.064229e+00 4.986487e-01
-9.520000e-01 7.800000e-01 -1.198345e+00 5.144406e-01 -9.520000e-01 7.900000e-01 -1.196404e+00 5.240476e-01
-1.282000e+00 7.900000e-01 -1.064229e+00 4.986487e-01 -1.282000e+00 8.000000e-01 -1.065115e+00 5.085687e-01
-9.520000e-01 7.900000e-01 -1.196404e+00 5.240476e-01 -9.520000e-01 8.000000e-01 -1.194480e+00 5.336615e-01
-1.282000e+00 8.000000e-01 -1.065115e+00 5.085687e-01 -1.282000e+00 8.100000e-01 -1.065989e+00 5.184904e-01
-9.520000e-01 8.000000e-01 -1.194480e+00 5.336615e-01 -9.520000e-01 8.100000e-01 -1.192572e+00 5.432820e-01
-1.282000e+00 8.100000e-01 -1.065989e+00 5.184904e-01 -1.277000e+00 8.150000e-01 -1.066288e+00 5.230207e-01
-1.277000e+00 8.150000e-01 -1.066288e+00 5.230207e-01 -1.272000e+00 8.200000e-01 -1.066772e+00 5.275821e-01
-9.520000e-01 8.100000e-01 -1.192572e+00 5.432820e-01 -9.520000e-01 8.200000e-01 -1.190682e+00 5.529091e-01
-1.272000e+00 8.200000e-01 -1.066772e+00 5.275821e-01 -1.272000e+00 8.300000e-01 -1.067572e+00 5.375185e-01
-9.520000e-01 8.200000e-01 -1.190682e+00 5.529091e-01 -9.520000e-01 8.300000e-01 -1.188807e+00 5.625426e-01
-1.272000e+00 8.300000e-01 -1.067572e+00 5.375185e-01 -1.272000e+00 8.400000e-01 -1.068362e+00 5.474564e-01
-9.520000e-01 8.300000e-01 -1.188807e+00 5.625426e-01 -9.520000e-01 8.400000e-01 -1.186948e+00 5.721823e-01
-1.272000e+00 8.400000e-01 -1.068362e+00 5.474564e-01 -1.272000e+00 8.500000e-01 -1.069140e+00 5.573955e-01
-9.520000e-01 8.400000e-01 -1.186948e+00 5.721823e-01 -9.520000e-01 8.500000e-01 -1.185106e+00 5.818280e-01
-1.272000e+00 8.500000e-01 -1.069140e+00 5.573955e-01 -1.272000e+00 8.600000e-01 -1.069909e+00 5.673360e-01
-9.520000e-01 8.500000e-01 -1.185106e+00 5.818280e-01 -9.520000e-01 8.600000e-01 -1.183279e+00 5.914798e-01
-1.272000e+00 8.600000e-01 -1.069909e+00 5.673360e-01 -1.272000e+00 8.700000e-01 -1.070667e+00 5.772778e-01
-9.520000e-01 8.600000e-01 -1.183279e+00 5.914798e-01 -9.520000e-01 8.700000e-01 -1.181467e+00 6.011373e-01
-1.272000e+00 8.700000e-01 -1.070667e+00 5.772778e-01 -1.272000e+00 8.800000e-01 -1.071414e+00 5.872208e-01
-9.520000e-01 8.700000e-01 -1.181467e+00 6.011373e-01 -9.520000e-01 8.800000e-01 -1.179671e+00 6.108006e-01
-1.272000e+00 8.800000e-01 -1.071414e+00 5.872208e-01 -1.272000e+00 8.900000e-01 -1.072152e+00 5.971650e-01
-9.520000e-01 8.800000e-01 -1.179671e+00 6.108006e-01 -9.520000e-01 8.900000e-01 -1.177890e+00 6.204694e-01
-1.272000e+00 8.900000e-01 -1.072152e+00 5.971650e-01 -1.267000e+00 8.950000e-01 -1.072389e+00 6.017734e-01
-1.267000e+00 8.950000e-01 -1.072389e+00 6.017734e-01 -1.262000e+00 9.000000e-01 -1.072800e+00 6.064125e-01
-9.520000e-01 8.900000e-01 -1.177890e+00 6.204694e-01 -9.520000e-01 9.000000e-01 -1.176124e+00 6.301437e-01
-1.262000e+00 9.000000e-01 -1.072800e+00 6.064125e-01 -1.262000e+00 9.100000e-01 -1.073467e+00 6.163683e-01
-9.520000e-01 9.000000e-01 -1.176124e+00 6.301437e-01 -9.520000e-01 9.100000e-01 -1.174373e+00 6.398233e-01
-1.262000e+00 9.100000e-01 -1.073467e+00 6.163683e-01 -1.262000e+00 9.200000e-01 -1.074125e+00 6.263249e-01
-9.520000e-01 9.100000e-01 -1.174373e+00 6.398233e-01 -9.520000e-01 9.200000e-01 -1.172637e+00 6.495081e-01
-1.262000e+00 9.200000e-01 -1.074125e+00 6.263249e-01 -1.262000e+00 9.300000e-01 -1.074775e+00 6.362826e-01
-9.520000e-01 9.200000e-01 -1.172637e+00 6.495081e-01 -9.520000e-01 9.300000e-01 -1.170915e+00 6.591980e-01
-1.262000e+00 9.300000e-01 -1.074775e+00 6.362826e-01 -1.262000e+00 9.400000e-01 -1.075416e+00 6.462410e-01
-9.520000e-01 9.300000e-01 -1.170915e+00 6.591980e-01 -9.520000e-01 9.400000e-01 -1.169207e+00 6.688930e-01
-1.262000e+00 9.400000e-01 -1.075416e+00 6.462410e-01 -1.262000e+00 9.500000e-01 -1.076048e+00 6.562004e-01
-9.520000e-01 9.400000e-01 -1.169207e+00 6.688930e-01 -9.520000e-01 9.500000e-01 -1.167514e+00 6.785928e-01
-1.262000e+00 9.500000e-01 -1.076048e+00 6.562004e-01 -1.262000e+00 9.600000e-01 -1.076673e+00 6.661605e-01
-9.520000e-01 9.500000e-01 -1.167514e+00 6.785928e-01 -9.520000e-01 9.600000e-01 -1.165834e+00 6.882974e-01
-1.262000e+00 9.600000e-01 -1.076673e+00 6.661605e-01 -1.257000e+00 9.650000e-01 -1.076869e+00 6.708326e-01
-1.257000e+00 9.650000e-01 -1.076869e+00 6.708326e-01 -1.252000e+00 9.700000e-01 -1.077232e+00 6.755352e-01
-9.520000e-01 9.600000e-01 -1.165834e+00 6.882974e-01 -9.520000e-01 9.700000e-01 -1.164169e+00 6.980067e-01
-1.252000e+00 9.700000e-01 -1.077232e+00 6.755352e-01 -1.252000e+00 9.800000e-01 -1.077787e+00 6.855045e-01
-9.520000e-01 9.700000e-01 -1.164169e+00 6.980067e-01 -9.520000e-01 9.800000e-01 -1.162517e+00 7.077206e-01
-1.252000e+00 9.800000e-01 -1.077787e+00 6.855045e-01 -1.252000e+00 9.900000e-01 -1.078336e+00 6.954745e-01
-9.570000e-01 9.850000e-01 -1.161933e+00 7.117607e-01 -9.620000e-01 9.900000e-01 -1.161158e+00 7.158117e-01
-9.520000e-01 9.800000e-01 -1.162517e+00 7.077206e-01 -9.570000e-01 9.850000e-01 -1.161933e+00 7.117607e-01
-1.252000e+00 9.900000e-01 -1.078336e+00 6.954745e-01 -1.252000e+00 1.000000e+00 -1.078877e+00 7.054450e-01
-9.620000e-01 9.900000e-01 -1.161158e+00 7.158117e-01 -9.620000e-01 1.000000e+00 -1.159542e+00 7.255481e-01
-1.252000e+00 1.000000e+00 -1.078877e+00 7.054450e-01 -1.252000e+00 1.010000e+00 -1.079411e+00 7.154162e-01
-9.620000e-01 1.000000e+00 -1.159542e+00 7.255481e-01 -9.620000e-01 1.010000e+00 -1.157940e+00 7.352887e-01
-1.252000e+00 1.010000e+00 -1.079411e+00 7.154162e-01 -1.252000e+00 1.020000e+00 -1.079939e+00 7.253879e-01
-9.620000e-01 1.010000e+00 -1.157940e+00 7.352887e-01 -9.620000e-01 1.020000e+00 -1.156352e+00 7.450333e-01
-1.252000e+00 1.020000e+00 -1.079939e+00 7.253879e-01 -1.252000e+00 1.030000e+00 -1.080460e+00 7.353602e-01
-9.620000e-01 1.020000e+00 -1.156352e+00 7.450333e-01 -9.620000e-01 1.030000e+00 -1.154776e+00 7.547820e-01
-1.252000e+00 1.030000e+00 -1.080460e+00 7.353602e-01 -1.247000e+00 1.035000e+00 -1.080609e+00 7.400892e-01
-1.247000e+00 1.035000e+00 -1.080609e+00 7.400892e-01 -1.242000e+00 1.040000e+00 -1.080914e+00 7.448486e-01
-9.620000e-01 1.030000e+00 -1.154776e+00 7.547820e-01 -9.620000e-01 1.040000e+00 -1.153215e+00 7.645346e-01
-1.242000e+00 1.040000e+00 -1.080914e+00 7.448486e-01 -1.242000e+00 1.050000e+00 -1.081368e+00 7.548281e-01
-9.620000e-01 1.040000e+00 -1.153215e+00 7.645346e-01 -9.620000e-01 1.050000e+00 -1.151666e+00 7.742911e-01
-1.242000e+00 1.050000e+00 -1.081368e+00 7.548281e-01 -1.242000e+00 1.060000e+00 -1.081817e+00 7.648079e-01
-9.620000e-01 1.050000e+00 -1.151666e+00 7.742911e-01 -9.620000e-01 1.060000e+00 -1.150130e+00 7.840514e-01
-1.242000e+00 1.060000e+00 -1.081817e+00 7.648079e-01 -1.242000e+00 1.070000e+00 -1.082259e+00 7.747882e-01
-9.620000e-01 1.060000e+00 -1.150130e+00 7.840514e-01 -9.620000e-01 1.070000e+00 -1.148607e+00 7.938153e-01
-1.242000e+00 1.070000e+00 -1.082259e+00 7.747882e-01 -1.242000e+00 1.080000e+00 -1.082696e+00 7.847688e-01
-9.620000e-01 1.070000e+00 -1.148607e+00 7.938153e-01 -9.620000e-01 1.080000e+00 -1.147097e+00 8.035829e-01
-1.242000e+00 1.080000e+00 -1.082696e+00 7.847688e-01 -1.242000e+00 1.090000e+00 -1.083128e+00 7.947498e-01
-9.620000e-01 1.080000e+00 -1.147097e+00 8.035829e-01 -9.620000e-01 1.090000e+00 -1.145599e+00 8.133540e-01
-1.242000e+00 1.090000e+00 -1.083128e+00 7.947498e-01 -1.237000e+00 1.095000e+00 -1.083252e+00 7.995272e-01
-1.237000e+00 1.095000e+00 -1.083252e+00 7.995272e-01 -1.232000e+00 1.100000e+00 -1.083524e+00 8.043349e-01
-9.620000e-01 1.090000e+00 -1.145599e+00 8.133540e-01 -9.620000e-01 1.100000e+00 -1.144114e+00 8.231286e-01
-1.232000e+00 1.100000e+00 -1.083524e+00 8.043349e-01 -1.232000e+00 1.110000e+00 -1.083890e+00 8.143215e-01
-9.620000e-01 1.100000e+00 -1.144114e+00 8.231286e-01 -9.620000e-01 1.110000e+00 -1.142642e+00 8.329066e-01
-1.232000e+00 1.110000e+00 -1.083890e+00 8.143215e-01 -1.232000e+00 1.120000e+00 -1.084251e+00 8.243084e-01
-9.620000e-01 1.110000e+00 -1.142642e+00 8.329066e-01 -9.620000e-01 1.120000e+00 -1.141181e+00 8.426880e-01
-1.232000e+00 1.120000e+00 -1.084251e+00 8.243084e-01 -1.232000e+00 1.130000e+00 -1.084608e+00 8.342955e-01
-9.620000e-01 1.120000e+00 -1.141181e+00 8.426880e-01 -9.620000e-01 1.130000e+00 -1.139733e+00 8.524727e-01
-1.232000e+00 1.130000e+00 -1.084608e+00 8.342955e-01 -1.232000e+00 1.140000e+00 -1.084961e+00 8.442829e-01
-9.620000e-01 1.130000e+00 -1.139733e+00 8.524727e-01 -9.620000e-01 1.140000e+00 -1.138296e+00 8.622607e-01
-1.232000e+00 1.140000e+00 -1.084961e+00 8.442829e-01 -1.232000e+00 1.150000e+00 -1.085309e+00 8.542705e-01
-9.620000e-01 1.140000e+00 -1.138296e+00 8.622607e-01 -9.620000e-01 1.150000e+00 -1.136872e+00 8.720517e-01
-1.232000e+00 1.150000e+00 -1.085309e+00 8.542705e-01 -1.227000e+00 1.155000e+00 -1.085399e+00 8.590923e-01
-1.227000e+00 1.155000e+00 -1.085399e+00 8.590923e-01 -1.222000e+00 1.160000e+00 -1.085629e+00 8.639442e-01
-9.620000e-01 1.150000e+00 -1.136872e+00 8.720517e-01 -9.620000e-01 1.160000e+00 -1.135459e+00 8.818459e-01
-1.222000e+00 1.160000e+00 -1.085629e+00 8.639442e-01 -1.222000e+00 1.170000e+00 -1.085913e+00 8.739361e-01
-9.620000e-01 1.160000e+00 -1.135459e+00 8.818459e-01 -9.620000e-01 1.170000e+00 -1.134058e+00 8.916432e-01
-1.222000e+00 1.170000e+00 -1.085913e+00 8.739361e-01 -1.222000e+00 1.180000e+00 -1.086194e+00 8.839281e-01
-9.620000e-01 1.170000e+00 -1.134058e+00 8.916432e-01 -9.620000e-01 1.180000e+00 -1.132669e+00 9.014434e-01
-1.222000e+00 1.180000e+00 -1.086194e+00 8.839281e-01 -1.222000e+00 1.190000e+00 -1.086471e+00 8.939204e-01
-9.620000e-01 1.180000e+00 -1.132669e+00 9.014434e-01 -9.620000e-01 1.190000e+00 -1.131290e+00 9.112466e-01
-1.222000e+00 1.190000e+00 -1.086471e+00 8.939204e-01 -1.222000e+00 1.200000e+00 -1.086745e+00 9.039127e-01
-9.670000e-01 1.195000e+00 -1.130788e+00 9.154661e-01 -9.720000e-01 1.200000e+00 -1.130129e+00 9.197003e-01
-9.620000e-01 1.190000e+00 -1.131290e+00 9.112466e-01 -9.670000e-01 1.195000e+00 -1.130788e+00 9.154661e-01
-1.222000e+00 1.200000e+00 -1.086745e+00 9.039127e-01 -1.222000e+00 1.210000e+00 -1.087016e+00 9.139052e-01
-9.720000e-01 1.200000e+00 -1.130129e+00 9.197003e-01 -9.720000e-01 1.210000e+00 -1.128792e+00 9.295205e-01
-1.222000e+00 1.210000e+00 -1.087016e+00 9.139052e-01 -1.217000e+00 1.215000e+00 -1.087065e+00 9.187677e-01
-1.217000e+00 1.215000e+00 -1.087065e+00 9.187677e-01 -1.212000e+00 1.220000e+00 -1.087245e+00 9.236600e-01
-9.720000e-01 1.210000e+00 -1.128792e+00 9.295205e-01 -9.720000e-01 1.220000e+00 -1.127466e+00 9.393433e-01
-1.212000e+00 1.220000e+00 -1.087245e+00 9.236600e-01 -1.212000e+00 1.230000e+00 -1.087453e+00 9.336555e-01
-9.720000e-01 1.220000e+00 -1.127466e+00 9.393433e-01 -9.720000e-01 1.230000e+00 -1.126152e+00 9.491688e-01
-1.212000e+00 1.230000e+00 -1.087453e+00 9.336555e-01 -1.212000e+00 1.240000e+00 -1.087658e+00 9.436512e-01
-9.720000e-01 1.230000e+00 -1.126152e+00 9.491688e-01 -9.720000e-01 1.240000e+00 -1.124848e+00 9.589968e-01
-1.212000e+00 1.240000e+00 -1.087658e+00 9.436512e-01 -1.212000e+00 1.250000e+00 -1.087861e+00 9.536470e-01
-9.720000e-01 1.240000e+00 -1.124848e+00 9.589968e-01 -9.720000e-01 1.250000e+00 -1.123556e+00 9.688273e-01
-1.212000e+00 1.250000e+00 -1.087861e+00 9.536470e-01 -1.212000e+00 1.260000e+00 -1.088062e+00 9.636428e-01
-9.720000e-01 1.250000e+00 -1.123556e+00 9.688273e-01 -9.720000e-01 1.260000e+00 -1.122274e+00 9.786604e-01
-1.212000e+00 1.260000e+00 -1.088062e+00 9.636428e-01 -1.207000e+00 1.265000e+00 -1.088092e+00 9.685415e-01
-1.207000e+00 1.265000e+00 -1.088092e+00 9.685415e-01 -1.202000e+00 1.270000e+00 -1.088243e+00 9.734698e-01
-9.720000e-01 1.260000e+00 -1.122274e+00 9.786604e-01 -9.720000e-01 1.270000e+00 -1.121003e+00 9.884958e-01
-1.202000e+00 1.270000e+00 -1.088243e+00 9.734698e-01 -1.202000e+00 1.280000e+00 -1.088382e+00 9.834678e-01
-9.720000e-01 1.270000e+00 -1.121003e+00 9.884958e-01 -9.720000e-01 1.280000e+00 -1.119743e+00 9.983337e-01
-1.202000e+00 1.280000e+00 -1.088382e+00 9.834678e-01 -1.202000e+00 1.290000e+00 -1.088520e+00 9.934658e-01
-9.720000e-01 1.280000e+00 -1.119743e+00 9.983337e-01 -9.720000e-01 1.290000e+00 -1.118493e+00 1.008174e+00
-1.202000e+00 1.290000e+00 -1.088520e+00 9.934658e-01 -1.202000e+00 1.300000e+00 -1.088656e+00 1.003464e+00
-9.720000e-01 1.290000e+00 -1.118493e+00 1.008174e+00 -9.720000e-01 1.300000e+00 -1.117254e+00 1.018016e+00
-1.202000e+00 1.300000e+00 -1.088656e+00 1.003464e+00 -1.202000e+00 1.310000e+00 -1.088790e+00 1.013462e+00
-9.720000e-01 1.300000e+00 -1.117254e+00 1.018016e+00 -9.720000e-01 1.310000e+00 -1.116025e+00 1.027861e+00
-1.202000e+00 1.310000e+00 -1.088790e+00 1.013462e+00 -1.197000e+00 1.315000e+00 -1.088793e+00 1.018394e+00
-1.197000e+00 1.315000e+00 -1.088793e+00 1.018394e+00 -1.192000e+00 1.320000e+00 -1.088906e+00 1.023356e+00
-9.770000e-01 1.315000e+00 -1.115559e+00 1.032175e+00 -9.820000e-01 1.320000e+00 -1.114962e+00 1.036506e+00
-9.720000e-01 1.310000e+00 -1.116025e+00 1.027861e+00 -9.770000e-01 1.315000e+00 -1.115559e+00 1.032175e+00
-1.192000e+00 1.320000e+00 -1.088906e+00 1.023356e+00 -1.192000e+00 1.330000e+00 -1.088980e+00 1.033356e+00
-9.820000e-01 1.320000e+00 -1.114962e+00 1.036506e+00 -9.820000e-01 1.330000e+00 -1.113778e+00 1.046366e+00
-1.192000e+00 1.330000e+00 -1.088980e+00 1.033356e+00 -1.192000e+00 1.340000e+00 -1.089054e+00 1.043355e+00
-9.820000e-01 1.330000e+00 -1.113778e+00 1.046366e+00 -9.820000e-01 1.340000e+00 -1.112604e+00 1.056227e+00
-1.192000e+00 1.340000e+00 -1.089054e+00 1.043355e+00 -1.192000e+00 1.350000e+00 -1.089127e+00 1.053354e+00
-9.820000e-01 1.340000e+00 -1.112604e+00 1.056227e+00 -9.820000e-01 1.350000e+00 -1.111440e+00 1.066091e+00
-1.192000e+00 1.350000e+00 -1.089127e+00 1.053354e+00 -1.192000e+00 1.360000e+00 -1.089198e+00 1.063354e+00
-9.820000e-01 1.350000e+00 -1.111440e+00 1.066091e+00 -9.820000e-01 1.360000e+00 -1.110286e+00 1.075956e+00
-1.192000e+00 1.360000e+00 -1.089198e+00 1.063354e+00 -1.187000e+00 1.365000e+00 -1.089165e+00 1.068318e+00
-1.187000e+00 1.365000e+00 -1.089165e+00 1.068318e+00 -1.182000e+00 1.370000e+00 -1.089233e+00 1.073311e+00
-9.820000e-01 1.360000e+00 -1.110286e+00 1.075956e+00 -9.820000e-01 1.370000e+00 -1.109142e+00 1.085823e+00
-1.182000e+00 1.370000e+00 -1.089233e+00 1.073311e+00 -1.182000e+00 1.380000e+00 -1.089246e+00 1.083311e+00
-9.820000e-01 1.370000e+00 -1.109142e+00 1.085823e+00 -9.820000e-01 1.380000e+00 -1.108008e+00 1.095692e+00
-1.182000e+00 1.380000e+00 -1.089246e+00 1.083311e+00 -1.182000e+00 1.390000e+00 -1.089259e+00 1.093311e+00
-9.820000e-01 1.380000e+00 -1.108008e+00 1.095692e+00 -9.820000e-01 1.390000e+00 -1.106884e+00 1.105563e+00
-1.182000e+00 1.390000e+00 -1.089259e+00 1.093311e+00 -1.182000e+00 1.400000e+00 -1.089272e+00 1.103311e+00
-9.820000e-01 1.390000e+00 -1.106884e+00 1.105563e+00 -9.820000e-01 1.400000e+00 -1.105769e+00 1.115436e+00
-1.182000e+00 1.400000e+00 -1.089272e+00 1.103311e+00 -1.177000e+00 1.405000e+00 -1.089224e+00 1.108304e+00
-1.177000e+00 1.405000e+00 -1.089224e+00 1.108304e+00 -1.172000e+00 1.410000e+00 -1.089266e+00 1.113326e+00
-9.870000e-01 1.405000e+00 -1.105337e+00 1.119821e+00 -9.920000e-01 1.410000e+00 -1.104794e+00 1.124225e+00
-9.820000e-01 1.400000e+00 -1.105769e+00 1.115436e+00 -9.870000e-01 1.405000e+00 -1.105337e+00 1.119821e+00
-1.172000e+00 1.410000e+00 -1.089266e+00 1.113326e+00 -1.172000e+00 1.420000e+00 -1.089222e+00 1.123326e+00
-9.920000e-01 1.410000e+00 -1.104794e+00 1.124225e+00 -9.920000e-01 1.420000e+00 -1.103728e+00 1.134110e+00
-1.172000e+00 1.420000e+00 -1.089222e+00 1.123326e+00 -1.172000e+00 1.430000e+00 -1.089178e+00 1.133326e+00
-9.920000e-01 1.420000e+00 -1.103728e+00 1.134110e+00 -9.920000e-01 1.430000e+00 -1.102670e+00 1.143998e+00
-1.179661e+00 -3.393380e-01 -1.772568e+00 -3.168104e-01 -1.179661e+00 -3.393380e-01 -1.772093e+00 -3.304010e-01
-1.179661e+00 -3.393380e-01 -1.772093e+00 -3.304010e-01 -1.179661e+00 -3.393380e-01 -1.770658e+00 -3.440476e-01
-1.179661e+00 -3.393380e-01 -1.770658e+00 -3.440476e-01 -1.179661e+00 -3.393380e-01 -1.768240e+00 -3.577524e-01
-1.179661e+00 -3.393380e-01 -1.768240e+00 -3.577524e-01 -1.179661e+00 -3.393380e-01 -1.764806e+00 -3.715183e-01
-1.179661e+00 -3.393380e-01 -1.764806e+00 -3.715183e-01 -1.179661e+00 -3.393380e-01 -1.760310e+00 -3.853483e-01
-1.179661e+00 -3.393380e-01 -1.760310e+00 -3.853483e-01 -1.179661e+00 -3.393380e-01 -1.754692e+00 -3.992464e-01
-1.179661e+00 -3.393380e-01 -1.754692e+00 -3.992464e-01 -1.179661e+00 -3.393380e-01 -1.747874e+00 -4.132171e-01
-1.179661e+00 -3.393380e-01 -1.747874e+00 -4.132171e-01 -1.179661e+00 -3.393380e-01 -1.739758e+00 -4.272657e-01
-1.179661e+00 -3.393380e-01 -1.739758e+00 -4.272657e-01 -1.179661e+00 -3.393380e-01 -1.730219e+00 -4.413985e-01
-1.179661e+00 -3.393380e-01 -1.730219e+00 -4.413985e-01 -1.179661e+00 -3.393380e-01 -1.719097e+00 -4.556229e-01
-1.179661e+00 -3.393380e-01 -1.719097e+00 -4.556229e-01 -1.179661e+00 -3.393380e-01 -1.706188e+00 -4.699479e-01
-1.179661e+00 -3.393380e-01 -1.706188e+00 -4.699479e-01 -1.179661e+00 -3.393380e-01 -1.691225e+00 -4.843843e-01
-1.179661e+00 -3.393380e-01 -1.691225e+00 -4.843843e-01 -1.179661e+00 -3.393380e-01 -1.673853e+00 -4.989453e-01
-1.179661e+00 -3.393380e-01 -1.673853e+00 -4.989453e-01 -1.179661e+00 -3.393380e-01 -1.653591e+00 -5.136473e-01
-1.179661e+00 -3.393380e-01 -1.653591e+00 -5.136473e-01 -1.179661e+00 -3.393380e-01 -1.629766e+00 -5.285108e-01
-1.179661e+00 -3.393380e-01 -1.629766e+00 -5.285108e-01 -1.179661e+00 -3.393380e-01 -1.601403e+00 -5.435609e-01
-1.179661e+00 -3.393380e-01 -1.601403e+00 -5.435609e-01 -1.179661e+00 -3.393380e-01 -1.567022e+00 -5.588273e-01
-1.179661e+00 -3.393380e-01 -1.567022e+00 -5.588273e-01 -1.179661e+00 -3.393380e-01 -1.524245e+00 -5.743378e-01
-1.179661e+00 -3.393380e-01 -1.524245e+00 -5.743378e-01 -1.179661e+00 -3.393380e-01 -1.469012e+00 -5.900862e-01
-1.179661e+00 -3.393380e-01 -1.469012e+00 -5.900862e-01 -1.179661e+00 -3.393380e-01 -1.394053e+00 -6.058751e-01
-1.179661e+00 -3.393380e-01 -1.394053e+00 -6.058751e-01 -1.179661e+00 -3.393380e-01 -1.288150e+00 -6.205496e-01
-1.179661e+00 -3.393380e-01 -1.288150e+00 -6.205496e-01 -1.179661e+00 -3.393380e-01 -1.153626e+00 -6.298903e-01
-1.179661e+00 -3.393380e-01 -1.153626e+00 -6.298903e-01 -1.179661e+00 -3.393380e-01 -1.033429e+00 -6.300887e-01
-1.179661e+00 -3.393380e-01 -1.033429e+00 -6.300887e-01 -1.179661e+00 -3.393380e-01 -9.467821e-01 -6.241996e-01
-1.179661e+00 -3.393380e-01 -9.467821e-01 -6.241996e-01 -1.179661e+00 -3.393380e-01 -8.836947e-01 -6.154379e-01
-1.179661e+00 -3.393380e-01 -8.836947e-01 -6.154379e-01 -1.179661e+00 -3.393380e-01 -8.352935e-01 -6.052163e-01
-1.179661e+00 -3.393380e-01 -8.352935e-01 -6.052163e-01 -1.179661e+00 -3.393380e-01 -7.965485e-01 -5.941515e-01
-1.179661e+00 -3.393380e-01 -7.965485e-01 -5.941515e-01 -1.179661e+00 -3.393380e-01 -7.645793e-01 -5.825482e-01
-1.179661e+00 -3.393380e-01 -7.645793e-01 -5.825482e-01 -1.179661e+00 -3.393380e-01 -7.376312e-01 -5.705748e-01
-1.179661e+00 -3.393380e-01 -7.376312e-01 -5.705748e-01 -1.179661e+00 -3.393380e-01 -7.145703e-01 -5.583324e-01
-1.179661e+00 -3.393380e-01 -7.145703e-01 -5.583324e-01 -1.179661e+00 -3.393380e-01 -6.946268e-01 -5.458861e-01
-1.179661e+00 -3.393380e-01 -6.946268e-01 -5.458861e-01 -1.179661e+00 -3.393380e-01 -6.772571e-01 -5.332793e-01
-1.179661e+00 -3.393380e-01 -6.772571e-01 -5.332793e-01 -1.179661e+00 -3.393380e-01 -6.620649e-01 -5.205427e-01
-1.179661e+00 -3.393380e-01 -6.620649e-01 -5.205427e-01 -1.179661e+00 -3.393380e-01 -6.487539e-01 -5.076981e-01
-1.179661e+00 -3.393380e-01 -6.487539e-01 -5.076981e-01 -1.179661e+00 -3.393380e-01 -6.370979e-01 -4.947613e-01
-1.179661e+00 -3.393380e-01 -6.370979e-01 -4.947613e-01 -1.179661e+00 -3.393380e-01 -6.269219e-01 -4.817443e-01
-1.179661e+00 -3.393380e-01 -6.269219e-01 -4.817443e-01 -1.179661e+00 -3.393380e-01 -6.180890e-01 -4.686558e-01
-1.179661e+00 -3.393380e-01 -6.180890e-01 -4.686558e-01 -1.179661e+00 -3.393380e-01 -6.104912e-01 -4.555023e-01
-1.179661e+00 -3.393380e-01 -6.104912e-01 -4.555023e-01 -1.179661e+00 -3.393380e-01 -6.040436e-01 -4.422887e-01
-1.179661e+00 -3.393380e-01 -6.040436e-01 -4.422887e-01 -1.179661e+00 -3.393380e-01 -5.986799e-01 -4.290182e-01
-1.179661e+00 -3.393380e-01 -5.986799e-01 -4.290182e-01 -1.179661e+00 -3.393380e-01 -5.943487e-01 -4.156933e-01
-1.179661e+00 -3.393380e-01 -5.943487e-01 -4.156933e-01 -1.179661e+00 -3.393380e-01 -5.910121e-01 -4.023153e-01
-1.179661e+00 -3.393380e-01 -5.910121e-01 -4.023153e-01 -1.179661e+00 -3.393380e-01 -5.886433e-01 -3.888848e-01
-1.179661e+00 -3.393380e-01 -5.886433e-01 -3.888848e-01 -1.179661e+00 -3.393380e-01 -5.872259e-01 -3.754017e-01
-1.179661e+00 -3.393380e-01 -5.872259e-01 -3.754017e-01 -1.179661e+00 -3.393380e-01 -5.867533e-01 -3.618655e-01
-1.179661e+00 -3.393380e-01 -5.867533e-01 -3.618655e-01 -1.179661e+00 -3.393380e-01 -5.872284e-01 -3.482750e-01
-1.179661e+00 -3.393380e-01 -5.872284e-01 -3.482750e-01 -1.179661e+00 -3.393380e-01 -5.886637e-01 -3.346284e-01
-1.179661e+00 -3.393380e-01 -5.886637e-01 -3.346284e-01 -1.179661e+00 -3.393380e-01 -5.910816e-01 -3.209235e-01
-1.179661e+00 -3.393380e-01 -5.910816e-01 -3.209235e-01 -1.179661e+00 -3.393380e-01 -5.945156e-01 -3.071577e-01
-1.179661e+00 -3.393380e-01 -5.945156e-01 -3.071577e-01 -1.179661e+00 -3.393380e-01 -5.990117e-01 -2.933277e-01
-1.179661e+00 -3.393380e-01 -5.990117e-01 -2.933277e-01 -1.179661e+00 -3.393380e-01 -6.046300e-01 -2.794296e-01
-1.179661e+00 -3.393380e-01 -6.046300e-01 -2.794296e-01 -1.179661e+00 -3.393380e-01 -6.114480e-01 -2.654589e-01
-1.179661e+00 -3.393380e-01 -6.114480e-01 -2.654589e-01 -1.179661e+00 -3.393380e-01 -6.195640e-01 -2.514103e-01
-1.179661e+00 -3.393380e-01 -6.195640e-01 -2.514103e-01 -1.179661e+00 -3.393380e-01 -6.291030e-01 -2.372775e-01
-1.179661e+00 -3.393380e-01 -6.291030e-01 -2.372775e-01 -1.179661e+00 -3.393380e-01 -6.402246e-01 -2.230530e-01
-1.179661e+00 -3.393380e-01 -6.402246e-01 -2.230530e-01 -1.179661e+00 -3.393380e-01 -6.531335e-01 -2.087280e-01
-1.179661e+00 -3.393380e-01 -6.531335e-01 -2.087280e-01 -1.179661e+00 -3.393380e-01 -6.680968e-01 -1.942916e-01
-1.179661e+00 -3.393380e-01 -6.680968e-01 -1.942916e-01 -1.179661e+00 -3.393380e-01 -6.854689e-01 -1.797306e-01
-1.179661e+00 -3.393380e-01 -6.854689e-01 -1.797306e-01 -1.179661e+00 -3.393380e-01 -7.057309e-01 -1.650286e-01
-1.179661e+00 -3.393380e-01 -7.057309e-01 -1.650286e-01 -1.179661e+00 -3.393380e-01 -7.295554e-01 -1.501651e-01
-1.179661e+00 -3.393380e-01 -7.295554e-01 -1.501651e-01 -1.179661e+00 -3.393380e-01 -7.579183e-01 -1.351150e-01
-1.179661e+00 -3.393380e-01 -7.579183e-01 -1.351150e-01 -1.179661e+00 -3.393380e-01 -7.922999e-01 -1.198486e-01
-1.179661e+00 -3.393380e-01 -7.922999e-01 -1.198486e-01 -1.179661e+00 -3.393380e-01 -8.350762e-01 -1.043381e-01
-1.179661e+00 -3.393380e-01 -8.350762e-01 -1.043381e-01 -1.179661e+00 -3.393380e-01 -8.903091e-01 -8.858978e-02
-1.179661e+00 -3.393380e-01 -8.903091e-01 -8.858978e-02 -1.179661e+00 -3.393380e-01 -9.652686e-01 -7.280087e-02
-1.179661e+00 -3.393380e-01 -9.652686e-01 -7.280087e-02 -1.179661e+00 -3.393380e-01 -1.071171e+00 -5.812638e-02
-1.179661e+00 -3.393380e-01 -1.071171e+00 -5.812638e-02 -1.179661e+00 -3.393380e-01 -1.205695e+00 -4.878564e-02
-1.179661e+00 -3.393380e-01 -1.205695e+00 -4.878564e-02 -1.179661e+00 -3.393380e-01 -1.325893e+00 -4.858726e-02
-1.179661e+00 -3.393380e-01 -1.325893e+00 -4.858726e-02 -1.179661e+00 -3.393380e-01 -1.412540e+00 -5.447632e-02
-1.179661e+00 -3.393380e-01 -1.412540e+00 -5.447632e-02 -1.179661e+00 -3.393380e-01 -1.475627e+00 -6.323804e-02
-1.179661e+00 -3.393380e-01 -1.475627e+00 -6.323804e-02 -1.179661e+00 -3.393380e-01 -1.524028e+00 -7.345961e-02
-1.179661e+00 -3.393380e-01 -1.524028e+00 -7.345961e-02 -1.179661e+00 -3.393380e-01 -1.562773e+00 -8.452444e-02
-1.179661e+00 -3.393380e-01 -1.562773e+00 -8.452444e-02 -1.179661e+00 -3.393380e-01 -1.594742e+00 -9.612774e-02
-1.179661e+00 -3.393380e-01 -1.594742e+00 -9.612774e-02 -1.179661e+00 -3.393380e-01 -1.621690e+00 -1.081012e-01
-1.179661e+00 -3.393380e-01 -1.621690e+00 -1.081012e-01 -1.179661e+00 -3.393380e-01 -1.644751e+00 -1.203435e-01
-1.179661e+00 -3.393380e-01 -1.644751e+00 -1.203435e-01 -1.179661e+00 -3.393380e-01 -1.664695e+00 -1.327899e-01
-1.179661e+00 -3.393380e-01 -1.664695e+00 -1.327899e-01 -1.179661e+00 -3.393380e-01 -1.682064e+00 -1.453966e-01
-1.179661e+00 -3.393380e-01 -1.682064e+00 -1.453966e-01 -1.179661e+00 -3.393380e-01 -1.697257e+00 -1.581332e-01
-1.179661e+00 -3.393380e-01 -1.697257e+00 -1.581332e-01 -1.179661e+00 -3.393380e-01 -1.710568e+00 -1.709779e-01
-1.179661e+00 -3.393380e-01 -1.710568e+00 -1.709779e-01 -1.179661e+00 -3.393380e-01 -1.722224e+00 -1.839146e-01
-1.179661e+00 -3.393380e-01 -1.722224e+00 -1.839146e-01 -1.179661e+00 -3.393380e-01 -1.732400e+00 -1.969316e-01
-1.179661e+00 -3.393380e-01 -1.732400e+00 -1.969316e-01 -1.179661e+00 -3.393380e-01 -1.741233e+00 -2.100201e-01
-1.179661e+00 -3.393380e-01 -1.741233e+00 -2.100201e-01 -1.179661e+00 -3.393380e-01 -1.748830e+00 -2.231736e-01
-1.179661e+00 -3.393380e-01 -1.748830e+00 -2.231736e-01 -1.179661e+00 -3.393380e-01 -1.755278e+00 -2.363873e-01
-1.179661e+00 -3.393380e-01 -1.755278e+00 -2.363873e-01 -1.179661e+00 -3.393380e-01 -1.760642e+00 -2.496577e-01
-1.179661e+00 -3.393380e-01 -1.760642e+00 -2.496577e-01 -1.179661e+00 -3.393380e-01 -1.764973e+00 -2.629826e-01
-1.179661e+00 -3.393380e-01 -1.764973e+00 -2.629826e-01 -1.179661e+00 -3.393380e-01 -1.768309e+00 -2.763607e-01
-1.179661e+00 -3.393380e-01 -1.768309e+00 -2.763607e-01 -1.179661e+00 -3.393380e-01 -1.770678e+00 -2.897912e-01
-1.179661e+00 -3.393380e-01 -1.770678e+00 -2.897912e-01 -1.179661e+00 -3.393380e-01 -1.772096e+00 -3.032742e-01
-1.179661e+00 -3.393380e-01 -1.772096e+00 -3.032742e-01 -1.179661e+00 -3.393380e-01 -1.772568e+00 -3.168104e-01
