-4.300000e-01 -1.403000e+00 -4.276901e-02 -1.341711e+00 -4.300000e-01 -1.393000e+00 -4.142740e-02 -1.341648e+00
1.800000e-01 -1.403000e+00 -2.074514e-01 -1.373859e+00 1.800000e-01 -1.393000e+00 -2.087166e-01 -1.373643e+00
-4.350000e-01 -1.388000e+00 -4.586351e-02 -1.342190e+00 -4.400000e-01 -1.383000e+00 -5.033660e-02 -1.342544e+00
-4.300000e-01 -1.393000e+00 -4.142740e-02 -1.341648e+00 -4.350000e-01 -1.388000e+00 -4.586351e-02 -1.342190e+00
1.800000e-01 -1.393000e+00 -2.087166e-01 -1.373643e+00 1.800000e-01 -1.383000e+00 -2.096732e-01 -1.373483e+00
-4.400000e-01 -1.383000e+00 -5.033660e-02 -1.342544e+00 -4.400000e-01 -1.373000e+00 -4.968918e-02 -1.342388e+00
1.800000e-01 -1.383000e+00 -2.096732e-01 -1.373483e+00 1.800000e-01 -1.373000e+00 -2.103160e-01 -1.373355e+00
-4.400000e-01 -1.373000e+00 -4.968918e-02 -1.342388e+00 -4.400000e-01 -1.363000e+00 -4.935873e-02 -1.342303e+00
1.800000e-01 -1.373000e+00 -2.103160e-01 -1.373355e+00 1.800000e-01 -1.363000e+00 -2.106421e-01 -1.373233e+00
-4.400000e-01 -1.363000e+00 -4.935873e-02 -1.342303e+00 -4.400000e-01 -1.353000e+00 -4.934979e-02 -1.342263e+00
1.800000e-01 -1.363000e+00 -2.106421e-01 -1.373233e+00 1.800000e-01 -1.353000e+00 -2.106510e-01 -1.373094e+00
-4.400000e-01 -1.353000e+00 -4.934979e-02 -1.342263e+00 -4.400000e-01 -1.343000e+00 -4.966450e-02 -1.342243e+00
1.750000e-01 -1.348000e+00 -2.154918e-01 -1.373156e+00 1.700000e-01 -1.343000e+00 -2.203217e-01 -1.373390e+00
1.800000e-01 -1.353000e+00 -2.106510e-01 -1.373094e+00 1.750000e-01 -1.348000e+00 -2.154918e-01 -1.373156e+00
-4.400000e-01 -1.343000e+00 -4.966450e-02 -1.342243e+00 -4.400000e-01 -1.333000e+00 -5.030251e-02 -1.342216e+00
1.700000e-01 -1.343000e+00 -2.203217e-01 -1.373390e+00 1.700000e-01 -1.333000e+00 -2.196632e-01 -1.373459e+00
-4.400000e-01 -1.333000e+00 -5.030251e-02 -1.342216e+00 -4.400000e-01 -1.323000e+00 -5.126095e-02 -1.342158e+00
1.700000e-01 -1.333000e+00 -2.196632e-01 -1.373459e+00 1.700000e-01 -1.323000e+00 -2.186805e-01 -1.373429e+00
-4.400000e-01 -1.323000e+00 -5.126095e-02 -1.342158e+00 -4.400000e-01 -1.313000e+00 -5.253449e-02 -1.342043e+00
1.700000e-01 -1.323000e+00 -2.186805e-01 -1.373429e+00 1.700000e-01 -1.313000e+00 -2.173833e-01 -1.373275e+00
-4.400000e-01 -1.313000e+00 -5.253449e-02 -1.342043e+00 -4.400000e-01 -1.303000e+00 -5.411554e-02 -1.341847e+00
1.700000e-01 -1.313000e+00 -2.173833e-01 -1.373275e+00 1.700000e-01 -1.303000e+00 -2.157837e-01 -1.372975e+00
-4.400000e-01 -1.303000e+00 -5.411554e-02 -1.341847e+00 -4.400000e-01 -1.293000e+00 -5.599439e-02 -1.341547e+00
1.700000e-01 -1.303000e+00 -2.157837e-01 -1.372975e+00 1.700000e-01 -1.293000e+00 -2.138957e-01 -1.372506e+00
-4.400000e-01 -1.293000e+00 -5.599439e-02 -1.341547e+00 -4.400000e-01 -1.283000e+00 -5.815929e-02 -1.341121e+00
1.650000e-01 -1.288000e+00 -2.175647e-01 -1.373258e+00 1.600000e-01 -1.283000e+00 -2.211388e-01 -1.374214e+00
1.700000e-01 -1.293000e+00 -2.138957e-01 -1.372506e+00 1.650000e-01 -1.288000e+00 -2.175647e-01 -1.373258e+00
-4.400000e-01 -1.283000e+00 -5.815929e-02 -1.341121e+00 -4.400000e-01 -1.273000e+00 -6.059689e-02 -1.340548e+00
1.600000e-01 -1.283000e+00 -2.211388e-01 -1.374214e+00 1.600000e-01 -1.273000e+00 -2.185701e-01 -1.373607e+00
-4.400000e-01 -1.273000e+00 -6.059689e-02 -1.340548e+00 -4.400000e-01 -1.263000e+00 -6.329227e-02 -1.339811e+00
1.600000e-01 -1.273000e+00 -2.185701e-01 -1.373607e+00 1.600000e-01 -1.263000e+00 -2.157527e-01 -1.372760e+00
-4.400000e-01 -1.263000e+00 -6.329227e-02 -1.339811e+00 -4.400000e-01 -1.253000e+00 -6.622941e-02 -1.338892e+00
1.600000e-01 -1.263000e+00 -2.157527e-01 -1.372760e+00 1.600000e-01 -1.253000e+00 -2.127077e-01 -1.371662e+00
-4.400000e-01 -1.253000e+00 -6.622941e-02 -1.338892e+00 -4.400000e-01 -1.243000e+00 -6.939131e-02 -1.337777e+00
1.550000e-01 -1.248000e+00 -2.154697e-01 -1.372605e+00 1.500000e-01 -1.243000e+00 -2.180761e-01 -1.373744e+00
1.600000e-01 -1.253000e+00 -2.127077e-01 -1.371662e+00 1.550000e-01 -1.248000e+00 -2.154697e-01 -1.372605e+00
-4.400000e-01 -1.243000e+00 -6.939131e-02 -1.337777e+00 -4.400000e-01 -1.233000e+00 -7.276041e-02 -1.336454e+00
1.500000e-01 -1.243000e+00 -2.180761e-01 -1.373744e+00 1.500000e-01 -1.233000e+00 -2.144427e-01 -1.372288e+00
-4.400000e-01 -1.233000e+00 -7.276041e-02 -1.336454e+00 -4.400000e-01 -1.223000e+00 -7.631862e-02 -1.334912e+00
1.500000e-01 -1.233000e+00 -2.144427e-01 -1.372288e+00 1.500000e-01 -1.223000e+00 -2.106436e-01 -1.370532e+00
-4.400000e-01 -1.223000e+00 -7.631862e-02 -1.334912e+00 -4.400000e-01 -1.213000e+00 -8.004785e-02 -1.333142e+00
1.500000e-01 -1.223000e+00 -2.106436e-01 -1.370532e+00 1.500000e-01 -1.213000e+00 -2.067013e-01 -1.368475e+00
-4.400000e-01 -1.213000e+00 -8.004785e-02 -1.333142e+00 -4.400000e-01 -1.203000e+00 -8.393002e-02 -1.331137e+00
1.450000e-01 -1.208000e+00 -2.085891e-01 -1.369326e+00 1.400000e-01 -1.203000e+00 -2.102744e-01 -1.370336e+00
1.500000e-01 -1.213000e+00 -2.067013e-01 -1.368475e+00 1.450000e-01 -1.208000e+00 -2.085891e-01 -1.369326e+00
-4.400000e-01 -1.203000e+00 -8.393002e-02 -1.331137e+00 -4.350000e-01 -1.198000e+00 -8.197897e-02 -1.332022e+00
-4.350000e-01 -1.198000e+00 -8.197897e-02 -1.332022e+00 -4.300000e-01 -1.193000e+00 -8.021780e-02 -1.333071e+00
1.400000e-01 -1.203000e+00 -2.102744e-01 -1.370336e+00 1.400000e-01 -1.193000e+00 -2.059049e-01 -1.367764e+00
-4.300000e-01 -1.193000e+00 -8.021780e-02 -1.333071e+00 -4.300000e-01 -1.183000e+00 -8.455282e-02 -1.330692e+00
1.350000e-01 -1.188000e+00 -2.072939e-01 -1.368541e+00 1.300000e-01 -1.183000e+00 -2.084569e-01 -1.369453e+00
1.400000e-01 -1.193000e+00 -2.059049e-01 -1.367764e+00 1.350000e-01 -1.188000e+00 -2.072939e-01 -1.368541e+00
-4.300000e-01 -1.183000e+00 -8.455282e-02 -1.330692e+00 -4.300000e-01 -1.173000e+00 -8.898544e-02 -1.328050e+00
1.300000e-01 -1.183000e+00 -2.084569e-01 -1.369453e+00 1.300000e-01 -1.173000e+00 -2.037552e-01 -1.366295e+00
-4.300000e-01 -1.173000e+00 -8.898544e-02 -1.328050e+00 -4.300000e-01 -1.163000e+00 -9.349840e-02 -1.325147e+00
1.300000e-01 -1.173000e+00 -2.037552e-01 -1.366295e+00 1.300000e-01 -1.163000e+00 -1.990249e-01 -1.362815e+00
-4.300000e-01 -1.163000e+00 -9.349840e-02 -1.325147e+00 -4.300000e-01 -1.153000e+00 -9.807538e-02 -1.321985e+00
1.250000e-01 -1.158000e+00 -1.998439e-01 -1.363290e+00 1.200000e-01 -1.153000e+00 -2.004232e-01 -1.363858e+00
1.300000e-01 -1.163000e+00 -1.990249e-01 -1.362815e+00 1.250000e-01 -1.158000e+00 -1.998439e-01 -1.363290e+00
-4.300000e-01 -1.153000e+00 -9.807538e-02 -1.321985e+00 -4.250000e-01 -1.148000e+00 -9.701346e-02 -1.322587e+00
-4.250000e-01 -1.148000e+00 -9.701346e-02 -1.322587e+00 -4.200000e-01 -1.143000e+00 -9.616999e-02 -1.323302e+00
1.200000e-01 -1.153000e+00 -2.004232e-01 -1.363858e+00 1.200000e-01 -1.143000e+00 -1.955098e-01 -1.359751e+00
-4.200000e-01 -1.143000e+00 -9.616999e-02 -1.323302e+00 -4.200000e-01 -1.133000e+00 -1.010096e-01 -1.319654e+00
1.150000e-01 -1.138000e+00 -1.959347e-01 -1.359989e+00 1.100000e-01 -1.133000e+00 -1.961147e-01 -1.360288e+00
1.200000e-01 -1.143000e+00 -1.955098e-01 -1.359751e+00 1.150000e-01 -1.138000e+00 -1.959347e-01 -1.359989e+00
-4.200000e-01 -1.133000e+00 -1.010096e-01 -1.319654e+00 -4.200000e-01 -1.123000e+00 -1.058617e-01 -1.315745e+00
1.100000e-01 -1.133000e+00 -1.961147e-01 -1.360288e+00 1.100000e-01 -1.123000e+00 -1.911204e-01 -1.355539e+00
-4.200000e-01 -1.123000e+00 -1.058617e-01 -1.315745e+00 -4.150000e-01 -1.118000e+00 -1.053041e-01 -1.316089e+00
-4.150000e-01 -1.118000e+00 -1.053041e-01 -1.316089e+00 -4.100000e-01 -1.113000e+00 -1.049722e-01 -1.316510e+00
1.050000e-01 -1.118000e+00 -1.912092e-01 -1.355488e+00 1.000000e-01 -1.113000e+00 -1.910551e-01 -1.355467e+00
1.100000e-01 -1.123000e+00 -1.911204e-01 -1.355539e+00 1.050000e-01 -1.118000e+00 -1.912092e-01 -1.355488e+00
-4.100000e-01 -1.113000e+00 -1.049722e-01 -1.316510e+00 -4.100000e-01 -1.103000e+00 -1.099674e-01 -1.312078e+00
1.000000e-01 -1.113000e+00 -1.910551e-01 -1.355467e+00 1.000000e-01 -1.103000e+00 -1.860763e-01 -1.350083e+00
-4.100000e-01 -1.103000e+00 -1.099674e-01 -1.312078e+00 -4.100000e-01 -1.093000e+00 -1.149305e-01 -1.307398e+00
9.500000e-02 -1.098000e+00 -1.858926e-01 -1.349705e+00 9.000000e-02 -1.093000e+00 -1.854751e-01 -1.349327e+00
1.000000e-01 -1.103000e+00 -1.860763e-01 -1.350083e+00 9.500000e-02 -1.098000e+00 -1.858926e-01 -1.349705e+00
-4.100000e-01 -1.093000e+00 -1.149305e-01 -1.307398e+00 -4.050000e-01 -1.088000e+00 -1.147757e-01 -1.307399e+00
-4.050000e-01 -1.088000e+00 -1.147757e-01 -1.307399e+00 -4.000000e-01 -1.083000e+00 -1.148423e-01 -1.307441e+00
8.500000e-02 -1.088000e+00 -1.850671e-01 -1.348770e+00 8.000000e-02 -1.083000e+00 -1.844284e-01 -1.348193e+00
9.000000e-02 -1.093000e+00 -1.854751e-01 -1.349327e+00 8.500000e-02 -1.088000e+00 -1.850671e-01 -1.348770e+00
-4.000000e-01 -1.083000e+00 -1.148423e-01 -1.307441e+00 -4.000000e-01 -1.073000e+00 -1.198365e-01 -1.302233e+00
8.000000e-02 -1.083000e+00 -1.844284e-01 -1.348193e+00 8.000000e-02 -1.073000e+00 -1.795972e-01 -1.341847e+00
-4.000000e-01 -1.073000e+00 -1.198365e-01 -1.302233e+00 -3.950000e-01 -1.068000e+00 -1.199596e-01 -1.301979e+00
-3.950000e-01 -1.068000e+00 -1.199596e-01 -1.301979e+00 -3.900000e-01 -1.063000e+00 -1.202981e-01 -1.301740e+00
7.500000e-02 -1.068000e+00 -1.790230e-01 -1.340918e+00 7.000000e-02 -1.063000e+00 -1.782364e-01 -1.339945e+00
8.000000e-02 -1.073000e+00 -1.795972e-01 -1.341847e+00 7.500000e-02 -1.068000e+00 -1.790230e-01 -1.340918e+00
-3.900000e-01 -1.063000e+00 -1.202981e-01 -1.301740e+00 -3.900000e-01 -1.053000e+00 -1.252481e-01 -1.296008e+00
6.500000e-02 -1.058000e+00 -1.775029e-01 -1.338801e+00 6.000000e-02 -1.053000e+00 -1.765664e-01 -1.337596e+00
7.000000e-02 -1.063000e+00 -1.782364e-01 -1.339945e+00 6.500000e-02 -1.058000e+00 -1.775029e-01 -1.338801e+00
-3.900000e-01 -1.053000e+00 -1.252481e-01 -1.296008e+00 -3.850000e-01 -1.048000e+00 -1.255933e-01 -1.295468e+00
-3.850000e-01 -1.048000e+00 -1.255933e-01 -1.295468e+00 -3.800000e-01 -1.043000e+00 -1.261430e-01 -1.294919e+00
6.000000e-02 -1.053000e+00 -1.765664e-01 -1.337596e+00 6.000000e-02 -1.043000e+00 -1.720829e-01 -1.330370e+00
-3.800000e-01 -1.043000e+00 -1.261430e-01 -1.294919e+00 -3.800000e-01 -1.033000e+00 -1.309812e-01 -1.288678e+00
5.500000e-02 -1.038000e+00 -1.712884e-01 -1.328842e+00 5.000000e-02 -1.033000e+00 -1.703149e-01 -1.327235e+00
6.000000e-02 -1.043000e+00 -1.720829e-01 -1.330370e+00 5.500000e-02 -1.038000e+00 -1.712884e-01 -1.328842e+00
-3.800000e-01 -1.033000e+00 -1.309812e-01 -1.288678e+00 -3.750000e-01 -1.028000e+00 -1.314915e-01 -1.287830e+00
-3.750000e-01 -1.028000e+00 -1.314915e-01 -1.287830e+00 -3.700000e-01 -1.023000e+00 -1.321907e-01 -1.286951e+00
4.500000e-02 -1.028000e+00 -1.694276e-01 -1.325478e+00 4.000000e-02 -1.023000e+00 -1.683752e-01 -1.323628e+00
5.000000e-02 -1.033000e+00 -1.703149e-01 -1.327235e+00 4.500000e-02 -1.028000e+00 -1.694276e-01 -1.325478e+00
-3.700000e-01 -1.023000e+00 -1.321907e-01 -1.286951e+00 -3.650000e-01 -1.018000e+00 -1.328522e-01 -1.285924e+00
-3.650000e-01 -1.018000e+00 -1.328522e-01 -1.285924e+00 -3.600000e-01 -1.013000e+00 -1.336940e-01 -1.284852e+00
3.500000e-02 -1.018000e+00 -1.674211e-01 -1.321635e+00 3.000000e-02 -1.013000e+00 -1.663171e-01 -1.319539e+00
4.000000e-02 -1.023000e+00 -1.683752e-01 -1.323628e+00 3.500000e-02 -1.018000e+00 -1.674211e-01 -1.321635e+00
-3.600000e-01 -1.013000e+00 -1.336940e-01 -1.284852e+00 -3.600000e-01 -1.003000e+00 -1.382682e-01 -1.277840e+00
2.500000e-02 -1.008000e+00 -1.653219e-01 -1.317310e+00 2.000000e-02 -1.003000e+00 -1.641931e-01 -1.314967e+00
3.000000e-02 -1.013000e+00 -1.663171e-01 -1.319539e+00 2.500000e-02 -1.008000e+00 -1.653219e-01 -1.317310e+00
-3.600000e-01 -1.003000e+00 -1.382682e-01 -1.277840e+00 -3.550000e-01 -9.980000e-01 -1.390018e-01 -1.276481e+00
-3.550000e-01 -9.980000e-01 -1.390018e-01 -1.276481e+00 -3.500000e-01 -9.930000e-01 -1.398949e-01 -1.275060e+00
1.500000e-02 -9.980000e-01 -1.631819e-01 -1.312500e+00 1.000000e-02 -9.930000e-01 -1.620542e-01 -1.309912e+00
2.000000e-02 -1.003000e+00 -1.641931e-01 -1.314967e+00 1.500000e-02 -9.980000e-01 -1.631819e-01 -1.312500e+00
-3.500000e-01 -9.930000e-01 -1.398949e-01 -1.275060e+00 -3.450000e-01 -9.880000e-01 -1.407194e-01 -1.273501e+00
-3.450000e-01 -9.880000e-01 -1.407194e-01 -1.273501e+00 -3.400000e-01 -9.830000e-01 -1.416910e-01 -1.271868e+00
5.000000e-03 -9.880000e-01 -1.610510e-01 -1.307212e+00 6.591949e-17 -9.830000e-01 -1.599488e-01 -1.304384e+00
1.000000e-02 -9.930000e-01 -1.620542e-01 -1.309912e+00 5.000000e-03 -9.880000e-01 -1.610510e-01 -1.307212e+00
-3.400000e-01 -9.830000e-01 -1.416910e-01 -1.271868e+00 -3.350000e-01 -9.780000e-01 -1.425823e-01 -1.270102e+00
-3.350000e-01 -9.780000e-01 -1.425823e-01 -1.270102e+00 -3.300000e-01 -9.730000e-01 -1.436066e-01 -1.268250e+00
-5.000000e-03 -9.780000e-01 -1.589760e-01 -1.301455e+00 -1.000000e-02 -9.730000e-01 -1.579219e-01 -1.298394e+00
6.591949e-17 -9.830000e-01 -1.599488e-01 -1.304384e+00 -5.000000e-03 -9.780000e-01 -1.589760e-01 -1.301455e+00
-3.300000e-01 -9.730000e-01 -1.436066e-01 -1.268250e+00 -3.250000e-01 -9.680000e-01 -1.445404e-01 -1.266271e+00
-3.250000e-01 -9.680000e-01 -1.445404e-01 -1.266271e+00 -3.200000e-01 -9.630000e-01 -1.455920e-01 -1.264198e+00
-1.500000e-02 -9.680000e-01 -1.570005e-01 -1.295241e+00 -2.000000e-02 -9.630000e-01 -1.560153e-01 -1.291956e+00
-1.000000e-02 -9.730000e-01 -1.579219e-01 -1.298394e+00 -1.500000e-02 -9.680000e-01 -1.570005e-01 -1.295241e+00
-3.200000e-01 -9.630000e-01 -1.455920e-01 -1.264198e+00 -3.150000e-01 -9.580000e-01 -1.465442e-01 -1.262004e+00
-3.150000e-01 -9.580000e-01 -1.465442e-01 -1.262004e+00 -3.100000e-01 -9.530000e-01 -1.475983e-01 -1.259706e+00
-3.500000e-02 -9.580000e-01 -1.557576e-01 -1.290980e+00 -4.000000e-02 -9.530000e-01 -1.548246e-01 -1.287340e+00
-3.500000e-02 -9.580000e-01 -1.557576e-01 -1.290980e+00 -2.500000e-02 -9.580000e-01 -1.551644e-01 -1.288590e+00
-2.000000e-02 -9.630000e-01 -1.560153e-01 -1.291956e+00 -2.500000e-02 -9.580000e-01 -1.551644e-01 -1.288590e+00
-3.100000e-01 -9.530000e-01 -1.475983e-01 -1.259706e+00 -3.050000e-01 -9.480000e-01 -1.485456e-01 -1.257297e+00
-3.050000e-01 -9.480000e-01 -1.485456e-01 -1.257297e+00 -2.950000e-01 -9.480000e-01 -1.470973e-01 -1.260812e+00
-2.950000e-01 -9.480000e-01 -1.470973e-01 -1.260812e+00 -2.900000e-01 -9.430000e-01 -1.482063e-01 -1.258175e+00
-4.500000e-02 -9.480000e-01 -1.540304e-01 -1.283636e+00 -5.000000e-02 -9.430000e-01 -1.532176e-01 -1.279794e+00
-4.000000e-02 -9.530000e-01 -1.548246e-01 -1.287340e+00 -4.500000e-02 -9.480000e-01 -1.540304e-01 -1.283636e+00
-2.900000e-01 -9.430000e-01 -1.482063e-01 -1.258175e+00 -2.850000e-01 -9.380000e-01 -1.491954e-01 -1.255436e+00
-2.850000e-01 -9.380000e-01 -1.491954e-01 -1.255436e+00 -2.800000e-01 -9.330000e-01 -1.502434e-01 -1.252575e+00
-6.500000e-02 -9.380000e-01 -1.528356e-01 -1.277553e+00 -7.000000e-02 -9.330000e-01 -1.521651e-01 -1.273386e+00
-6.500000e-02 -9.380000e-01 -1.528356e-01 -1.277553e+00 -5.500000e-02 -9.380000e-01 -1.525412e-01 -1.275898e+00
-5.000000e-02 -9.430000e-01 -1.532176e-01 -1.279794e+00 -5.500000e-02 -9.380000e-01 -1.525412e-01 -1.275898e+00
-2.800000e-01 -9.330000e-01 -1.502434e-01 -1.252575e+00 -2.750000e-01 -9.280000e-01 -1.511681e-01 -1.249622e+00
-2.750000e-01 -9.280000e-01 -1.511681e-01 -1.249622e+00 -2.650000e-01 -9.280000e-01 -1.501952e-01 -1.252530e+00
-2.650000e-01 -9.280000e-01 -1.501952e-01 -1.252530e+00 -2.600000e-01 -9.230000e-01 -1.511925e-01 -1.249323e+00
-8.500000e-02 -9.280000e-01 -1.517837e-01 -1.270362e+00 -9.000000e-02 -9.230000e-01 -1.513065e-01 -1.265892e+00
-8.500000e-02 -9.280000e-01 -1.517837e-01 -1.270362e+00 -7.500000e-02 -9.280000e-01 -1.516290e-01 -1.269180e+00
-7.000000e-02 -9.330000e-01 -1.521651e-01 -1.273386e+00 -7.500000e-02 -9.280000e-01 -1.516290e-01 -1.269180e+00
-2.600000e-01 -9.230000e-01 -1.511925e-01 -1.249323e+00 -2.550000e-01 -9.180000e-01 -1.520599e-01 -1.246037e+00
-2.550000e-01 -9.180000e-01 -1.520599e-01 -1.246037e+00 -2.450000e-01 -9.180000e-01 -1.513283e-01 -1.248533e+00
-2.450000e-01 -9.180000e-01 -1.513283e-01 -1.248533e+00 -2.350000e-01 -9.180000e-01 -1.507688e-01 -1.250861e+00
-2.350000e-01 -9.180000e-01 -1.507688e-01 -1.250861e+00 -2.250000e-01 -9.180000e-01 -1.503671e-01 -1.253010e+00
-2.250000e-01 -9.180000e-01 -1.503671e-01 -1.253010e+00 -2.200000e-01 -9.130000e-01 -1.512161e-01 -1.249187e+00
-1.250000e-01 -9.180000e-01 -1.509978e-01 -1.262865e+00 -1.300000e-01 -9.130000e-01 -1.509118e-01 -1.257884e+00
-1.250000e-01 -9.180000e-01 -1.509978e-01 -1.262865e+00 -1.150000e-01 -9.180000e-01 -1.510723e-01 -1.262600e+00
-1.150000e-01 -9.180000e-01 -1.510723e-01 -1.262600e+00 -1.050000e-01 -9.180000e-01 -1.510654e-01 -1.262109e+00
-1.050000e-01 -9.180000e-01 -1.510654e-01 -1.262109e+00 -9.500000e-02 -9.180000e-01 -1.509578e-01 -1.261399e+00
-9.000000e-02 -9.230000e-01 -1.513065e-01 -1.265892e+00 -9.500000e-02 -9.180000e-01 -1.509578e-01 -1.261399e+00
-2.200000e-01 -9.130000e-01 -1.512161e-01 -1.249187e+00 -2.150000e-01 -9.080000e-01 -1.519288e-01 -1.245310e+00
-2.150000e-01 -9.080000e-01 -1.519288e-01 -1.245310e+00 -2.050000e-01 -9.080000e-01 -1.515939e-01 -1.246996e+00
-2.050000e-01 -9.080000e-01 -1.515939e-01 -1.246996e+00 -1.950000e-01 -9.080000e-01 -1.513576e-01 -1.248482e+00
-1.950000e-01 -9.080000e-01 -1.513576e-01 -1.248482e+00 -1.850000e-01 -9.080000e-01 -1.512016e-01 -1.249760e+00
-1.850000e-01 -9.080000e-01 -1.512016e-01 -1.249760e+00 -1.750000e-01 -9.080000e-01 -1.511066e-01 -1.250827e+00
-1.750000e-01 -9.080000e-01 -1.511066e-01 -1.250827e+00 -1.650000e-01 -9.080000e-01 -1.510530e-01 -1.251677e+00
-1.650000e-01 -9.080000e-01 -1.510530e-01 -1.251677e+00 -1.550000e-01 -9.080000e-01 -1.510208e-01 -1.252307e+00
-1.550000e-01 -9.080000e-01 -1.510208e-01 -1.252307e+00 -1.450000e-01 -9.080000e-01 -1.509896e-01 -1.252715e+00
-1.450000e-01 -9.080000e-01 -1.509896e-01 -1.252715e+00 -1.350000e-01 -9.080000e-01 -1.509392e-01 -1.252902e+00
-1.300000e-01 -9.130000e-01 -1.509118e-01 -1.257884e+00 -1.350000e-01 -9.080000e-01 -1.509392e-01 -1.252902e+00
-1.315808e-01 -1.357721e+00 -5.172671e-01 -1.373164e+00 -1.315808e-01 -1.357721e+00 -5.165339e-01 -1.394178e+00
-1.315808e-01 -1.357721e+00 -5.165339e-01 -1.394178e+00 -1.315808e-01 -1.357721e+00 -5.143457e-01 -1.415001e+00
-1.315808e-01 -1.357721e+00 -5.143457e-01 -1.415001e+00 -1.315808e-01 -1.357721e+00 -5.107156e-01 -1.435588e+00
-1.315808e-01 -1.357721e+00 -5.107156e-01 -1.435588e+00 -1.315808e-01 -1.357721e+00 -5.056519e-01 -1.455896e+00
-1.315808e-01 -1.357721e+00 -5.056519e-01 -1.455896e+00 -1.315808e-01 -1.357721e+00 -4.991581e-01 -1.475880e+00
-1.315808e-01 -1.357721e+00 -4.991581e-01 -1.475880e+00 -1.315808e-01 -1.357721e+00 -4.912336e-01 -1.495491e+00
-1.315808e-01 -1.357721e+00 -4.912336e-01 -1.495491e+00 -1.315808e-01 -1.357721e+00 -4.818731e-01 -1.514680e+00
-1.315808e-01 -1.357721e+00 -4.818731e-01 -1.514680e+00 -1.315808e-01 -1.357721e+00 -4.710682e-01 -1.533392e+00
-1.315808e-01 -1.357721e+00 -4.710682e-01 -1.533392e+00 -1.315808e-01 -1.357721e+00 -4.588068e-01 -1.551566e+00
-1.315808e-01 -1.357721e+00 -4.588068e-01 -1.551566e+00 -1.315808e-01 -1.357721e+00 -4.450749e-01 -1.569138e+00
-1.315808e-01 -1.357721e+00 -4.450749e-01 -1.569138e+00 -1.315808e-01 -1.357721e+00 -4.298568e-01 -1.586036e+00
-1.315808e-01 -1.357721e+00 -4.298568e-01 -1.586036e+00 -1.315808e-01 -1.357721e+00 -4.131373e-01 -1.602177e+00
-1.315808e-01 -1.357721e+00 -4.131373e-01 -1.602177e+00 -1.315808e-01 -1.357721e+00 -3.949031e-01 -1.617473e+00
-1.315808e-01 -1.357721e+00 -3.949031e-01 -1.617473e+00 -1.315808e-01 -1.357721e+00 -3.751458e-01 -1.631823e+00
-1.315808e-01 -1.357721e+00 -3.751458e-01 -1.631823e+00 -1.315808e-01 -1.357721e+00 -3.538647e-01 -1.645116e+00
-1.315808e-01 -1.357721e+00 -3.538647e-01 -1.645116e+00 -1.315808e-01 -1.357721e+00 -3.310717e-01 -1.657230e+00
-1.315808e-01 -1.357721e+00 -3.310717e-01 -1.657230e+00 -1.315808e-01 -1.357721e+00 -3.067962e-01 -1.668034e+00
-1.315808e-01 -1.357721e+00 -3.067962e-01 -1.668034e+00 -1.315808e-01 -1.357721e+00 -2.810914e-01 -1.677385e+00
-1.315808e-01 -1.357721e+00 -2.810914e-01 -1.677385e+00 -1.315808e-01 -1.357721e+00 -2.540409e-01 -1.685136e+00
-1.315808e-01 -1.357721e+00 -2.540409e-01 -1.685136e+00 -1.315808e-01 -1.357721e+00 -2.257659e-01 -1.691142e+00
-1.315808e-01 -1.357721e+00 -2.257659e-01 -1.691142e+00 -1.315808e-01 -1.357721e+00 -1.964306e-01 -1.695261e+00
-1.315808e-01 -1.357721e+00 -1.964306e-01 -1.695261e+00 -1.315808e-01 -1.357721e+00 -1.662461e-01 -1.697368e+00
-1.315808e-01 -1.357721e+00 -1.662461e-01 -1.697368e+00 -1.315808e-01 -1.357721e+00 -1.354695e-01 -1.697366e+00
-1.315808e-01 -1.357721e+00 -1.354695e-01 -1.697366e+00 -1.315808e-01 -1.357721e+00 -1.043980e-01 -1.695191e+00
-1.315808e-01 -1.357721e+00 -1.043980e-01 -1.695191e+00 -1.315808e-01 -1.357721e+00 -7.335712e-02 -1.690828e+00
-1.315808e-01 -1.357721e+00 -7.335712e-02 -1.690828e+00 -1.315808e-01 -1.357721e+00 -4.268400e-02 -1.684309e+00
-1.315808e-01 -1.357721e+00 -4.268400e-02 -1.684309e+00 -1.315808e-01 -1.357721e+00 -1.270821e-02 -1.675715e+00
-1.315808e-01 -1.357721e+00 -1.270821e-02 -1.675715e+00 -1.315808e-01 -1.357721e+00 1.626675e-02 -1.665172e+00
-1.315808e-01 -1.357721e+00 1.626675e-02 -1.665172e+00 -1.315808e-01 -1.357721e+00 4.397816e-02 -1.652837e+00
-1.315808e-01 -1.357721e+00 4.397816e-02 -1.652837e+00 -1.315808e-01 -1.357721e+00 7.021296e-02 -1.638892e+00
-1.315808e-01 -1.357721e+00 7.021296e-02 -1.638892e+00 -1.315808e-01 -1.357721e+00 9.481053e-02 -1.623527e+00
-1.315808e-01 -1.357721e+00 9.481053e-02 -1.623527e+00 -1.315808e-01 -1.357721e+00 1.176601e-01 -1.606932e+00
-1.315808e-01 -1.357721e+00 1.176601e-01 -1.606932e+00 -1.315808e-01 -1.357721e+00 1.386948e-01 -1.589287e+00
-1.315808e-01 -1.357721e+00 1.386948e-01 -1.589287e+00 -1.315808e-01 -1.357721e+00 1.578836e-01 -1.570763e+00
-1.315808e-01 -1.357721e+00 1.578836e-01 -1.570763e+00 -1.315808e-01 -1.357721e+00 1.752231e-01 -1.551512e+00
-1.315808e-01 -1.357721e+00 1.752231e-01 -1.551512e+00 -1.315808e-01 -1.357721e+00 1.907303e-01 -1.531671e+00
-1.315808e-01 -1.357721e+00 1.907303e-01 -1.531671e+00 -1.315808e-01 -1.357721e+00 2.044353e-01 -1.511359e+00
-1.315808e-01 -1.357721e+00 2.044353e-01 -1.511359e+00 -1.315808e-01 -1.357721e+00 2.163769e-01 -1.490682e+00
-1.315808e-01 -1.357721e+00 2.163769e-01 -1.490682e+00 -1.315808e-01 -1.357721e+00 2.265977e-01 -1.469734e+00
-1.315808e-01 -1.357721e+00 2.265977e-01 -1.469734e+00 -1.315808e-01 -1.357721e+00 2.351418e-01 -1.448594e+00
-1.315808e-01 -1.357721e+00 2.351418e-01 -1.448594e+00 -1.315808e-01 -1.357721e+00 2.420521e-01 -1.427334e+00
-1.315808e-01 -1.357721e+00 2.420521e-01 -1.427334e+00 -1.315808e-01 -1.357721e+00 2.473690e-01 -1.406018e+00
-1.315808e-01 -1.357721e+00 2.473690e-01 -1.406018e+00 -1.315808e-01 -1.357721e+00 2.511293e-01 -1.384702e+00
-1.315808e-01 -1.357721e+00 2.511293e-01 -1.384702e+00 -1.315808e-01 -1.357721e+00 2.533654e-01 -1.363439e+00
-1.315808e-01 -1.357721e+00 2.533654e-01 -1.363439e+00 -1.315808e-01 -1.357721e+00 2.541054e-01 -1.342278e+00
-1.315808e-01 -1.357721e+00 2.541054e-01 -1.342278e+00 -1.315808e-01 -1.357721e+00 2.533723e-01 -1.321264e+00
-1.315808e-01 -1.357721e+00 2.533723e-01 -1.321264e+00 -1.315808e-01 -1.357721e+00 2.511841e-01 -1.300441e+00
-1.315808e-01 -1.357721e+00 2.511841e-01 -1.300441e+00 -1.315808e-01 -1.357721e+00 2.475540e-01 -1.279853e+00
-1.315808e-01 -1.357721e+00 2.475540e-01 -1.279853e+00 -1.315808e-01 -1.357721e+00 2.424902e-01 -1.259545e+00
-1.315808e-01 -1.357721e+00 2.424902e-01 -1.259545e+00 -1.315808e-01 -1.357721e+00 2.359965e-01 -1.239561e+00
-1.315808e-01 -1.357721e+00 2.359965e-01 -1.239561e+00 -1.315808e-01 -1.357721e+00 2.280719e-01 -1.219950e+00
-1.315808e-01 -1.357721e+00 2.280719e-01 -1.219950e+00 -1.315808e-01 -1.357721e+00 2.187115e-01 -1.200761e+00
-1.315808e-01 -1.357721e+00 2.187115e-01 -1.200761e+00 -1.315808e-01 -1.357721e+00 2.079065e-01 -1.182050e+00
-1.315808e-01 -1.357721e+00 2.079065e-01 -1.182050e+00 -1.315808e-01 -1.357721e+00 1.956452e-01 -1.163875e+00
-1.315808e-01 -1.357721e+00 1.956452e-01 -1.163875e+00 -1.315808e-01 -1.357721e+00 1.819132e-01 -1.146303e+00
-1.315808e-01 -1.357721e+00 1.819132e-01 -1.146303e+00 -1.315808e-01 -1.357721e+00 1.666952e-01 -1.129406e+00
-1.315808e-01 -1.357721e+00 1.666952e-01 -1.129406e+00 -1.315808e-01 -1.357721e+00 1.499757e-01 -1.113264e+00
-1.315808e-01 -1.357721e+00 1.499757e-01 -1.113264e+00 -1.315808e-01 -1.357721e+00 1.317415e-01 -1.097968e+00
-1.315808e-01 -1.357721e+00 1.317415e-01 -1.097968e+00 -1.315808e-01 -1.357721e+00 1.119841e-01 -1.083619e+00
-1.315808e-01 -1.357721e+00 1.119841e-01 -1.083619e+00 -1.315808e-01 -1.357721e+00 9.070301e-02 -1.070325e+00
-1.315808e-01 -1.357721e+00 9.070301e-02 -1.070325e+00 -1.315808e-01 -1.357721e+00 6.791004e-02 -1.058211e+00
-1.315808e-01 -1.357721e+00 6.791004e-02 -1.058211e+00 -1.315808e-01 -1.357721e+00 4.363458e-02 -1.047408e+00
-1.315808e-01 -1.357721e+00 4.363458e-02 -1.047408e+00 -1.315808e-01 -1.357721e+00 1.792976e-02 -1.038057e+00
-1.315808e-01 -1.357721e+00 1.792976e-02 -1.038057e+00 -1.315808e-01 -1.357721e+00 -9.120732e-03 -1.030305e+00
-1.315808e-01 -1.357721e+00 -9.120732e-03 -1.030305e+00 -1.315808e-01 -1.357721e+00 -3.739580e-02 -1.024299e+00
-1.315808e-01 -1.357721e+00 -3.739580e-02 -1.024299e+00 -1.315808e-01 -1.357721e+00 -6.673109e-02 -1.020181e+00
-1.315808e-01 -1.357721e+00 -6.673109e-02 -1.020181e+00 -1.315808e-01 -1.357721e+00 -9.691558e-02 -1.018073e+00
-1.315808e-01 -1.357721e+00 -9.691558e-02 -1.018073e+00 -1.315808e-01 -1.357721e+00 -1.276922e-01 -1.018076e+00
-1.315808e-01 -1.357721e+00 -1.276922e-01 -1.018076e+00 -1.315808e-01 -1.357721e+00 -1.587637e-01 -1.020250e+00
-1.315808e-01 -1.357721e+00 -1.587637e-01 -1.020250e+00 -1.315808e-01 -1.357721e+00 -1.898045e-01 -1.024614e+00
-1.315808e-01 -1.357721e+00 -1.898045e-01 -1.024614e+00 -1.315808e-01 -1.357721e+00 -2.204777e-01 -1.031133e+00
-1.315808e-01 -1.357721e+00 -2.204777e-01 -1.031133e+00 -1.315808e-01 -1.357721e+00 -2.504534e-01 -1.039727e+00
-1.315808e-01 -1.357721e+00 -2.504534e-01 -1.039727e+00 -1.315808e-01 -1.357721e+00 -2.794284e-01 -1.050270e+00
-1.315808e-01 -1.357721e+00 -2.794284e-01 -1.050270e+00 -1.315808e-01 -1.357721e+00 -3.071398e-01 -1.062604e+00
-1.315808e-01 -1.357721e+00 -3.071398e-01 -1.062604e+00 -1.315808e-01 -1.357721e+00 -3.333746e-01 -1.076549e+00
-1.315808e-01 -1.357721e+00 -3.333746e-01 -1.076549e+00 -1.315808e-01 -1.357721e+00 -3.579722e-01 -1.091914e+00
-1.315808e-01 -1.357721e+00 -3.579722e-01 -1.091914e+00 -1.315808e-01 -1.357721e+00 -3.808218e-01 -1.108510e+00
-1.315808e-01 -1.357721e+00 -3.808218e-01 -1.108510e+00 -1.315808e-01 -1.357721e+00 -4.018564e-01 -1.126154e+00
-1.315808e-01 -1.357721e+00 -4.018564e-01 -1.126154e+00 -1.315808e-01 -1.357721e+00 -4.210452e-01 -1.144678e+00
-1.315808e-01 -1.357721e+00 -4.210452e-01 -1.144678e+00 -1.315808e-01 -1.357721e+00 -4.383848e-01 -1.163929e+00
-1.315808e-01 -1.357721e+00 -4.383848e-01 -1.163929e+00 -1.315808e-01 -1.357721e+00 -4.538919e-01 -1.183771e+00
-1.315808e-01 -1.357721e+00 -4.538919e-01 -1.183771e+00 -1.315808e-01 -1.357721e+00 -4.675970e-01 -1.204083e+00
-1.315808e-01 -1.357721e+00 -4.675970e-01 -1.204083e+00 -1.315808e-01 -1.357721e+00 -4.795385e-01 -1.224759e+00
-1.315808e-01 -1.357721e+00 -4.795385e-01 -1.224759e+00 -1.315808e-01 -1.357721e+00 -4.897594e-01 -1.245708e+00
-1.315808e-01 -1.357721e+00 -4.897594e-01 -1.245708e+00 -1.315808e-01 -1.357721e+00 -4.983035e-01 -1.266848e+00
-1.315808e-01 -1.357721e+00 -4.983035e-01 -1.266848e+00 -1.315808e-01 -1.357721e+00 -5.052138e-01 -1.288108e+00
-1.315808e-01 -1.357721e+00 -5.052138e-01 -1.288108e+00 -1.315808e-01 -1.357721e+00 -5.105307e-01 -1.309424e+00
-1.315808e-01 -1.357721e+00 -5.105307e-01 -1.309424e+00 -1.315808e-01 -1.357721e+00 -5.142909e-01 -1.330739e+00
-1.315808e-01 -1.357721e+00 -5.142909e-01 -1.330739e+00 -1.315808e-01 -1.357721e+00 -5.165271e-01 -1.352002e+00
-1.315808e-01 -1.357721e+00 -5.165271e-01 -1.352002e+00 -1.315808e-01 -1.357721e+00 -5.172671e-01 -1.373164e+00
