-6.440000e-01 -1.034000e+00 4.196697e-03 -9.703924e-01 -6.440000e-01 -1.024000e+00 6.312126e-03 -9.699021e-01
6.060000e-01 -1.034000e+00 -3.750080e-02 -7.838471e-01 6.110000e-01 -1.029000e+00 -3.409654e-02 -7.847857e-01
6.110000e-01 -1.029000e+00 -3.409654e-02 -7.847857e-01 6.160000e-01 -1.024000e+00 -3.063893e-02 -7.856269e-01
-6.440000e-01 -1.024000e+00 6.312126e-03 -9.699021e-01 -6.440000e-01 -1.014000e+00 8.294993e-03 -9.694434e-01
6.160000e-01 -1.024000e+00 -3.063893e-02 -7.856269e-01 6.160000e-01 -1.014000e+00 -3.295767e-02 -7.850280e-01
-6.440000e-01 -1.014000e+00 8.294993e-03 -9.694434e-01 -6.390000e-01 -1.009000e+00 1.404041e-02 -9.683030e-01
-6.390000e-01 -1.009000e+00 1.404041e-02 -9.683030e-01 -6.340000e-01 -1.004000e+00 1.980502e-02 -9.672041e-01
6.160000e-01 -1.014000e+00 -3.295767e-02 -7.850280e-01 6.210000e-01 -1.009000e+00 -2.930468e-02 -7.859013e-01
6.210000e-01 -1.009000e+00 -2.930468e-02 -7.859013e-01 6.260000e-01 -1.004000e+00 -2.560668e-02 -7.866768e-01
-6.340000e-01 -1.004000e+00 1.980502e-02 -9.672041e-01 -6.340000e-01 -9.940000e-01 2.156777e-02 -9.669305e-01
6.260000e-01 -1.004000e+00 -2.560668e-02 -7.866768e-01 6.260000e-01 -9.940000e-01 -2.760081e-02 -7.862497e-01
-6.340000e-01 -9.940000e-01 2.156777e-02 -9.669305e-01 -6.340000e-01 -9.840000e-01 2.318871e-02 -9.666730e-01
6.260000e-01 -9.940000e-01 -2.760081e-02 -7.862497e-01 6.310000e-01 -9.890000e-01 -2.370779e-02 -7.870359e-01
6.310000e-01 -9.890000e-01 -2.370779e-02 -7.870359e-01 6.360000e-01 -9.840000e-01 -1.977793e-02 -7.877251e-01
-6.340000e-01 -9.840000e-01 2.318871e-02 -9.666730e-01 -6.340000e-01 -9.740000e-01 2.466661e-02 -9.664253e-01
6.360000e-01 -9.840000e-01 -1.977793e-02 -7.877251e-01 6.360000e-01 -9.740000e-01 -2.144108e-02 -7.874356e-01
-6.340000e-01 -9.740000e-01 2.466661e-02 -9.664253e-01 -6.290000e-01 -9.690000e-01 3.024203e-02 -9.656367e-01
-6.290000e-01 -9.690000e-01 3.024203e-02 -9.656367e-01 -6.240000e-01 -9.640000e-01 3.583355e-02 -9.649013e-01
6.360000e-01 -9.740000e-01 -2.144108e-02 -7.874356e-01 6.410000e-01 -9.690000e-01 -1.731882e-02 -7.881148e-01
6.410000e-01 -9.690000e-01 -1.731882e-02 -7.881148e-01 6.460000e-01 -9.640000e-01 -1.316759e-02 -7.886987e-01
-6.240000e-01 -9.640000e-01 3.583355e-02 -9.649013e-01 -6.240000e-01 -9.540000e-01 3.705837e-02 -9.648030e-01
6.460000e-01 -9.640000e-01 -1.316759e-02 -7.886987e-01 6.460000e-01 -9.540000e-01 -1.449689e-02 -7.885128e-01
-6.240000e-01 -9.540000e-01 3.705837e-02 -9.648030e-01 -6.240000e-01 -9.440000e-01 3.813316e-02 -9.646969e-01
6.460000e-01 -9.540000e-01 -1.449689e-02 -7.885128e-01 6.510000e-01 -9.490000e-01 -1.015791e-02 -7.890671e-01
6.510000e-01 -9.490000e-01 -1.015791e-02 -7.890671e-01 6.560000e-01 -9.440000e-01 -5.797404e-03 -7.895289e-01
-6.240000e-01 -9.440000e-01 3.813316e-02 -9.646969e-01 -6.240000e-01 -9.340000e-01 3.905757e-02 -9.645767e-01
6.560000e-01 -9.440000e-01 -5.797404e-03 -7.895289e-01 6.560000e-01 -9.340000e-01 -6.793636e-03 -7.894131e-01
-6.240000e-01 -9.340000e-01 3.905757e-02 -9.645767e-01 -6.190000e-01 -9.290000e-01 4.441388e-02 -9.641195e-01
-6.190000e-01 -9.290000e-01 4.441388e-02 -9.641195e-01 -6.140000e-01 -9.240000e-01 4.978081e-02 -9.637266e-01
6.560000e-01 -9.340000e-01 -6.793636e-03 -7.894131e-01 6.610000e-01 -9.290000e-01 -2.251698e-03 -7.898267e-01
6.610000e-01 -9.290000e-01 -2.251698e-03 -7.898267e-01 6.660000e-01 -9.240000e-01 2.304903e-03 -7.901515e-01
-6.140000e-01 -9.240000e-01 4.978081e-02 -9.637266e-01 -6.140000e-01 -9.140000e-01 5.042394e-02 -9.637119e-01
6.660000e-01 -9.240000e-01 2.304903e-03 -7.901515e-01 6.660000e-01 -9.140000e-01 1.637808e-03 -7.900734e-01
-6.140000e-01 -9.140000e-01 5.042394e-02 -9.637119e-01 -6.140000e-01 -9.040000e-01 5.091270e-02 -9.636639e-01
6.660000e-01 -9.140000e-01 1.637808e-03 -7.900734e-01 6.660000e-01 -9.040000e-01 1.124791e-03 -7.900799e-01
-6.140000e-01 -9.040000e-01 5.091270e-02 -9.636639e-01 -6.090000e-01 -8.990000e-01 5.607435e-02 -9.634524e-01
-6.090000e-01 -8.990000e-01 5.607435e-02 -9.634524e-01 -6.040000e-01 -8.940000e-01 6.124100e-02 -9.633134e-01
6.660000e-01 -9.040000e-01 1.124791e-03 -7.900799e-01 6.710000e-01 -8.990000e-01 5.940195e-03 -7.903002e-01
6.710000e-01 -8.990000e-01 5.940195e-03 -7.903002e-01 6.760000e-01 -8.940000e-01 1.076144e-02 -7.904370e-01
-6.040000e-01 -8.940000e-01 6.124100e-02 -9.633134e-01 -6.040000e-01 -8.840000e-01 6.142947e-02 -9.633340e-01
6.760000e-01 -8.940000e-01 1.076144e-02 -7.904370e-01 6.760000e-01 -8.840000e-01 1.057124e-02 -7.904359e-01
-6.040000e-01 -8.840000e-01 6.142947e-02 -9.633340e-01 -6.040000e-01 -8.740000e-01 6.146214e-02 -9.633012e-01
6.760000e-01 -8.840000e-01 1.057124e-02 -7.904359e-01 6.810000e-01 -8.790000e-01 1.555431e-02 -7.904837e-01
6.810000e-01 -8.790000e-01 1.555431e-02 -7.904837e-01 6.860000e-01 -8.740000e-01 2.053786e-02 -7.904533e-01
-6.040000e-01 -8.740000e-01 6.146214e-02 -9.633012e-01 -5.990000e-01 -8.690000e-01 6.640039e-02 -9.633156e-01
-5.990000e-01 -8.690000e-01 6.640039e-02 -9.633156e-01 -5.940000e-01 -8.640000e-01 7.133661e-02 -9.634097e-01
6.860000e-01 -8.740000e-01 2.053786e-02 -7.904533e-01 6.860000e-01 -8.640000e-01 2.065970e-02 -7.904160e-01
-5.940000e-01 -8.640000e-01 7.133661e-02 -9.634097e-01 -5.940000e-01 -8.540000e-01 7.105450e-02 -9.634050e-01
6.860000e-01 -8.640000e-01 2.065970e-02 -7.904160e-01 6.860000e-01 -8.540000e-01 2.093704e-02 -7.904282e-01
-5.940000e-01 -8.540000e-01 7.105450e-02 -9.634050e-01 -5.890000e-01 -8.490000e-01 7.582627e-02 -9.635838e-01
-5.890000e-01 -8.490000e-01 7.582627e-02 -9.635838e-01 -5.840000e-01 -8.440000e-01 8.059066e-02 -9.638473e-01
6.860000e-01 -8.540000e-01 2.093704e-02 -7.904282e-01 6.910000e-01 -8.490000e-01 2.614440e-02 -7.902388e-01
6.910000e-01 -8.490000e-01 2.614440e-02 -7.902388e-01 6.960000e-01 -8.440000e-01 3.134569e-02 -7.899785e-01
-5.840000e-01 -8.440000e-01 8.059066e-02 -9.638473e-01 -5.840000e-01 -8.340000e-01 7.998358e-02 -9.638415e-01
6.960000e-01 -8.440000e-01 3.134569e-02 -7.899785e-01 6.960000e-01 -8.340000e-01 3.191968e-02 -7.899147e-01
-5.840000e-01 -8.340000e-01 7.998358e-02 -9.638415e-01 -5.840000e-01 -8.240000e-01 7.922315e-02 -9.637471e-01
6.960000e-01 -8.340000e-01 3.191968e-02 -7.899147e-01 6.960000e-01 -8.240000e-01 3.264721e-02 -7.898804e-01
-5.840000e-01 -8.240000e-01 7.922315e-02 -9.637471e-01 -5.790000e-01 -8.190000e-01 8.372533e-02 -9.641080e-01
-5.790000e-01 -8.190000e-01 8.372533e-02 -9.641080e-01 -5.740000e-01 -8.140000e-01 8.821088e-02 -9.645586e-01
6.960000e-01 -8.240000e-01 3.264721e-02 -7.898804e-01 7.010000e-01 -8.190000e-01 3.804877e-02 -7.894342e-01
7.010000e-01 -8.190000e-01 3.804877e-02 -7.894342e-01 7.060000e-01 -8.140000e-01 4.343882e-02 -7.889253e-01
-5.740000e-01 -8.140000e-01 8.821088e-02 -9.645586e-01 -5.740000e-01 -8.040000e-01 8.712041e-02 -9.644174e-01
7.060000e-01 -8.140000e-01 4.343882e-02 -7.889253e-01 7.060000e-01 -8.040000e-01 4.444328e-02 -7.887791e-01
-5.740000e-01 -8.040000e-01 8.712041e-02 -9.644174e-01 -5.690000e-01 -7.990000e-01 9.142298e-02 -9.649110e-01
-5.690000e-01 -7.990000e-01 9.142298e-02 -9.649110e-01 -5.640000e-01 -7.940000e-01 9.570194e-02 -9.654977e-01
7.060000e-01 -8.040000e-01 4.444328e-02 -7.887791e-01 7.060000e-01 -7.940000e-01 4.559687e-02 -7.886435e-01
-5.640000e-01 -7.940000e-01 9.570194e-02 -9.654977e-01 -5.640000e-01 -7.840000e-01 9.427847e-02 -9.652771e-01
7.060000e-01 -7.940000e-01 4.559687e-02 -7.886435e-01 7.060000e-01 -7.840000e-01 4.689911e-02 -7.885121e-01
-5.640000e-01 -7.840000e-01 9.427847e-02 -9.652771e-01 -5.590000e-01 -7.790000e-01 9.836848e-02 -9.658880e-01
-5.590000e-01 -7.790000e-01 9.836848e-02 -9.658880e-01 -5.540000e-01 -7.740000e-01 1.024274e-01 -9.665946e-01
7.060000e-01 -7.840000e-01 4.689911e-02 -7.885121e-01 7.110000e-01 -7.790000e-01 5.251733e-02 -7.877205e-01
7.110000e-01 -7.790000e-01 5.251733e-02 -7.877205e-01 7.160000e-01 -7.740000e-01 5.811904e-02 -7.868775e-01
-5.540000e-01 -7.740000e-01 1.024274e-01 -9.665946e-01 -5.540000e-01 -7.640000e-01 1.006711e-01 -9.662609e-01
7.160000e-01 -7.740000e-01 5.811904e-02 -7.868775e-01 7.160000e-01 -7.640000e-01 5.966930e-02 -7.865917e-01
-5.540000e-01 -7.640000e-01 1.006711e-01 -9.662609e-01 -5.490000e-01 -7.590000e-01 1.045370e-01 -9.669717e-01
-5.490000e-01 -7.590000e-01 1.045370e-01 -9.669717e-01 -5.440000e-01 -7.540000e-01 1.083639e-01 -9.677796e-01
7.160000e-01 -7.640000e-01 5.966930e-02 -7.865917e-01 7.160000e-01 -7.540000e-01 6.136088e-02 -7.862927e-01
-5.440000e-01 -7.540000e-01 1.083639e-01 -9.677796e-01 -5.440000e-01 -7.440000e-01 1.062786e-01 -9.672988e-01
7.160000e-01 -7.540000e-01 6.136088e-02 -7.862927e-01 7.160000e-01 -7.440000e-01 6.319241e-02 -7.859747e-01
-5.440000e-01 -7.440000e-01 1.062786e-01 -9.672988e-01 -5.390000e-01 -7.390000e-01 1.099104e-01 -9.680901e-01
-5.390000e-01 -7.390000e-01 1.099104e-01 -9.680901e-01 -5.340000e-01 -7.340000e-01 1.134949e-01 -9.689790e-01
7.160000e-01 -7.440000e-01 6.319241e-02 -7.859747e-01 7.160000e-01 -7.340000e-01 6.516198e-02 -7.856318e-01
-5.340000e-01 -7.340000e-01 1.134949e-01 -9.689790e-01 -5.290000e-01 -7.290000e-01 1.169812e-01 -9.698510e-01
-5.290000e-01 -7.290000e-01 1.169812e-01 -9.698510e-01 -5.240000e-01 -7.240000e-01 1.204147e-01 -9.708220e-01
7.160000e-01 -7.340000e-01 6.516198e-02 -7.856318e-01 7.210000e-01 -7.290000e-01 7.098441e-02 -7.843923e-01
7.210000e-01 -7.290000e-01 7.098441e-02 -7.843923e-01 7.260000e-01 -7.240000e-01 7.678681e-02 -7.831158e-01
-5.240000e-01 -7.240000e-01 1.204147e-01 -9.708220e-01 -5.240000e-01 -7.140000e-01 1.178120e-01 -9.701154e-01
7.260000e-01 -7.240000e-01 7.678681e-02 -7.831158e-01 7.260000e-01 -7.140000e-01 7.896357e-02 -7.825746e-01
-5.240000e-01 -7.140000e-01 1.178120e-01 -9.701154e-01 -5.190000e-01 -7.090000e-01 1.210489e-01 -9.710353e-01
-5.190000e-01 -7.090000e-01 1.210489e-01 -9.710353e-01 -5.140000e-01 -7.040000e-01 1.242244e-01 -9.720526e-01
7.260000e-01 -7.140000e-01 7.896357e-02 -7.825746e-01 7.260000e-01 -7.040000e-01 8.126848e-02 -7.819937e-01
-5.140000e-01 -7.040000e-01 1.242244e-01 -9.720526e-01 -5.140000e-01 -6.940000e-01 1.213151e-01 -9.711097e-01
7.260000e-01 -7.040000e-01 8.126848e-02 -7.819937e-01 7.260000e-01 -6.940000e-01 8.369904e-02 -7.813680e-01
-5.140000e-01 -6.940000e-01 1.213151e-01 -9.711097e-01 -5.090000e-01 -6.890000e-01 1.242982e-01 -9.720539e-01
-5.090000e-01 -6.890000e-01 1.242982e-01 -9.720539e-01 -5.040000e-01 -6.840000e-01 1.272114e-01 -9.730928e-01
7.260000e-01 -6.940000e-01 8.369904e-02 -7.813680e-01 7.260000e-01 -6.840000e-01 8.625250e-02 -7.806921e-01
-5.040000e-01 -6.840000e-01 1.272114e-01 -9.730928e-01 -4.990000e-01 -6.790000e-01 1.300302e-01 -9.740861e-01
-4.990000e-01 -6.790000e-01 1.300302e-01 -9.740861e-01 -4.940000e-01 -6.740000e-01 1.327732e-01 -9.751735e-01
7.260000e-01 -6.840000e-01 8.625250e-02 -7.806921e-01 7.260000e-01 -6.740000e-01 8.892601e-02 -7.799611e-01
-4.940000e-01 -6.740000e-01 1.327732e-01 -9.751735e-01 -4.940000e-01 -6.640000e-01 1.293899e-01 -9.738607e-01
7.260000e-01 -6.740000e-01 8.892601e-02 -7.799611e-01 7.260000e-01 -6.640000e-01 9.171634e-02 -7.791700e-01
-4.940000e-01 -6.640000e-01 1.293899e-01 -9.738607e-01 -4.890000e-01 -6.590000e-01 1.319493e-01 -9.748394e-01
-4.890000e-01 -6.590000e-01 1.319493e-01 -9.748394e-01 -4.840000e-01 -6.540000e-01 1.344250e-01 -9.759073e-01
7.260000e-01 -6.640000e-01 9.171634e-02 -7.791700e-01 7.260000e-01 -6.540000e-01 9.462028e-02 -7.783141e-01
-4.840000e-01 -6.540000e-01 1.344250e-01 -9.759073e-01 -4.790000e-01 -6.490000e-01 1.368122e-01 -9.769121e-01
-4.790000e-01 -6.490000e-01 1.368122e-01 -9.769121e-01 -4.740000e-01 -6.440000e-01 1.391099e-01 -9.780042e-01
7.260000e-01 -6.540000e-01 9.462028e-02 -7.783141e-01 7.310000e-01 -6.490000e-01 1.006266e-01 -7.763447e-01
7.310000e-01 -6.490000e-01 1.006266e-01 -7.763447e-01 7.360000e-01 -6.440000e-01 1.066139e-01 -7.743607e-01
-4.740000e-01 -6.440000e-01 1.391099e-01 -9.780042e-01 -4.740000e-01 -6.340000e-01 1.352981e-01 -9.762371e-01
7.360000e-01 -6.440000e-01 1.066139e-01 -7.743607e-01 7.360000e-01 -6.340000e-01 1.096544e-01 -7.732577e-01
-4.740000e-01 -6.340000e-01 1.352981e-01 -9.762371e-01 -4.690000e-01 -6.290000e-01 1.374278e-01 -9.771861e-01
-4.690000e-01 -6.290000e-01 1.374278e-01 -9.771861e-01 -4.640000e-01 -6.240000e-01 1.394609e-01 -9.782157e-01
7.360000e-01 -6.340000e-01 1.096544e-01 -7.732577e-01 7.360000e-01 -6.240000e-01 1.127962e-01 -7.720804e-01
-4.640000e-01 -6.240000e-01 1.394609e-01 -9.782157e-01 -4.590000e-01 -6.190000e-01 1.414151e-01 -9.791656e-01
-4.590000e-01 -6.190000e-01 1.414151e-01 -9.791656e-01 -4.540000e-01 -6.140000e-01 1.432673e-01 -9.801926e-01
7.360000e-01 -6.240000e-01 1.127962e-01 -7.720804e-01 7.360000e-01 -6.140000e-01 1.160358e-01 -7.708247e-01
-4.540000e-01 -6.140000e-01 1.432673e-01 -9.801926e-01 -4.490000e-01 -6.090000e-01 1.450442e-01 -9.811335e-01
-4.490000e-01 -6.090000e-01 1.450442e-01 -9.811335e-01 -4.440000e-01 -6.040000e-01 1.467140e-01 -9.821476e-01
7.360000e-01 -6.140000e-01 1.160358e-01 -7.708247e-01 7.360000e-01 -6.040000e-01 1.193694e-01 -7.694871e-01
-4.440000e-01 -6.040000e-01 1.467140e-01 -9.821476e-01 -4.440000e-01 -5.940000e-01 1.423930e-01 -9.796704e-01
7.360000e-01 -6.040000e-01 1.193694e-01 -7.694871e-01 7.360000e-01 -5.940000e-01 1.227933e-01 -7.680639e-01
-4.440000e-01 -5.940000e-01 1.423930e-01 -9.796704e-01 -4.390000e-01 -5.890000e-01 1.439253e-01 -9.804978e-01
-4.390000e-01 -5.890000e-01 1.439253e-01 -9.804978e-01 -4.340000e-01 -5.840000e-01 1.453455e-01 -9.813893e-01
7.360000e-01 -5.940000e-01 1.227933e-01 -7.680639e-01 7.360000e-01 -5.840000e-01 1.263036e-01 -7.665518e-01
-4.340000e-01 -5.840000e-01 1.453455e-01 -9.813893e-01 -4.290000e-01 -5.790000e-01 1.467041e-01 -9.821810e-01
-4.290000e-01 -5.790000e-01 1.467041e-01 -9.821810e-01 -4.240000e-01 -5.740000e-01 1.479464e-01 -9.830315e-01
7.310000e-01 -5.790000e-01 1.238688e-01 -7.675458e-01 7.260000e-01 -5.740000e-01 1.215079e-01 -7.686241e-01
7.360000e-01 -5.840000e-01 1.263036e-01 -7.665518e-01 7.310000e-01 -5.790000e-01 1.238688e-01 -7.675458e-01
-4.240000e-01 -5.740000e-01 1.479464e-01 -9.830315e-01 -4.190000e-01 -5.690000e-01 1.491324e-01 -9.837768e-01
-4.190000e-01 -5.690000e-01 1.491324e-01 -9.837768e-01 -4.140000e-01 -5.640000e-01 1.501983e-01 -9.845754e-01
7.260000e-01 -5.740000e-01 1.215079e-01 -7.686241e-01 7.260000e-01 -5.640000e-01 1.252674e-01 -7.670017e-01
-4.140000e-01 -5.640000e-01 1.501983e-01 -9.845754e-01 -4.090000e-01 -5.590000e-01 1.512136e-01 -9.852637e-01
-4.090000e-01 -5.590000e-01 1.512136e-01 -9.852637e-01 -4.040000e-01 -5.540000e-01 1.521053e-01 -9.859994e-01
7.260000e-01 -5.640000e-01 1.252674e-01 -7.670017e-01 7.260000e-01 -5.540000e-01 1.291017e-01 -7.652776e-01
-4.040000e-01 -5.540000e-01 1.521053e-01 -9.859994e-01 -4.040000e-01 -5.440000e-01 1.473289e-01 -9.824645e-01
7.260000e-01 -5.540000e-01 1.291017e-01 -7.652776e-01 7.260000e-01 -5.440000e-01 1.330068e-01 -7.634490e-01
-4.040000e-01 -5.440000e-01 1.473289e-01 -9.824645e-01 -3.990000e-01 -5.390000e-01 1.481369e-01 -9.829706e-01
-3.990000e-01 -5.390000e-01 1.481369e-01 -9.829706e-01 -3.940000e-01 -5.340000e-01 1.488201e-01 -9.835130e-01
7.260000e-01 -5.440000e-01 1.330068e-01 -7.634490e-01 7.260000e-01 -5.340000e-01 1.369784e-01 -7.615138e-01
-3.940000e-01 -5.340000e-01 1.488201e-01 -9.835130e-01 -3.890000e-01 -5.290000e-01 1.494704e-01 -9.839370e-01
-3.890000e-01 -5.290000e-01 1.494704e-01 -9.839370e-01 -3.840000e-01 -5.240000e-01 1.499938e-01 -9.843906e-01
7.260000e-01 -5.340000e-01 1.369784e-01 -7.615138e-01 7.260000e-01 -5.240000e-01 1.410124e-01 -7.594697e-01
-3.840000e-01 -5.240000e-01 1.499938e-01 -9.843906e-01 -3.790000e-01 -5.190000e-01 1.504911e-01 -9.847227e-01
-3.790000e-01 -5.190000e-01 1.504911e-01 -9.847227e-01 -3.740000e-01 -5.140000e-01 1.508601e-01 -9.850775e-01
7.260000e-01 -5.240000e-01 1.410124e-01 -7.594697e-01 7.260000e-01 -5.140000e-01 1.451046e-01 -7.573149e-01
-3.740000e-01 -5.140000e-01 1.508601e-01 -9.850775e-01 -3.690000e-01 -5.090000e-01 1.512100e-01 -9.853082e-01
-3.690000e-01 -5.090000e-01 1.512100e-01 -9.853082e-01 -3.640000e-01 -5.040000e-01 1.514308e-01 -9.855543e-01
7.260000e-01 -5.140000e-01 1.451046e-01 -7.573149e-01 7.260000e-01 -5.040000e-01 1.492508e-01 -7.550477e-01
-3.640000e-01 -5.040000e-01 1.514308e-01 -9.855543e-01 -3.590000e-01 -4.990000e-01 1.516397e-01 -9.856742e-01
-3.590000e-01 -4.990000e-01 1.516397e-01 -9.856742e-01 -3.540000e-01 -4.940000e-01 1.517191e-01 -9.858023e-01
7.210000e-01 -4.990000e-01 1.475044e-01 -7.559550e-01 7.160000e-01 -4.940000e-01 1.458441e-01 -7.569302e-01
7.260000e-01 -5.040000e-01 1.492508e-01 -7.550477e-01 7.210000e-01 -4.990000e-01 1.475044e-01 -7.559550e-01
-3.540000e-01 -4.940000e-01 1.517191e-01 -9.858023e-01 -3.490000e-01 -4.890000e-01 1.517939e-01 -9.858029e-01
-3.490000e-01 -4.890000e-01 1.517939e-01 -9.858029e-01 -3.440000e-01 -4.840000e-01 1.517397e-01 -9.858042e-01
7.160000e-01 -4.940000e-01 1.458441e-01 -7.569302e-01 7.160000e-01 -4.840000e-01 1.501738e-01 -7.544773e-01
-3.440000e-01 -4.840000e-01 1.517397e-01 -9.858042e-01 -3.390000e-01 -4.790000e-01 1.516883e-01 -9.856772e-01
-3.390000e-01 -4.790000e-01 1.516883e-01 -9.856772e-01 -3.340000e-01 -4.740000e-01 1.515088e-01 -9.855435e-01
7.160000e-01 -4.840000e-01 1.501738e-01 -7.544773e-01 7.160000e-01 -4.740000e-01 1.545443e-01 -7.519041e-01
-3.340000e-01 -4.740000e-01 1.515088e-01 -9.855435e-01 -3.290000e-01 -4.690000e-01 1.513395e-01 -9.852812e-01
-3.290000e-01 -4.690000e-01 1.513395e-01 -9.852812e-01 -3.240000e-01 -4.640000e-01 1.510436e-01 -9.850052e-01
7.160000e-01 -4.740000e-01 1.545443e-01 -7.519041e-01 7.160000e-01 -4.640000e-01 1.589516e-01 -7.492098e-01
-3.240000e-01 -4.640000e-01 1.510436e-01 -9.850052e-01 -3.190000e-01 -4.590000e-01 1.507651e-01 -9.846009e-01
-3.190000e-01 -4.590000e-01 1.507651e-01 -9.846009e-01 -3.140000e-01 -4.540000e-01 1.503624e-01 -9.841756e-01
7.110000e-01 -4.590000e-01 1.575438e-01 -7.500216e-01 7.060000e-01 -4.540000e-01 1.562261e-01 -7.508912e-01
7.160000e-01 -4.640000e-01 1.589516e-01 -7.492098e-01 7.110000e-01 -4.590000e-01 1.575438e-01 -7.500216e-01
-3.140000e-01 -4.540000e-01 1.503624e-01 -9.841756e-01 -3.090000e-01 -4.490000e-01 1.499842e-01 -9.836230e-01
-3.090000e-01 -4.490000e-01 1.499842e-01 -9.836230e-01 -3.040000e-01 -4.440000e-01 1.494844e-01 -9.830425e-01
7.060000e-01 -4.540000e-01 1.562261e-01 -7.508912e-01 7.060000e-01 -4.440000e-01 1.607790e-01 -7.479792e-01
-3.040000e-01 -4.440000e-01 1.494844e-01 -9.830425e-01 -2.990000e-01 -4.390000e-01 1.490161e-01 -9.823364e-01
-2.990000e-01 -4.390000e-01 1.490161e-01 -9.823364e-01 -2.940000e-01 -4.340000e-01 1.484296e-01 -9.815955e-01
7.060000e-01 -4.440000e-01 1.607790e-01 -7.479792e-01 7.060000e-01 -4.340000e-01 1.653554e-01 -7.449410e-01
-2.940000e-01 -4.340000e-01 1.484296e-01 -9.815955e-01 -2.890000e-01 -4.290000e-01 1.478811e-01 -9.807312e-01
-2.890000e-01 -4.290000e-01 1.478811e-01 -9.807312e-01 -2.840000e-01 -4.240000e-01 1.472183e-01 -9.798257e-01
7.010000e-01 -4.290000e-01 1.641985e-01 -7.456566e-01 6.960000e-01 -4.240000e-01 1.631338e-01 -7.464214e-01
7.060000e-01 -4.340000e-01 1.653554e-01 -7.449410e-01 7.010000e-01 -4.290000e-01 1.641985e-01 -7.456566e-01
-2.840000e-01 -4.240000e-01 1.472183e-01 -9.798257e-01 -2.790000e-01 -4.190000e-01 1.465998e-01 -9.787994e-01
-2.790000e-01 -4.190000e-01 1.465998e-01 -9.787994e-01 -2.690000e-01 -4.190000e-01 1.498018e-01 -9.834588e-01
-2.690000e-01 -4.190000e-01 1.498018e-01 -9.834588e-01 -2.640000e-01 -4.140000e-01 1.489634e-01 -9.823331e-01
6.960000e-01 -4.240000e-01 1.631338e-01 -7.464214e-01 6.960000e-01 -4.140000e-01 1.678254e-01 -7.431443e-01
-2.640000e-01 -4.140000e-01 1.489634e-01 -9.823331e-01 -2.590000e-01 -4.090000e-01 1.481800e-01 -9.810888e-01
-2.590000e-01 -4.090000e-01 1.481800e-01 -9.810888e-01 -2.540000e-01 -4.040000e-01 1.472919e-01 -9.797868e-01
6.910000e-01 -4.090000e-01 1.668527e-01 -7.437920e-01 6.860000e-01 -4.040000e-01 1.659736e-01 -7.444826e-01
6.960000e-01 -4.140000e-01 1.678254e-01 -7.431443e-01 6.910000e-01 -4.090000e-01 1.668527e-01 -7.437920e-01
-2.540000e-01 -4.040000e-01 1.472919e-01 -9.797868e-01 -2.490000e-01 -3.990000e-01 1.464642e-01 -9.783703e-01
-2.490000e-01 -3.990000e-01 1.464642e-01 -9.783703e-01 -2.440000e-01 -3.940000e-01 1.455374e-01 -9.768906e-01
6.860000e-01 -4.040000e-01 1.659736e-01 -7.444826e-01 6.860000e-01 -3.940000e-01 1.707584e-01 -7.409521e-01
-2.440000e-01 -3.940000e-01 1.455374e-01 -9.768906e-01 -2.390000e-01 -3.890000e-01 1.446760e-01 -9.753008e-01
-2.390000e-01 -3.890000e-01 1.446760e-01 -9.753008e-01 -2.340000e-01 -3.840000e-01 1.437213e-01 -9.736432e-01
6.810000e-01 -3.890000e-01 1.699582e-01 -7.415141e-01 6.760000e-01 -3.840000e-01 1.692519e-01 -7.421125e-01
6.860000e-01 -3.940000e-01 1.707584e-01 -7.409521e-01 6.810000e-01 -3.890000e-01 1.699582e-01 -7.415141e-01
-2.340000e-01 -3.840000e-01 1.437213e-01 -9.736432e-01 -2.290000e-01 -3.790000e-01 1.428364e-01 -9.718801e-01
-2.290000e-01 -3.790000e-01 1.428364e-01 -9.718801e-01 -2.190000e-01 -3.790000e-01 1.450289e-01 -9.760174e-01
-2.190000e-01 -3.790000e-01 1.450289e-01 -9.760174e-01 -2.140000e-01 -3.740000e-01 1.439716e-01 -9.741059e-01
6.760000e-01 -3.840000e-01 1.692519e-01 -7.421125e-01 6.760000e-01 -3.740000e-01 1.741074e-01 -7.383162e-01
-2.140000e-01 -3.740000e-01 1.439716e-01 -9.741059e-01 -2.090000e-01 -3.690000e-01 1.429925e-01 -9.720943e-01
-2.090000e-01 -3.690000e-01 1.429925e-01 -9.720943e-01 -2.040000e-01 -3.640000e-01 1.419349e-01 -9.700029e-01
6.710000e-01 -3.690000e-01 1.734665e-01 -7.387761e-01 6.660000e-01 -3.640000e-01 1.729189e-01 -7.392651e-01
6.760000e-01 -3.740000e-01 1.741074e-01 -7.383162e-01 6.710000e-01 -3.690000e-01 1.734665e-01 -7.387761e-01
-2.040000e-01 -3.640000e-01 1.419349e-01 -9.700029e-01 -1.990000e-01 -3.590000e-01 1.409586e-01 -9.678169e-01
-1.990000e-01 -3.590000e-01 1.409586e-01 -9.678169e-01 -1.940000e-01 -3.540000e-01 1.399105e-01 -9.655481e-01
6.660000e-01 -3.640000e-01 1.729189e-01 -7.392651e-01 6.660000e-01 -3.540000e-01 1.778224e-01 -7.351936e-01
-1.940000e-01 -3.540000e-01 1.399105e-01 -9.655481e-01 -1.890000e-01 -3.490000e-01 1.389466e-01 -9.631901e-01
-1.890000e-01 -3.490000e-01 1.389466e-01 -9.631901e-01 -1.790000e-01 -3.490000e-01 1.404783e-01 -9.667810e-01
-1.790000e-01 -3.490000e-01 1.404783e-01 -9.667810e-01 -1.740000e-01 -3.440000e-01 1.393872e-01 -9.642487e-01
6.610000e-01 -3.490000e-01 1.773262e-01 -7.355357e-01 6.560000e-01 -3.440000e-01 1.769221e-01 -7.359000e-01
6.660000e-01 -3.540000e-01 1.778224e-01 -7.351936e-01 6.610000e-01 -3.490000e-01 1.773262e-01 -7.355357e-01
-1.740000e-01 -3.440000e-01 1.393872e-01 -9.642487e-01 -1.690000e-01 -3.390000e-01 1.383860e-01 -9.616347e-01
-1.690000e-01 -3.390000e-01 1.383860e-01 -9.616347e-01 -1.640000e-01 -3.340000e-01 1.373298e-01 -9.589300e-01
6.510000e-01 -3.390000e-01 1.765380e-01 -7.361875e-01 6.460000e-01 -3.340000e-01 1.762458e-01 -7.364926e-01
6.560000e-01 -3.440000e-01 1.769221e-01 -7.359000e-01 6.510000e-01 -3.390000e-01 1.765380e-01 -7.361875e-01
-1.640000e-01 -3.340000e-01 1.373298e-01 -9.589300e-01 -1.590000e-01 -3.290000e-01 1.363649e-01 -9.561495e-01
-1.590000e-01 -3.290000e-01 1.363649e-01 -9.561495e-01 -1.490000e-01 -3.290000e-01 1.374810e-01 -9.592925e-01
-1.490000e-01 -3.290000e-01 1.374810e-01 -9.592925e-01 -1.440000e-01 -3.240000e-01 1.364236e-01 -9.563254e-01
6.410000e-01 -3.290000e-01 1.759690e-01 -7.367181e-01 6.360000e-01 -3.240000e-01 1.757836e-01 -7.369568e-01
6.460000e-01 -3.340000e-01 1.762458e-01 -7.364926e-01 6.410000e-01 -3.290000e-01 1.759690e-01 -7.367181e-01
-1.440000e-01 -3.240000e-01 1.364236e-01 -9.563254e-01 -1.390000e-01 -3.190000e-01 1.354614e-01 -9.532903e-01
-1.390000e-01 -3.190000e-01 1.354614e-01 -9.532903e-01 -1.340000e-01 -3.140000e-01 1.344616e-01 -9.501601e-01
6.360000e-01 -3.240000e-01 1.757836e-01 -7.369568e-01 6.360000e-01 -3.140000e-01 1.807691e-01 -7.322843e-01
-1.340000e-01 -3.140000e-01 1.344616e-01 -9.501601e-01 -1.290000e-01 -3.090000e-01 1.335570e-01 -9.469679e-01
-1.290000e-01 -3.090000e-01 1.335570e-01 -9.469679e-01 -1.190000e-01 -3.090000e-01 1.343434e-01 -9.496261e-01
-1.190000e-01 -3.090000e-01 1.343434e-01 -9.496261e-01 -1.140000e-01 -3.040000e-01 1.333814e-01 -9.462415e-01
6.310000e-01 -3.090000e-01 1.806030e-01 -7.323587e-01 6.260000e-01 -3.040000e-01 1.805251e-01 -7.324392e-01
6.360000e-01 -3.140000e-01 1.807691e-01 -7.322843e-01 6.310000e-01 -3.090000e-01 1.806030e-01 -7.323587e-01
-1.140000e-01 -3.040000e-01 1.333814e-01 -9.462415e-01 -1.090000e-01 -2.990000e-01 1.325164e-01 -9.428031e-01
-1.090000e-01 -2.990000e-01 1.325164e-01 -9.428031e-01 -9.900000e-02 -2.990000e-01 1.330912e-01 -9.451490e-01
-9.900000e-02 -2.990000e-01 1.330912e-01 -9.451490e-01 -9.400000e-02 -2.940000e-01 1.321904e-01 -9.415160e-01
6.210000e-01 -2.990000e-01 1.804511e-01 -7.324356e-01 6.160000e-01 -2.940000e-01 1.804640e-01 -7.324335e-01
6.260000e-01 -3.040000e-01 1.805251e-01 -7.324392e-01 6.210000e-01 -2.990000e-01 1.804511e-01 -7.324356e-01
-9.400000e-02 -2.940000e-01 1.321904e-01 -9.415160e-01 -8.900000e-02 -2.890000e-01 1.313871e-01 -9.378374e-01
-8.900000e-02 -2.890000e-01 1.313871e-01 -9.378374e-01 -7.900000e-02 -2.890000e-01 1.317838e-01 -9.398604e-01
-7.900000e-02 -2.890000e-01 1.317838e-01 -9.398604e-01 -7.400000e-02 -2.840000e-01 1.309663e-01 -9.359872e-01
6.110000e-01 -2.890000e-01 1.804760e-01 -7.323455e-01 6.060000e-01 -2.840000e-01 1.805733e-01 -7.322544e-01
6.160000e-01 -2.940000e-01 1.804640e-01 -7.324335e-01 6.110000e-01 -2.890000e-01 1.804760e-01 -7.323455e-01
-7.400000e-02 -2.840000e-01 1.309663e-01 -9.359872e-01 -6.900000e-02 -2.790000e-01 1.302456e-01 -9.320766e-01
-6.900000e-02 -2.790000e-01 1.302456e-01 -9.320766e-01 -6.400000e-02 -2.740000e-01 1.295259e-01 -9.280703e-01
5.910000e-01 -2.790000e-01 1.760275e-01 -7.370641e-01 5.860000e-01 -2.740000e-01 1.762860e-01 -7.368677e-01
5.910000e-01 -2.790000e-01 1.760275e-01 -7.370641e-01 6.010000e-01 -2.790000e-01 1.806652e-01 -7.320761e-01
6.060000e-01 -2.840000e-01 1.805733e-01 -7.322544e-01 6.010000e-01 -2.790000e-01 1.806652e-01 -7.320761e-01
-6.400000e-02 -2.740000e-01 1.295259e-01 -9.280703e-01 -5.900000e-02 -2.690000e-01 1.289009e-01 -9.240314e-01
-5.900000e-02 -2.690000e-01 1.289009e-01 -9.240314e-01 -4.900000e-02 -2.690000e-01 1.291654e-01 -9.255343e-01
-4.900000e-02 -2.690000e-01 1.291654e-01 -9.255343e-01 -4.400000e-02 -2.640000e-01 1.285575e-01 -9.213080e-01
5.810000e-01 -2.690000e-01 1.765320e-01 -7.365810e-01 5.760000e-01 -2.640000e-01 1.768589e-01 -7.362794e-01
5.860000e-01 -2.740000e-01 1.762860e-01 -7.368677e-01 5.810000e-01 -2.690000e-01 1.765320e-01 -7.365810e-01
-4.400000e-02 -2.640000e-01 1.285575e-01 -9.213080e-01 -3.900000e-02 -2.590000e-01 1.280420e-01 -9.170566e-01
-3.900000e-02 -2.590000e-01 1.280420e-01 -9.170566e-01 -2.900000e-02 -2.590000e-01 1.282162e-01 -9.182308e-01
-2.900000e-02 -2.590000e-01 1.282162e-01 -9.182308e-01 -1.900000e-02 -2.590000e-01 1.282830e-01 -9.192570e-01
-1.900000e-02 -2.590000e-01 1.282830e-01 -9.192570e-01 -1.400000e-02 -2.540000e-01 1.278284e-01 -9.147326e-01
5.710000e-01 -2.590000e-01 1.771687e-01 -7.358869e-01 5.660000e-01 -2.540000e-01 1.775565e-01 -7.354749e-01
5.760000e-01 -2.640000e-01 1.768589e-01 -7.362794e-01 5.710000e-01 -2.590000e-01 1.771687e-01 -7.358869e-01
-1.400000e-02 -2.540000e-01 1.278284e-01 -9.147326e-01 -9.000000e-03 -2.490000e-01 1.274629e-01 -9.101929e-01
-9.000000e-03 -2.490000e-01 1.274629e-01 -9.101929e-01 1.000000e-03 -2.490000e-01 1.274861e-01 -9.108893e-01
1.000000e-03 -2.490000e-01 1.274861e-01 -9.108893e-01 6.000000e-03 -2.440000e-01 1.271831e-01 -9.061754e-01
5.510000e-01 -2.490000e-01 1.738955e-01 -7.398818e-01 5.460000e-01 -2.440000e-01 1.744112e-01 -7.393283e-01
5.510000e-01 -2.490000e-01 1.738955e-01 -7.398818e-01 5.610000e-01 -2.490000e-01 1.779228e-01 -7.349718e-01
5.660000e-01 -2.540000e-01 1.775565e-01 -7.354749e-01 5.610000e-01 -2.490000e-01 1.779228e-01 -7.349718e-01
6.000000e-03 -2.440000e-01 1.271831e-01 -9.061754e-01 1.100000e-02 -2.390000e-01 1.269651e-01 -9.014525e-01
1.100000e-02 -2.390000e-01 1.269651e-01 -9.014525e-01 2.100000e-02 -2.390000e-01 1.269759e-01 -9.018257e-01
2.100000e-02 -2.390000e-01 1.269759e-01 -9.018257e-01 2.600000e-02 -2.340000e-01 1.268361e-01 -8.969375e-01
5.410000e-01 -2.390000e-01 1.748982e-01 -7.386823e-01 5.360000e-01 -2.340000e-01 1.754562e-01 -7.380054e-01
5.460000e-01 -2.440000e-01 1.744112e-01 -7.393283e-01 5.410000e-01 -2.390000e-01 1.748982e-01 -7.386823e-01
2.600000e-02 -2.340000e-01 1.268361e-01 -8.969375e-01 3.100000e-02 -2.290000e-01 1.267765e-01 -8.920458e-01
3.100000e-02 -2.290000e-01 1.267765e-01 -8.920458e-01 4.100000e-02 -2.290000e-01 1.268043e-01 -8.921048e-01
4.100000e-02 -2.290000e-01 1.268043e-01 -8.921048e-01 5.100000e-02 -2.290000e-01 1.267738e-01 -8.920092e-01
5.100000e-02 -2.290000e-01 1.267738e-01 -8.920092e-01 5.600000e-02 -2.240000e-01 1.268585e-01 -8.868869e-01
5.210000e-01 -2.290000e-01 1.723711e-01 -7.420315e-01 5.160000e-01 -2.240000e-01 1.730293e-01 -7.411902e-01
5.210000e-01 -2.290000e-01 1.723711e-01 -7.420315e-01 5.310000e-01 -2.290000e-01 1.759812e-01 -7.372366e-01
5.360000e-01 -2.340000e-01 1.754562e-01 -7.380054e-01 5.310000e-01 -2.290000e-01 1.759812e-01 -7.372366e-01
5.600000e-02 -2.240000e-01 1.268585e-01 -8.868869e-01 6.100000e-02 -2.190000e-01 1.270166e-01 -8.817681e-01
6.100000e-02 -2.190000e-01 1.270166e-01 -8.817681e-01 7.100000e-02 -2.190000e-01 1.270442e-01 -8.813715e-01
7.100000e-02 -2.190000e-01 1.270442e-01 -8.813715e-01 8.100000e-02 -2.190000e-01 1.270338e-01 -8.808211e-01
8.100000e-02 -2.190000e-01 1.270338e-01 -8.808211e-01 8.600000e-02 -2.140000e-01 1.273651e-01 -8.754938e-01
5.010000e-01 -2.190000e-01 1.702977e-01 -7.449688e-01 4.960000e-01 -2.140000e-01 1.710388e-01 -7.439497e-01
5.010000e-01 -2.190000e-01 1.702977e-01 -7.449688e-01 5.110000e-01 -2.190000e-01 1.736480e-01 -7.402569e-01
5.160000e-01 -2.240000e-01 1.730293e-01 -7.411902e-01 5.110000e-01 -2.190000e-01 1.736480e-01 -7.402569e-01
8.600000e-02 -2.140000e-01 1.273651e-01 -8.754938e-01 9.100000e-02 -2.090000e-01 1.277620e-01 -8.701758e-01
9.100000e-02 -2.090000e-01 1.277620e-01 -8.701758e-01 1.010000e-01 -2.090000e-01 1.278472e-01 -8.693420e-01
1.010000e-01 -2.090000e-01 1.278472e-01 -8.693420e-01 1.110000e-01 -2.090000e-01 1.279137e-01 -8.683578e-01
1.110000e-01 -2.090000e-01 1.279137e-01 -8.683578e-01 1.160000e-01 -2.040000e-01 1.285079e-01 -8.628556e-01
4.710000e-01 -2.090000e-01 1.656540e-01 -7.520334e-01 4.660000e-01 -2.040000e-01 1.665119e-01 -7.507714e-01
4.710000e-01 -2.090000e-01 1.656540e-01 -7.520334e-01 4.810000e-01 -2.090000e-01 1.686298e-01 -7.474462e-01
4.810000e-01 -2.090000e-01 1.686298e-01 -7.474462e-01 4.910000e-01 -2.090000e-01 1.717339e-01 -7.428395e-01
4.960000e-01 -2.140000e-01 1.710388e-01 -7.439497e-01 4.910000e-01 -2.090000e-01 1.717339e-01 -7.428395e-01
1.160000e-01 -2.040000e-01 1.285079e-01 -8.628556e-01 1.210000e-01 -1.990000e-01 1.291593e-01 -8.573672e-01
1.210000e-01 -1.990000e-01 1.291593e-01 -8.573672e-01 1.310000e-01 -1.990000e-01 1.293547e-01 -8.561208e-01
1.310000e-01 -1.990000e-01 1.293547e-01 -8.561208e-01 1.410000e-01 -1.990000e-01 1.295496e-01 -8.547298e-01
1.410000e-01 -1.990000e-01 1.295496e-01 -8.547298e-01 1.510000e-01 -1.990000e-01 1.297502e-01 -8.531950e-01
1.510000e-01 -1.990000e-01 1.297502e-01 -8.531950e-01 1.560000e-01 -1.940000e-01 1.306949e-01 -8.475003e-01
4.410000e-01 -1.990000e-01 1.619394e-01 -7.582892e-01 4.360000e-01 -1.940000e-01 1.628785e-01 -7.567602e-01
4.410000e-01 -1.990000e-01 1.619394e-01 -7.582892e-01 4.510000e-01 -1.990000e-01 1.645653e-01 -7.538708e-01
4.510000e-01 -1.990000e-01 1.645653e-01 -7.538708e-01 4.610000e-01 -1.990000e-01 1.673149e-01 -7.494196e-01
4.660000e-01 -2.040000e-01 1.665119e-01 -7.507714e-01 4.610000e-01 -1.990000e-01 1.673149e-01 -7.494196e-01
1.560000e-01 -1.940000e-01 1.306949e-01 -8.475003e-01 1.610000e-01 -1.890000e-01 1.316856e-01 -8.418234e-01
1.610000e-01 -1.890000e-01 1.316856e-01 -8.418234e-01 1.710000e-01 -1.890000e-01 1.320541e-01 -8.400568e-01
1.710000e-01 -1.890000e-01 1.320541e-01 -8.400568e-01 1.810000e-01 -1.890000e-01 1.324448e-01 -8.381545e-01
1.810000e-01 -1.890000e-01 1.324448e-01 -8.381545e-01 1.910000e-01 -1.890000e-01 1.328632e-01 -8.361184e-01
1.910000e-01 -1.890000e-01 1.328632e-01 -8.361184e-01 2.010000e-01 -1.890000e-01 1.333150e-01 -8.339506e-01
2.010000e-01 -1.890000e-01 1.333150e-01 -8.339506e-01 2.110000e-01 -1.890000e-01 1.338058e-01 -8.316535e-01
2.110000e-01 -1.890000e-01 1.338058e-01 -8.316535e-01 2.160000e-01 -1.840000e-01 1.352852e-01 -8.257520e-01
3.910000e-01 -1.890000e-01 1.547541e-01 -7.718632e-01 3.860000e-01 -1.840000e-01 1.557931e-01 -7.699023e-01
3.910000e-01 -1.890000e-01 1.547541e-01 -7.718632e-01 4.010000e-01 -1.890000e-01 1.568316e-01 -7.677610e-01
4.010000e-01 -1.890000e-01 1.568316e-01 -7.677610e-01 4.110000e-01 -1.890000e-01 1.590232e-01 -7.636044e-01
4.110000e-01 -1.890000e-01 1.590232e-01 -7.636044e-01 4.210000e-01 -1.890000e-01 1.613304e-01 -7.593976e-01
4.210000e-01 -1.890000e-01 1.613304e-01 -7.593976e-01 4.310000e-01 -1.890000e-01 1.637546e-01 -7.551446e-01
4.360000e-01 -1.940000e-01 1.628785e-01 -7.567602e-01 4.310000e-01 -1.890000e-01 1.637546e-01 -7.551446e-01
2.160000e-01 -1.840000e-01 1.352852e-01 -8.257520e-01 2.210000e-01 -1.790000e-01 1.367936e-01 -8.198708e-01
2.210000e-01 -1.790000e-01 1.367936e-01 -8.198708e-01 2.310000e-01 -1.790000e-01 1.374999e-01 -8.173916e-01
2.310000e-01 -1.790000e-01 1.374999e-01 -8.173916e-01 2.410000e-01 -1.790000e-01 1.382581e-01 -8.147937e-01
2.410000e-01 -1.790000e-01 1.382581e-01 -8.147937e-01 2.510000e-01 -1.790000e-01 1.390732e-01 -8.120802e-01
2.510000e-01 -1.790000e-01 1.390732e-01 -8.120802e-01 2.610000e-01 -1.790000e-01 1.399500e-01 -8.092543e-01
2.610000e-01 -1.790000e-01 1.399500e-01 -8.092543e-01 2.710000e-01 -1.790000e-01 1.408928e-01 -8.063190e-01
2.710000e-01 -1.790000e-01 1.408928e-01 -8.063190e-01 2.810000e-01 -1.790000e-01 1.419063e-01 -8.032777e-01
2.810000e-01 -1.790000e-01 1.419063e-01 -8.032777e-01 2.910000e-01 -1.790000e-01 1.429945e-01 -8.001342e-01
2.910000e-01 -1.790000e-01 1.429945e-01 -8.001342e-01 3.010000e-01 -1.790000e-01 1.441616e-01 -7.968918e-01
3.010000e-01 -1.790000e-01 1.441616e-01 -7.968918e-01 3.110000e-01 -1.790000e-01 1.454114e-01 -7.935545e-01
3.110000e-01 -1.790000e-01 1.454114e-01 -7.935545e-01 3.210000e-01 -1.790000e-01 1.467475e-01 -7.901259e-01
3.210000e-01 -1.790000e-01 1.467475e-01 -7.901259e-01 3.310000e-01 -1.790000e-01 1.481735e-01 -7.866100e-01
3.310000e-01 -1.790000e-01 1.481735e-01 -7.866100e-01 3.410000e-01 -1.790000e-01 1.496926e-01 -7.830108e-01
3.410000e-01 -1.790000e-01 1.496926e-01 -7.830108e-01 3.510000e-01 -1.790000e-01 1.513078e-01 -7.793323e-01
3.510000e-01 -1.790000e-01 1.513078e-01 -7.793323e-01 3.610000e-01 -1.790000e-01 1.530219e-01 -7.755784e-01
3.610000e-01 -1.790000e-01 1.530219e-01 -7.755784e-01 3.710000e-01 -1.790000e-01 1.548377e-01 -7.717533e-01
3.710000e-01 -1.790000e-01 1.548377e-01 -7.717533e-01 3.810000e-01 -1.790000e-01 1.567575e-01 -7.678610e-01
3.860000e-01 -1.840000e-01 1.557931e-01 -7.699023e-01 3.810000e-01 -1.790000e-01 1.567575e-01 -7.678610e-01
3.983636e-02 -8.768954e-01 -6.206322e-01 -7.904742e-01 3.983636e-02 -8.768954e-01 -6.190551e-01 -8.354336e-01
3.983636e-02 -8.768954e-01 -6.190551e-01 -8.354336e-01 3.983636e-02 -8.768954e-01 -6.142137e-01 -8.814247e-01
3.983636e-02 -8.768954e-01 -6.142137e-01 -8.814247e-01 3.983636e-02 -8.768954e-01 -6.059441e-01 -9.282781e-01
3.983636e-02 -8.768954e-01 -6.059441e-01 -9.282781e-01 3.983636e-02 -8.768954e-01 -5.940912e-01 -9.757838e-01
3.983636e-02 -8.768954e-01 -5.940912e-01 -9.757838e-01 3.983636e-02 -8.768954e-01 -5.785190e-01 -1.023684e+00
3.983636e-02 -8.768954e-01 -5.785190e-01 -1.023684e+00 3.983636e-02 -8.768954e-01 -5.591243e-01 -1.071666e+00
3.983636e-02 -8.768954e-01 -5.591243e-01 -1.071666e+00 3.983636e-02 -8.768954e-01 -5.358522e-01 -1.119364e+00
3.983636e-02 -8.768954e-01 -5.358522e-01 -1.119364e+00 3.983636e-02 -8.768954e-01 -5.087133e-01 -1.166357e+00
3.983636e-02 -8.768954e-01 -5.087133e-01 -1.166357e+00 3.983636e-02 -8.768954e-01 -4.777991e-01 -1.212180e+00
3.983636e-02 -8.768954e-01 -4.777991e-01 -1.212180e+00 3.983636e-02 -8.768954e-01 -4.432935e-01 -1.256339e+00
3.983636e-02 -8.768954e-01 -4.432935e-01 -1.256339e+00 3.983636e-02 -8.768954e-01 -4.054758e-01 -1.298337e+00
3.983636e-02 -8.768954e-01 -4.054758e-01 -1.298337e+00 3.983636e-02 -8.768954e-01 -3.647145e-01 -1.337700e+00
3.983636e-02 -8.768954e-01 -3.647145e-01 -1.337700e+00 3.983636e-02 -8.768954e-01 -3.214503e-01 -1.374006e+00
3.983636e-02 -8.768954e-01 -3.214503e-01 -1.374006e+00 3.983636e-02 -8.768954e-01 -2.761709e-01 -1.406908e+00
3.983636e-02 -8.768954e-01 -2.761709e-01 -1.406908e+00 3.983636e-02 -8.768954e-01 -2.293819e-01 -1.436151e+00
3.983636e-02 -8.768954e-01 -2.293819e-01 -1.436151e+00 3.983636e-02 -8.768954e-01 -1.815791e-01 -1.461576e+00
3.983636e-02 -8.768954e-01 -1.815791e-01 -1.461576e+00 3.983636e-02 -8.768954e-01 -1.332255e-01 -1.483113e+00
3.983636e-02 -8.768954e-01 -1.332255e-01 -1.483113e+00 3.983636e-02 -8.768954e-01 -8.473605e-02 -1.500770e+00
3.983636e-02 -8.768954e-01 -8.473605e-02 -1.500770e+00 3.983636e-02 -8.768954e-01 -3.647008e-02 -1.514618e+00
3.983636e-02 -8.768954e-01 -3.647008e-02 -1.514618e+00 3.983636e-02 -8.768954e-01 1.127011e-02 -1.524774e+00
3.983636e-02 -8.768954e-01 1.127011e-02 -1.524774e+00 3.983636e-02 -8.768954e-01 5.823590e-02 -1.531383e+00
3.983636e-02 -8.768954e-01 5.823590e-02 -1.531383e+00 3.983636e-02 -8.768954e-01 1.042263e-01 -1.534606e+00
3.983636e-02 -8.768954e-01 1.042263e-01 -1.534606e+00 3.983636e-02 -8.768954e-01 1.490806e-01 -1.534613e+00
3.983636e-02 -8.768954e-01 1.490806e-01 -1.534613e+00 3.983636e-02 -8.768954e-01 1.926714e-01 -1.531571e+00
3.983636e-02 -8.768954e-01 1.926714e-01 -1.531571e+00 3.983636e-02 -8.768954e-01 2.348971e-01 -1.525643e+00
3.983636e-02 -8.768954e-01 2.348971e-01 -1.525643e+00 3.983636e-02 -8.768954e-01 2.756763e-01 -1.516980e+00
3.983636e-02 -8.768954e-01 2.756763e-01 -1.516980e+00 3.983636e-02 -8.768954e-01 3.149424e-01 -1.505726e+00
3.983636e-02 -8.768954e-01 3.149424e-01 -1.505726e+00 3.983636e-02 -8.768954e-01 3.526395e-01 -1.492009e+00
3.983636e-02 -8.768954e-01 3.526395e-01 -1.492009e+00 3.983636e-02 -8.768954e-01 3.887183e-01 -1.475950e+00
3.983636e-02 -8.768954e-01 3.887183e-01 -1.475950e+00 3.983636e-02 -8.768954e-01 4.231336e-01 -1.457654e+00
3.983636e-02 -8.768954e-01 4.231336e-01 -1.457654e+00 3.983636e-02 -8.768954e-01 4.558418e-01 -1.437218e+00
3.983636e-02 -8.768954e-01 4.558418e-01 -1.437218e+00 3.983636e-02 -8.768954e-01 4.867985e-01 -1.414728e+00
3.983636e-02 -8.768954e-01 4.867985e-01 -1.414728e+00 3.983636e-02 -8.768954e-01 5.159575e-01 -1.390262e+00
3.983636e-02 -8.768954e-01 5.159575e-01 -1.390262e+00 3.983636e-02 -8.768954e-01 5.432687e-01 -1.363888e+00
3.983636e-02 -8.768954e-01 5.432687e-01 -1.363888e+00 3.983636e-02 -8.768954e-01 5.686768e-01 -1.335669e+00
3.983636e-02 -8.768954e-01 5.686768e-01 -1.335669e+00 3.983636e-02 -8.768954e-01 5.921208e-01 -1.305661e+00
3.983636e-02 -8.768954e-01 5.921208e-01 -1.305661e+00 3.983636e-02 -8.768954e-01 6.135321e-01 -1.273915e+00
3.983636e-02 -8.768954e-01 6.135321e-01 -1.273915e+00 3.983636e-02 -8.768954e-01 6.328338e-01 -1.240479e+00
3.983636e-02 -8.768954e-01 6.328338e-01 -1.240479e+00 3.983636e-02 -8.768954e-01 6.499399e-01 -1.205400e+00
3.983636e-02 -8.768954e-01 6.499399e-01 -1.205400e+00 3.983636e-02 -8.768954e-01 6.647543e-01 -1.168724e+00
3.983636e-02 -8.768954e-01 6.647543e-01 -1.168724e+00 3.983636e-02 -8.768954e-01 6.771698e-01 -1.130500e+00
3.983636e-02 -8.768954e-01 6.771698e-01 -1.130500e+00 3.983636e-02 -8.768954e-01 6.870682e-01 -1.090780e+00
3.983636e-02 -8.768954e-01 6.870682e-01 -1.090780e+00 3.983636e-02 -8.768954e-01 6.943194e-01 -1.049626e+00
3.983636e-02 -8.768954e-01 6.943194e-01 -1.049626e+00 3.983636e-02 -8.768954e-01 6.987822e-01 -1.007109e+00
3.983636e-02 -8.768954e-01 6.987822e-01 -1.007109e+00 3.983636e-02 -8.768954e-01 7.003050e-01 -9.633166e-01
3.983636e-02 -8.768954e-01 7.003050e-01 -9.633166e-01 3.983636e-02 -8.768954e-01 6.987279e-01 -9.183571e-01
3.983636e-02 -8.768954e-01 6.987279e-01 -9.183571e-01 3.983636e-02 -8.768954e-01 6.938864e-01 -8.723661e-01
3.983636e-02 -8.768954e-01 6.938864e-01 -8.723661e-01 3.983636e-02 -8.768954e-01 6.856168e-01 -8.255126e-01
3.983636e-02 -8.768954e-01 6.856168e-01 -8.255126e-01 3.983636e-02 -8.768954e-01 6.737639e-01 -7.780070e-01
3.983636e-02 -8.768954e-01 6.737639e-01 -7.780070e-01 3.983636e-02 -8.768954e-01 6.581918e-01 -7.301072e-01
3.983636e-02 -8.768954e-01 6.581918e-01 -7.301072e-01 3.983636e-02 -8.768954e-01 6.387970e-01 -6.821247e-01
3.983636e-02 -8.768954e-01 6.387970e-01 -6.821247e-01 3.983636e-02 -8.768954e-01 6.155249e-01 -6.344266e-01
3.983636e-02 -8.768954e-01 6.155249e-01 -6.344266e-01 3.983636e-02 -8.768954e-01 5.883860e-01 -5.874336e-01
3.983636e-02 -8.768954e-01 5.883860e-01 -5.874336e-01 3.983636e-02 -8.768954e-01 5.574719e-01 -5.416108e-01
3.983636e-02 -8.768954e-01 5.574719e-01 -5.416108e-01 3.983636e-02 -8.768954e-01 5.229662e-01 -4.974516e-01
3.983636e-02 -8.768954e-01 5.229662e-01 -4.974516e-01 3.983636e-02 -8.768954e-01 4.851485e-01 -4.554535e-01
3.983636e-02 -8.768954e-01 4.851485e-01 -4.554535e-01 3.983636e-02 -8.768954e-01 4.443872e-01 -4.160906e-01
3.983636e-02 -8.768954e-01 4.443872e-01 -4.160906e-01 3.983636e-02 -8.768954e-01 4.011230e-01 -3.797850e-01
3.983636e-02 -8.768954e-01 4.011230e-01 -3.797850e-01 3.983636e-02 -8.768954e-01 3.558436e-01 -3.468828e-01
3.983636e-02 -8.768954e-01 3.558436e-01 -3.468828e-01 3.983636e-02 -8.768954e-01 3.090547e-01 -3.176395e-01
3.983636e-02 -8.768954e-01 3.090547e-01 -3.176395e-01 3.983636e-02 -8.768954e-01 2.612518e-01 -2.922148e-01
3.983636e-02 -8.768954e-01 2.612518e-01 -2.922148e-01 3.983636e-02 -8.768954e-01 2.128982e-01 -2.706782e-01
3.983636e-02 -8.768954e-01 2.128982e-01 -2.706782e-01 3.983636e-02 -8.768954e-01 1.644088e-01 -2.530210e-01
3.983636e-02 -8.768954e-01 1.644088e-01 -2.530210e-01 3.983636e-02 -8.768954e-01 1.161428e-01 -2.391725e-01
3.983636e-02 -8.768954e-01 1.161428e-01 -2.391725e-01 3.983636e-02 -8.768954e-01 6.840261e-02 -2.290167e-01
3.983636e-02 -8.768954e-01 6.840261e-02 -2.290167e-01 3.983636e-02 -8.768954e-01 2.143682e-02 -2.224081e-01
3.983636e-02 -8.768954e-01 2.143682e-02 -2.224081e-01 3.983636e-02 -8.768954e-01 -2.455356e-02 -2.191846e-01
3.983636e-02 -8.768954e-01 -2.455356e-02 -2.191846e-01 3.983636e-02 -8.768954e-01 -6.940791e-02 -2.191776e-01
3.983636e-02 -8.768954e-01 -6.940791e-02 -2.191776e-01 3.983636e-02 -8.768954e-01 -1.129987e-01 -2.222193e-01
3.983636e-02 -8.768954e-01 -1.129987e-01 -2.222193e-01 3.983636e-02 -8.768954e-01 -1.552243e-01 -2.281478e-01
3.983636e-02 -8.768954e-01 -1.552243e-01 -2.281478e-01 3.983636e-02 -8.768954e-01 -1.960035e-01 -2.368104e-01
3.983636e-02 -8.768954e-01 -1.960035e-01 -2.368104e-01 3.983636e-02 -8.768954e-01 -2.352697e-01 -2.480650e-01
3.983636e-02 -8.768954e-01 -2.352697e-01 -2.480650e-01 3.983636e-02 -8.768954e-01 -2.729668e-01 -2.617814e-01
3.983636e-02 -8.768954e-01 -2.729668e-01 -2.617814e-01 3.983636e-02 -8.768954e-01 -3.090456e-01 -2.778411e-01
3.983636e-02 -8.768954e-01 -3.090456e-01 -2.778411e-01 3.983636e-02 -8.768954e-01 -3.434609e-01 -2.961370e-01
3.983636e-02 -8.768954e-01 -3.434609e-01 -2.961370e-01 3.983636e-02 -8.768954e-01 -3.761690e-01 -3.165729e-01
3.983636e-02 -8.768954e-01 -3.761690e-01 -3.165729e-01 3.983636e-02 -8.768954e-01 -4.071258e-01 -3.390625e-01
3.983636e-02 -8.768954e-01 -4.071258e-01 -3.390625e-01 3.983636e-02 -8.768954e-01 -4.362848e-01 -3.635286e-01
3.983636e-02 -8.768954e-01 -4.362848e-01 -3.635286e-01 3.983636e-02 -8.768954e-01 -4.635959e-01 -3.899023e-01
3.983636e-02 -8.768954e-01 -4.635959e-01 -3.899023e-01 3.983636e-02 -8.768954e-01 -4.890041e-01 -4.181215e-01
3.983636e-02 -8.768954e-01 -4.890041e-01 -4.181215e-01 3.983636e-02 -8.768954e-01 -5.124481e-01 -4.481299e-01
3.983636e-02 -8.768954e-01 -5.124481e-01 -4.481299e-01 3.983636e-02 -8.768954e-01 -5.338594e-01 -4.798761e-01
3.983636e-02 -8.768954e-01 -5.338594e-01 -4.798761e-01 3.983636e-02 -8.768954e-01 -5.531611e-01 -5.133120e-01
3.983636e-02 -8.768954e-01 -5.531611e-01 -5.133120e-01 3.983636e-02 -8.768954e-01 -5.702672e-01 -5.483910e-01
3.983636e-02 -8.768954e-01 -5.702672e-01 -5.483910e-01 3.983636e-02 -8.768954e-01 -5.850815e-01 -5.850668e-01
3.983636e-02 -8.768954e-01 -5.850815e-01 -5.850668e-01 3.983636e-02 -8.768954e-01 -5.974971e-01 -6.232909e-01
3.983636e-02 -8.768954e-01 -5.974971e-01 -6.232909e-01 3.983636e-02 -8.768954e-01 -6.073955e-01 -6.630104e-01
3.983636e-02 -8.768954e-01 -6.073955e-01 -6.630104e-01 3.983636e-02 -8.768954e-01 -6.146467e-01 -7.041646e-01
3.983636e-02 -8.768954e-01 -6.146467e-01 -7.041646e-01 3.983636e-02 -8.768954e-01 -6.191095e-01 -7.466817e-01
3.983636e-02 -8.768954e-01 -6.191095e-01 -7.466817e-01 3.983636e-02 -8.768954e-01 -6.206322e-01 -7.904742e-01
