-3.750000e-01 -9.900000e-01 -8.347440e-02 -3.719926e-01 -3.800000e-01 -9.850000e-01 -8.262122e-02 -3.684143e-01
-3.700000e-01 -9.950000e-01 -8.436900e-02 -3.756008e-01 -3.750000e-01 -9.900000e-01 -8.347440e-02 -3.719926e-01
9.000000e-02 -9.950000e-01 -1.161165e-01 -3.366451e-01 9.000000e-02 -9.850000e-01 -1.168636e-01 -3.267013e-01
-3.800000e-01 -9.850000e-01 -8.262122e-02 -3.684143e-01 -3.800000e-01 -9.750000e-01 -8.030966e-02 -3.589797e-01
9.000000e-02 -9.850000e-01 -1.168636e-01 -3.267013e-01 9.500000e-02 -9.800000e-01 -1.172484e-01 -3.221084e-01
9.500000e-02 -9.800000e-01 -1.172484e-01 -3.221084e-01 1.000000e-01 -9.750000e-01 -1.176095e-01 -3.175502e-01
-3.850000e-01 -9.700000e-01 -7.939751e-02 -3.554353e-01 -3.900000e-01 -9.650000e-01 -7.853033e-02 -3.519202e-01
-3.800000e-01 -9.750000e-01 -8.030966e-02 -3.589797e-01 -3.850000e-01 -9.700000e-01 -7.939751e-02 -3.554353e-01
1.000000e-01 -9.750000e-01 -1.176095e-01 -3.175502e-01 1.050000e-01 -9.700000e-01 -1.180052e-01 -3.129979e-01
1.050000e-01 -9.700000e-01 -1.180052e-01 -3.129979e-01 1.100000e-01 -9.650000e-01 -1.183749e-01 -3.084803e-01
-3.900000e-01 -9.650000e-01 -7.853033e-02 -3.519202e-01 -3.900000e-01 -9.550000e-01 -7.613586e-02 -3.425304e-01
1.100000e-01 -9.650000e-01 -1.183749e-01 -3.084803e-01 1.100000e-01 -9.550000e-01 -1.192713e-01 -2.985615e-01
-3.950000e-01 -9.500000e-01 -7.521107e-02 -3.390507e-01 -4.000000e-01 -9.450000e-01 -7.433476e-02 -3.355994e-01
-3.900000e-01 -9.550000e-01 -7.613586e-02 -3.425304e-01 -3.950000e-01 -9.500000e-01 -7.521107e-02 -3.390507e-01
1.100000e-01 -9.550000e-01 -1.192713e-01 -2.985615e-01 1.150000e-01 -9.500000e-01 -1.197107e-01 -2.940570e-01
1.150000e-01 -9.500000e-01 -1.197107e-01 -2.940570e-01 1.200000e-01 -9.450000e-01 -1.201214e-01 -2.895873e-01
-4.000000e-01 -9.450000e-01 -7.433476e-02 -3.355994e-01 -4.000000e-01 -9.350000e-01 -7.185831e-02 -3.262567e-01
1.200000e-01 -9.450000e-01 -1.201214e-01 -2.895873e-01 1.200000e-01 -9.350000e-01 -1.210997e-01 -2.796841e-01
-4.000000e-01 -9.350000e-01 -7.185831e-02 -3.262567e-01 -4.000000e-01 -9.250000e-01 -6.935623e-02 -3.169255e-01
1.200000e-01 -9.350000e-01 -1.210997e-01 -2.796841e-01 1.250000e-01 -9.300000e-01 -1.215808e-01 -2.752290e-01
1.250000e-01 -9.300000e-01 -1.215808e-01 -2.752290e-01 1.300000e-01 -9.250000e-01 -1.220303e-01 -2.708092e-01
-4.050000e-01 -9.200000e-01 -6.839570e-02 -3.135299e-01 -4.100000e-01 -9.150000e-01 -6.748808e-02 -3.101620e-01
-4.000000e-01 -9.250000e-01 -6.935623e-02 -3.169255e-01 -4.050000e-01 -9.200000e-01 -6.839570e-02 -3.135299e-01
1.300000e-01 -9.250000e-01 -1.220303e-01 -2.708092e-01 1.300000e-01 -9.150000e-01 -1.230924e-01 -2.609232e-01
-4.100000e-01 -9.150000e-01 -6.748808e-02 -3.101620e-01 -4.100000e-01 -9.050000e-01 -6.490454e-02 -3.008809e-01
1.300000e-01 -9.150000e-01 -1.230924e-01 -2.609232e-01 1.350000e-01 -9.100000e-01 -1.236129e-01 -2.565194e-01
1.350000e-01 -9.100000e-01 -1.236129e-01 -2.565194e-01 1.400000e-01 -9.050000e-01 -1.240991e-01 -2.521510e-01
-4.150000e-01 -9.000000e-01 -6.394244e-02 -2.975518e-01 -4.200000e-01 -8.950000e-01 -6.303654e-02 -2.942494e-01
-4.100000e-01 -9.050000e-01 -6.490454e-02 -3.008809e-01 -4.150000e-01 -9.000000e-01 -6.394244e-02 -2.975518e-01
1.400000e-01 -9.050000e-01 -1.240991e-01 -2.521510e-01 1.450000e-01 -9.000000e-01 -1.246208e-01 -2.477914e-01
1.450000e-01 -9.000000e-01 -1.246208e-01 -2.477914e-01 1.500000e-01 -8.950000e-01 -1.251063e-01 -2.434671e-01
-4.200000e-01 -8.950000e-01 -6.303654e-02 -2.942494e-01 -4.200000e-01 -8.850000e-01 -6.037287e-02 -2.850207e-01
1.500000e-01 -8.950000e-01 -1.251063e-01 -2.434671e-01 1.500000e-01 -8.850000e-01 -1.263247e-01 -2.336184e-01
-4.200000e-01 -8.850000e-01 -6.037287e-02 -2.850207e-01 -4.200000e-01 -8.750000e-01 -5.768226e-02 -2.758055e-01
1.500000e-01 -8.850000e-01 -1.263247e-01 -2.336184e-01 1.550000e-01 -8.800000e-01 -1.268809e-01 -2.293128e-01
1.550000e-01 -8.800000e-01 -1.268809e-01 -2.293128e-01 1.600000e-01 -8.750000e-01 -1.273982e-01 -2.250427e-01
-4.250000e-01 -8.700000e-01 -5.669736e-02 -2.725638e-01 -4.300000e-01 -8.650000e-01 -5.577301e-02 -2.693480e-01
-4.200000e-01 -8.750000e-01 -5.768226e-02 -2.758055e-01 -4.250000e-01 -8.700000e-01 -5.669736e-02 -2.725638e-01
1.600000e-01 -8.750000e-01 -1.273982e-01 -2.250427e-01 1.600000e-01 -8.650000e-01 -1.287037e-01 -2.152167e-01
-4.300000e-01 -8.650000e-01 -5.577301e-02 -2.693480e-01 -4.300000e-01 -8.550000e-01 -5.300336e-02 -2.601884e-01
1.600000e-01 -8.650000e-01 -1.287037e-01 -2.152167e-01 1.650000e-01 -8.600000e-01 -1.292920e-01 -2.109669e-01
1.650000e-01 -8.600000e-01 -1.292920e-01 -2.109669e-01 1.700000e-01 -8.550000e-01 -1.298386e-01 -2.067528e-01
-4.300000e-01 -8.550000e-01 -5.300336e-02 -2.601884e-01 -4.300000e-01 -8.450000e-01 -5.020597e-02 -2.510435e-01
1.700000e-01 -8.550000e-01 -1.298386e-01 -2.067528e-01 1.700000e-01 -8.450000e-01 -1.312327e-01 -1.969518e-01
-4.350000e-01 -8.400000e-01 -4.920566e-02 -2.478914e-01 -4.400000e-01 -8.350000e-01 -4.827002e-02 -2.447641e-01
-4.300000e-01 -8.450000e-01 -5.020597e-02 -2.510435e-01 -4.350000e-01 -8.400000e-01 -4.920566e-02 -2.478914e-01
1.700000e-01 -8.450000e-01 -1.312327e-01 -1.969518e-01 1.700000e-01 -8.350000e-01 -1.326450e-01 -1.871550e-01
-4.400000e-01 -8.350000e-01 -4.827002e-02 -2.447641e-01 -4.400000e-01 -8.250000e-01 -4.539505e-02 -2.356780e-01
1.700000e-01 -8.350000e-01 -1.326450e-01 -1.871550e-01 1.750000e-01 -8.300000e-01 -1.332989e-01 -1.829742e-01
1.750000e-01 -8.300000e-01 -1.332989e-01 -1.829742e-01 1.800000e-01 -8.250000e-01 -1.339077e-01 -1.788294e-01
-4.400000e-01 -8.250000e-01 -4.539505e-02 -2.356780e-01 -4.400000e-01 -8.150000e-01 -4.249168e-02 -2.266081e-01
1.800000e-01 -8.250000e-01 -1.339077e-01 -1.788294e-01 1.800000e-01 -8.150000e-01 -1.354109e-01 -1.690605e-01
-4.400000e-01 -8.150000e-01 -4.249168e-02 -2.266081e-01 -4.400000e-01 -8.050000e-01 -3.955966e-02 -2.175546e-01
1.800000e-01 -8.150000e-01 -1.354109e-01 -1.690605e-01 1.850000e-01 -8.100000e-01 -1.360917e-01 -1.649401e-01
1.850000e-01 -8.100000e-01 -1.360917e-01 -1.649401e-01 1.900000e-01 -8.050000e-01 -1.367245e-01 -1.608555e-01
-4.450000e-01 -8.000000e-01 -3.852729e-02 -2.145169e-01 -4.500000e-01 -7.950000e-01 -3.756483e-02 -2.115027e-01
-4.400000e-01 -8.050000e-01 -3.955966e-02 -2.175546e-01 -4.450000e-01 -8.000000e-01 -3.852729e-02 -2.145169e-01
1.900000e-01 -8.050000e-01 -1.367245e-01 -1.608555e-01 1.900000e-01 -7.950000e-01 -1.383198e-01 -1.511169e-01
-4.500000e-01 -7.950000e-01 -3.756483e-02 -2.115027e-01 -4.500000e-01 -7.850000e-01 -3.455670e-02 -2.025124e-01
1.900000e-01 -7.950000e-01 -1.383198e-01 -1.511169e-01 1.950000e-01 -7.900000e-01 -1.390245e-01 -1.470586e-01
1.950000e-01 -7.900000e-01 -1.390245e-01 -1.470586e-01 2.000000e-01 -7.850000e-01 -1.396786e-01 -1.430362e-01
-4.500000e-01 -7.850000e-01 -3.455670e-02 -2.025124e-01 -4.500000e-01 -7.750000e-01 -3.151925e-02 -1.935401e-01
2.000000e-01 -7.850000e-01 -1.396786e-01 -1.430362e-01 2.000000e-01 -7.750000e-01 -1.413670e-01 -1.333305e-01
-4.500000e-01 -7.750000e-01 -3.151925e-02 -1.935401e-01 -4.500000e-01 -7.650000e-01 -2.845217e-02 -1.845860e-01
2.000000e-01 -7.750000e-01 -1.413670e-01 -1.333305e-01 2.050000e-01 -7.700000e-01 -1.420927e-01 -1.293363e-01
2.050000e-01 -7.700000e-01 -1.420927e-01 -1.293363e-01 2.100000e-01 -7.650000e-01 -1.427652e-01 -1.253777e-01
-4.550000e-01 -7.600000e-01 -2.739828e-02 -1.816669e-01 -4.600000e-01 -7.550000e-01 -2.641942e-02 -1.787699e-01
-4.500000e-01 -7.650000e-01 -2.845217e-02 -1.845860e-01 -4.550000e-01 -7.600000e-01 -2.739828e-02 -1.816669e-01
2.100000e-01 -7.650000e-01 -1.427652e-01 -1.253777e-01 2.100000e-01 -7.550000e-01 -1.445477e-01 -1.157076e-01
-4.600000e-01 -7.550000e-01 -2.641942e-02 -1.787699e-01 -4.600000e-01 -7.450000e-01 -2.327823e-02 -1.698837e-01
2.100000e-01 -7.550000e-01 -1.445477e-01 -1.157076e-01 2.100000e-01 -7.450000e-01 -1.463536e-01 -1.060446e-01
-4.600000e-01 -7.450000e-01 -2.327823e-02 -1.698837e-01 -4.600000e-01 -7.350000e-01 -2.010693e-02 -1.610174e-01
2.100000e-01 -7.450000e-01 -1.463536e-01 -1.060446e-01 2.150000e-01 -7.400000e-01 -1.471335e-01 -1.021317e-01
2.150000e-01 -7.400000e-01 -1.471335e-01 -1.021317e-01 2.200000e-01 -7.350000e-01 -1.478566e-01 -9.825473e-02
-4.600000e-01 -7.350000e-01 -2.010693e-02 -1.610174e-01 -4.600000e-01 -7.250000e-01 -1.690527e-02 -1.521713e-01
2.200000e-01 -7.350000e-01 -1.478566e-01 -9.825473e-02 2.200000e-01 -7.250000e-01 -1.497585e-01 -8.863107e-02
-4.650000e-01 -7.200000e-01 -1.584109e-02 -1.493750e-01 -4.700000e-01 -7.150000e-01 -1.485682e-02 -1.465991e-01
-4.600000e-01 -7.250000e-01 -1.690527e-02 -1.521713e-01 -4.650000e-01 -7.200000e-01 -1.584109e-02 -1.493750e-01
2.200000e-01 -7.250000e-01 -1.497585e-01 -8.863107e-02 2.250000e-01 -7.200000e-01 -1.505530e-01 -8.478686e-02
2.250000e-01 -7.200000e-01 -1.505530e-01 -8.478686e-02 2.300000e-01 -7.150000e-01 -1.512881e-01 -8.097836e-02
-4.700000e-01 -7.150000e-01 -1.485682e-02 -1.465991e-01 -4.700000e-01 -7.050000e-01 -1.158354e-02 -1.378259e-01
2.300000e-01 -7.150000e-01 -1.512881e-01 -8.097836e-02 2.300000e-01 -7.050000e-01 -1.532866e-01 -7.139714e-02
-4.700000e-01 -7.050000e-01 -1.158354e-02 -1.378259e-01 -4.700000e-01 -6.950000e-01 -8.279474e-03 -1.290745e-01
2.300000e-01 -7.050000e-01 -1.532866e-01 -7.139714e-02 2.300000e-01 -6.950000e-01 -1.553115e-01 -6.182492e-02
-4.700000e-01 -6.950000e-01 -8.279474e-03 -1.290745e-01 -4.700000e-01 -6.850000e-01 -4.944355e-03 -1.203457e-01
2.300000e-01 -6.950000e-01 -1.553115e-01 -6.182492e-02 2.350000e-01 -6.900000e-01 -1.561534e-01 -5.806947e-02
2.350000e-01 -6.900000e-01 -1.561534e-01 -5.806947e-02 2.400000e-01 -6.850000e-01 -1.569321e-01 -5.434960e-02
-4.700000e-01 -6.850000e-01 -4.944355e-03 -1.203457e-01 -4.700000e-01 -6.750000e-01 -1.577826e-03 -1.116398e-01
2.400000e-01 -6.850000e-01 -1.569321e-01 -5.434960e-02 2.400000e-01 -6.750000e-01 -1.590552e-01 -4.482405e-02
-4.750000e-01 -6.700000e-01 -4.960656e-04 -1.089977e-01 -4.800000e-01 -6.650000e-01 4.998338e-04 -1.063742e-01
-4.700000e-01 -6.750000e-01 -1.577826e-03 -1.116398e-01 -4.750000e-01 -6.700000e-01 -4.960656e-04 -1.089977e-01
2.400000e-01 -6.750000e-01 -1.590552e-01 -4.482405e-02 2.400000e-01 -6.650000e-01 -1.612065e-01 -3.530888e-02
-4.800000e-01 -6.650000e-01 4.998338e-04 -1.063742e-01 -4.800000e-01 -6.550000e-01 3.934760e-03 -9.774747e-02
2.400000e-01 -6.650000e-01 -1.612065e-01 -3.530888e-02 2.450000e-01 -6.600000e-01 -1.620918e-01 -3.164676e-02
2.450000e-01 -6.600000e-01 -1.620918e-01 -3.164676e-02 2.500000e-01 -6.550000e-01 -1.629102e-01 -2.802005e-02
-4.800000e-01 -6.550000e-01 3.934760e-03 -9.774747e-02 -4.800000e-01 -6.450000e-01 7.401307e-03 -8.914556e-02
2.500000e-01 -6.550000e-01 -1.629102e-01 -2.802005e-02 2.500000e-01 -6.450000e-01 -1.651613e-01 -1.855608e-02
-4.800000e-01 -6.450000e-01 7.401307e-03 -8.914556e-02 -4.800000e-01 -6.350000e-01 1.089968e-02 -8.056904e-02
2.500000e-01 -6.450000e-01 -1.651613e-01 -1.855608e-02 2.500000e-01 -6.350000e-01 -1.674421e-01 -9.104023e-03
-4.800000e-01 -6.350000e-01 1.089968e-02 -8.056904e-02 -4.800000e-01 -6.250000e-01 1.443018e-02 -7.201844e-02
2.500000e-01 -6.350000e-01 -1.674421e-01 -9.104023e-03 2.550000e-01 -6.300000e-01 -1.683666e-01 -5.539899e-03
2.550000e-01 -6.300000e-01 -1.683666e-01 -5.539899e-03 2.600000e-01 -6.250000e-01 -1.692205e-01 -2.010942e-03
-4.850000e-01 -6.200000e-01 1.551266e-02 -6.953793e-02 -4.900000e-01 -6.150000e-01 1.650346e-02 -6.707351e-02
-4.800000e-01 -6.250000e-01 1.443018e-02 -7.201844e-02 -4.850000e-01 -6.200000e-01 1.551266e-02 -6.953793e-02
2.600000e-01 -6.250000e-01 -1.692205e-01 -2.010942e-03 2.600000e-01 -6.150000e-01 -1.716024e-01 7.385025e-03
-4.900000e-01 -6.150000e-01 1.650346e-02 -6.707351e-02 -4.900000e-01 -6.050000e-01 2.009834e-02 -5.860893e-02
2.600000e-01 -6.150000e-01 -1.716024e-01 7.385025e-03 2.650000e-01 -6.100000e-01 -1.725261e-01 1.086928e-02
2.650000e-01 -6.100000e-01 -1.725261e-01 1.086928e-02 2.700000e-01 -6.050000e-01 -1.733767e-01 1.431896e-02
-4.900000e-01 -6.050000e-01 2.009834e-02 -5.860893e-02 -4.900000e-01 -5.950000e-01 2.372546e-02 -5.017236e-02
2.700000e-01 -6.050000e-01 -1.733767e-01 1.431896e-02 2.700000e-01 -5.950000e-01 -1.758596e-01 2.365497e-02
-4.900000e-01 -5.950000e-01 2.372546e-02 -5.017236e-02 -4.900000e-01 -5.850000e-01 2.738489e-02 -4.176434e-02
2.700000e-01 -5.950000e-01 -1.758596e-01 2.365497e-02 2.700000e-01 -5.850000e-01 -1.783752e-01 3.297583e-02
-4.900000e-01 -5.850000e-01 2.738489e-02 -4.176434e-02 -4.900000e-01 -5.750000e-01 3.107704e-02 -3.338559e-02
2.700000e-01 -5.850000e-01 -1.783752e-01 3.297583e-02 2.700000e-01 -5.750000e-01 -1.809242e-01 4.228138e-02
-4.900000e-01 -5.750000e-01 3.107704e-02 -3.338559e-02 -4.900000e-01 -5.650000e-01 3.480203e-02 -2.503675e-02
2.700000e-01 -5.750000e-01 -1.809242e-01 4.228138e-02 2.750000e-01 -5.700000e-01 -1.819127e-01 4.563456e-02
2.750000e-01 -5.700000e-01 -1.819127e-01 4.563456e-02 2.800000e-01 -5.650000e-01 -1.828229e-01 4.895341e-02
-4.950000e-01 -5.600000e-01 3.588057e-02 -2.275675e-02 -5.000000e-01 -5.550000e-01 3.686082e-02 -2.048975e-02
-4.900000e-01 -5.650000e-01 3.480203e-02 -2.503675e-02 -4.950000e-01 -5.600000e-01 3.588057e-02 -2.275675e-02
2.800000e-01 -5.650000e-01 -1.828229e-01 4.895341e-02 2.800000e-01 -5.550000e-01 -1.854747e-01 5.819184e-02
-5.000000e-01 -5.550000e-01 3.686082e-02 -2.048975e-02 -5.000000e-01 -5.450000e-01 4.064471e-02 -1.223574e-02
2.800000e-01 -5.550000e-01 -1.854747e-01 5.819184e-02 2.800000e-01 -5.450000e-01 -1.881617e-01 6.741269e-02
-5.000000e-01 -5.450000e-01 4.064471e-02 -1.223574e-02 -5.000000e-01 -5.350000e-01 4.446125e-02 -4.013929e-03
2.800000e-01 -5.450000e-01 -1.881617e-01 6.741269e-02 2.850000e-01 -5.400000e-01 -1.891740e-01 7.065263e-02
2.850000e-01 -5.400000e-01 -1.891740e-01 7.065263e-02 2.900000e-01 -5.350000e-01 -1.901041e-01 7.385894e-02
-5.000000e-01 -5.350000e-01 4.446125e-02 -4.013929e-03 -5.000000e-01 -5.250000e-01 4.831064e-02 4.174924e-03
2.900000e-01 -5.350000e-01 -1.901041e-01 7.385894e-02 2.900000e-01 -5.250000e-01 -1.928944e-01 8.300654e-02
-5.000000e-01 -5.250000e-01 4.831064e-02 4.174924e-03 -5.000000e-01 -5.150000e-01 5.219305e-02 1.233016e-02
2.900000e-01 -5.250000e-01 -1.928944e-01 8.300654e-02 2.900000e-01 -5.150000e-01 -1.957215e-01 9.213434e-02
-5.000000e-01 -5.150000e-01 5.219305e-02 1.233016e-02 -5.000000e-01 -5.050000e-01 5.610871e-02 2.045100e-02
2.900000e-01 -5.150000e-01 -1.957215e-01 9.213434e-02 2.950000e-01 -5.100000e-01 -1.967514e-01 9.525566e-02
2.950000e-01 -5.100000e-01 -1.967514e-01 9.525566e-02 3.000000e-01 -5.050000e-01 -1.976955e-01 9.834414e-02
-5.000000e-01 -5.050000e-01 5.610871e-02 2.045100e-02 -5.000000e-01 -4.950000e-01 6.005776e-02 2.853662e-02
3.000000e-01 -5.050000e-01 -1.976955e-01 9.834414e-02 3.000000e-01 -4.950000e-01 -2.006259e-01 1.073921e-01
-5.050000e-01 -4.900000e-01 6.111550e-02 3.057004e-02 -5.100000e-01 -4.850000e-01 6.206732e-02 3.259446e-02
-5.000000e-01 -4.950000e-01 6.005776e-02 2.853662e-02 -5.050000e-01 -4.900000e-01 6.111550e-02 3.057004e-02
3.000000e-01 -4.950000e-01 -2.006259e-01 1.073921e-01 3.000000e-01 -4.850000e-01 -2.035948e-01 1.164178e-01
-5.100000e-01 -4.850000e-01 6.206732e-02 3.259446e-02 -5.100000e-01 -4.750000e-01 6.606745e-02 4.057398e-02
3.000000e-01 -4.850000e-01 -2.035948e-01 1.164178e-01 3.050000e-01 -4.800000e-01 -2.046358e-01 1.194149e-01
3.050000e-01 -4.800000e-01 -2.046358e-01 1.194149e-01 3.100000e-01 -4.750000e-01 -2.055871e-01 1.223803e-01
-5.100000e-01 -4.750000e-01 6.606745e-02 4.057398e-02 -5.100000e-01 -4.650000e-01 7.010030e-02 4.851565e-02
3.100000e-01 -4.750000e-01 -2.055871e-01 1.223803e-01 3.100000e-01 -4.650000e-01 -2.086588e-01 1.313191e-01
-5.100000e-01 -4.650000e-01 7.010030e-02 4.851565e-02 -5.100000e-01 -4.550000e-01 7.416611e-02 5.641864e-02
3.100000e-01 -4.650000e-01 -2.086588e-01 1.313191e-01 3.100000e-01 -4.550000e-01 -2.117706e-01 1.402327e-01
-5.100000e-01 -4.550000e-01 7.416611e-02 5.641864e-02 -5.100000e-01 -4.450000e-01 7.826494e-02 6.428205e-02
3.100000e-01 -4.550000e-01 -2.117706e-01 1.402327e-01 3.100000e-01 -4.450000e-01 -2.149233e-01 1.491204e-01
-5.100000e-01 -4.450000e-01 7.826494e-02 6.428205e-02 -5.100000e-01 -4.350000e-01 8.239680e-02 7.210505e-02
3.100000e-01 -4.450000e-01 -2.149233e-01 1.491204e-01 3.150000e-01 -4.400000e-01 -2.159993e-01 1.519536e-01
3.150000e-01 -4.400000e-01 -2.159993e-01 1.519536e-01 3.200000e-01 -4.350000e-01 -2.169804e-01 1.547563e-01
-5.100000e-01 -4.350000e-01 8.239680e-02 7.210505e-02 -5.100000e-01 -4.250000e-01 8.656191e-02 7.988663e-02
3.200000e-01 -4.350000e-01 -2.169804e-01 1.547563e-01 3.200000e-01 -4.250000e-01 -2.202356e-01 1.635472e-01
-5.100000e-01 -4.250000e-01 8.656191e-02 7.988663e-02 -5.100000e-01 -4.150000e-01 9.076022e-02 8.762594e-02
3.200000e-01 -4.250000e-01 -2.202356e-01 1.635472e-01 3.200000e-01 -4.150000e-01 -2.235333e-01 1.723089e-01
-5.100000e-01 -4.150000e-01 9.076022e-02 8.762594e-02 -5.100000e-01 -4.050000e-01 9.499185e-02 9.532192e-02
3.200000e-01 -4.150000e-01 -2.235333e-01 1.723089e-01 3.250000e-01 -4.100000e-01 -2.246036e-01 1.750043e-01
3.250000e-01 -4.100000e-01 -2.246036e-01 1.750043e-01 3.300000e-01 -4.050000e-01 -2.255750e-01 1.776707e-01
-5.150000e-01 -4.000000e-01 9.599744e-02 9.701518e-02 -5.200000e-01 -3.950000e-01 9.688757e-02 9.870575e-02
-5.100000e-01 -4.050000e-01 9.499185e-02 9.532192e-02 -5.150000e-01 -4.000000e-01 9.599744e-02 9.701518e-02
3.300000e-01 -4.050000e-01 -2.255750e-01 1.776707e-01 3.300000e-01 -3.950000e-01 -2.289736e-01 1.863276e-01
-5.200000e-01 -3.950000e-01 9.688757e-02 9.870575e-02 -5.200000e-01 -3.850000e-01 1.011573e-01 1.062794e-01
3.300000e-01 -3.950000e-01 -2.289736e-01 1.863276e-01 3.300000e-01 -3.850000e-01 -2.324158e-01 1.949516e-01
-5.200000e-01 -3.850000e-01 1.011573e-01 1.062794e-01 -5.200000e-01 -3.750000e-01 1.054591e-01 1.138067e-01
3.300000e-01 -3.850000e-01 -2.324158e-01 1.949516e-01 3.300000e-01 -3.750000e-01 -2.359024e-01 2.035420e-01
-5.200000e-01 -3.750000e-01 1.054591e-01 1.138067e-01 -5.200000e-01 -3.650000e-01 1.097929e-01 1.212865e-01
3.300000e-01 -3.750000e-01 -2.359024e-01 2.035420e-01 3.350000e-01 -3.700000e-01 -2.369859e-01 2.060538e-01
3.350000e-01 -3.700000e-01 -2.369859e-01 2.060538e-01 3.400000e-01 -3.650000e-01 -2.379651e-01 2.085386e-01
-5.200000e-01 -3.650000e-01 1.097929e-01 1.212865e-01 -5.200000e-01 -3.550000e-01 1.141587e-01 1.287179e-01
3.400000e-01 -3.650000e-01 -2.379651e-01 2.085386e-01 3.400000e-01 -3.550000e-01 -2.415506e-01 2.170125e-01
-5.200000e-01 -3.550000e-01 1.141587e-01 1.287179e-01 -5.200000e-01 -3.450000e-01 1.185562e-01 1.360997e-01
3.400000e-01 -3.550000e-01 -2.415506e-01 2.170125e-01 3.400000e-01 -3.450000e-01 -2.451815e-01 2.254486e-01
-5.200000e-01 -3.450000e-01 1.185562e-01 1.360997e-01 -5.200000e-01 -3.350000e-01 1.229855e-01 1.434307e-01
3.400000e-01 -3.450000e-01 -2.451815e-01 2.254486e-01 3.400000e-01 -3.350000e-01 -2.488587e-01 2.338457e-01
-5.200000e-01 -3.350000e-01 1.229855e-01 1.434307e-01 -5.200000e-01 -3.250000e-01 1.274465e-01 1.507098e-01
3.400000e-01 -3.350000e-01 -2.488587e-01 2.338457e-01 3.450000e-01 -3.300000e-01 -2.499410e-01 2.361620e-01
3.450000e-01 -3.300000e-01 -2.499410e-01 2.361620e-01 3.500000e-01 -3.250000e-01 -2.509134e-01 2.384539e-01
-5.200000e-01 -3.250000e-01 1.274465e-01 1.507098e-01 -5.200000e-01 -3.150000e-01 1.319388e-01 1.579359e-01
3.500000e-01 -3.250000e-01 -2.509134e-01 2.384539e-01 3.500000e-01 -3.150000e-01 -2.546861e-01 2.467219e-01
-5.200000e-01 -3.150000e-01 1.319388e-01 1.579359e-01 -5.200000e-01 -3.050000e-01 1.364625e-01 1.651076e-01
3.500000e-01 -3.150000e-01 -2.546861e-01 2.467219e-01 3.500000e-01 -3.050000e-01 -2.585058e-01 2.549464e-01
-5.200000e-01 -3.050000e-01 1.364625e-01 1.651076e-01 -5.200000e-01 -2.950000e-01 1.410172e-01 1.722238e-01
3.500000e-01 -3.050000e-01 -2.585058e-01 2.549464e-01 3.500000e-01 -2.950000e-01 -2.623731e-01 2.631260e-01
-5.250000e-01 -2.900000e-01 1.418853e-01 1.734606e-01 -5.300000e-01 -2.850000e-01 1.426271e-01 1.747047e-01
-5.200000e-01 -2.950000e-01 1.410172e-01 1.722238e-01 -5.250000e-01 -2.900000e-01 1.418853e-01 1.734606e-01
3.500000e-01 -2.950000e-01 -2.623731e-01 2.631260e-01 3.550000e-01 -2.900000e-01 -2.634375e-01 2.652348e-01
3.550000e-01 -2.900000e-01 -2.634375e-01 2.652348e-01 3.600000e-01 -2.850000e-01 -2.643864e-01 2.673221e-01
-5.300000e-01 -2.850000e-01 1.426271e-01 1.747047e-01 -5.300000e-01 -2.750000e-01 1.471972e-01 1.816763e-01
3.600000e-01 -2.850000e-01 -2.643864e-01 2.673221e-01 3.600000e-01 -2.750000e-01 -2.683443e-01 2.753591e-01
-5.300000e-01 -2.750000e-01 1.471972e-01 1.816763e-01 -5.300000e-01 -2.650000e-01 1.517960e-01 1.885887e-01
3.600000e-01 -2.750000e-01 -2.683443e-01 2.753591e-01 3.600000e-01 -2.650000e-01 -2.723501e-01 2.833460e-01
-5.300000e-01 -2.650000e-01 1.517960e-01 1.885887e-01 -5.300000e-01 -2.550000e-01 1.564229e-01 1.954407e-01
3.600000e-01 -2.650000e-01 -2.723501e-01 2.833460e-01 3.600000e-01 -2.550000e-01 -2.764045e-01 2.912813e-01
-5.300000e-01 -2.550000e-01 1.564229e-01 1.954407e-01 -5.300000e-01 -2.450000e-01 1.610778e-01 2.022308e-01
3.600000e-01 -2.550000e-01 -2.764045e-01 2.912813e-01 3.600000e-01 -2.450000e-01 -2.805078e-01 2.991633e-01
-5.300000e-01 -2.450000e-01 1.610778e-01 2.022308e-01 -5.300000e-01 -2.350000e-01 1.657600e-01 2.089577e-01
3.600000e-01 -2.450000e-01 -2.805078e-01 2.991633e-01 3.650000e-01 -2.400000e-01 -2.815532e-01 3.010003e-01
3.650000e-01 -2.400000e-01 -2.815532e-01 3.010003e-01 3.700000e-01 -2.350000e-01 -2.824755e-01 3.028202e-01
-5.300000e-01 -2.350000e-01 1.657600e-01 2.089577e-01 -5.300000e-01 -2.250000e-01 1.704690e-01 2.156199e-01
3.700000e-01 -2.350000e-01 -2.824755e-01 3.028202e-01 3.700000e-01 -2.250000e-01 -2.866618e-01 3.105411e-01
-5.300000e-01 -2.250000e-01 1.704690e-01 2.156199e-01 -5.300000e-01 -2.150000e-01 1.752045e-01 2.222162e-01
3.700000e-01 -2.250000e-01 -2.866618e-01 3.105411e-01 3.700000e-01 -2.150000e-01 -2.908968e-01 3.182028e-01
-5.300000e-01 -2.150000e-01 1.752045e-01 2.222162e-01 -5.300000e-01 -2.050000e-01 1.799657e-01 2.287448e-01
3.700000e-01 -2.150000e-01 -2.908968e-01 3.182028e-01 3.700000e-01 -2.050000e-01 -2.951810e-01 3.258034e-01
-5.300000e-01 -2.050000e-01 1.799657e-01 2.287448e-01 -5.300000e-01 -1.950000e-01 1.847522e-01 2.352043e-01
3.700000e-01 -2.050000e-01 -2.951810e-01 3.258034e-01 3.750000e-01 -2.000000e-01 -2.961619e-01 3.274053e-01
3.750000e-01 -2.000000e-01 -2.961619e-01 3.274053e-01 3.800000e-01 -1.950000e-01 -2.970142e-01 3.289951e-01
-5.300000e-01 -1.950000e-01 1.847522e-01 2.352043e-01 -5.300000e-01 -1.850000e-01 1.895631e-01 2.415933e-01
3.800000e-01 -1.950000e-01 -2.970142e-01 3.289951e-01 3.800000e-01 -1.850000e-01 -3.013713e-01 3.364188e-01
-5.300000e-01 -1.850000e-01 1.895631e-01 2.415933e-01 -5.300000e-01 -1.750000e-01 1.943977e-01 2.479102e-01
3.800000e-01 -1.850000e-01 -3.013713e-01 3.364188e-01 3.800000e-01 -1.750000e-01 -3.057765e-01 3.437751e-01
-5.300000e-01 -1.750000e-01 1.943977e-01 2.479102e-01 -5.300000e-01 -1.650000e-01 1.992554e-01 2.541532e-01
3.800000e-01 -1.750000e-01 -3.057765e-01 3.437751e-01 3.800000e-01 -1.650000e-01 -3.102298e-01 3.510618e-01
-5.300000e-01 -1.650000e-01 1.992554e-01 2.541532e-01 -5.300000e-01 -1.550000e-01 2.041352e-01 2.603210e-01
3.800000e-01 -1.650000e-01 -3.102298e-01 3.510618e-01 3.800000e-01 -1.550000e-01 -3.147317e-01 3.582766e-01
-5.300000e-01 -1.550000e-01 2.041352e-01 2.603210e-01 -5.300000e-01 -1.450000e-01 2.090362e-01 2.664118e-01
3.800000e-01 -1.550000e-01 -3.147317e-01 3.582766e-01 3.850000e-01 -1.500000e-01 -3.156278e-01 3.595718e-01
3.850000e-01 -1.500000e-01 -3.156278e-01 3.595718e-01 3.900000e-01 -1.450000e-01 -3.163885e-01 3.608618e-01
-5.300000e-01 -1.450000e-01 2.090362e-01 2.664118e-01 -5.300000e-01 -1.350000e-01 2.139575e-01 2.724239e-01
3.900000e-01 -1.450000e-01 -3.163885e-01 3.608618e-01 3.900000e-01 -1.350000e-01 -3.209479e-01 3.678787e-01
-5.300000e-01 -1.350000e-01 2.139575e-01 2.724239e-01 -5.300000e-01 -1.250000e-01 2.188979e-01 2.783557e-01
3.900000e-01 -1.350000e-01 -3.209479e-01 3.678787e-01 3.900000e-01 -1.250000e-01 -3.255534e-01 3.748166e-01
-5.300000e-01 -1.250000e-01 2.188979e-01 2.783557e-01 -5.300000e-01 -1.150000e-01 2.238565e-01 2.842054e-01
3.900000e-01 -1.250000e-01 -3.255534e-01 3.748166e-01 3.900000e-01 -1.150000e-01 -3.302049e-01 3.816731e-01
-5.300000e-01 -1.150000e-01 2.238565e-01 2.842054e-01 -5.300000e-01 -1.050000e-01 2.288320e-01 2.899714e-01
3.900000e-01 -1.150000e-01 -3.302049e-01 3.816731e-01 3.900000e-01 -1.050000e-01 -3.349023e-01 3.884456e-01
-5.300000e-01 -1.050000e-01 2.288320e-01 2.899714e-01 -5.300000e-01 -9.500000e-02 2.338232e-01 2.956519e-01
3.900000e-01 -1.050000e-01 -3.349023e-01 3.884456e-01 3.950000e-01 -1.000000e-01 -3.356674e-01 3.894171e-01
3.950000e-01 -1.000000e-01 -3.356674e-01 3.894171e-01 4.000000e-01 -9.500000e-02 -3.362905e-01 3.903922e-01
-5.300000e-01 -9.500000e-02 2.338232e-01 2.956519e-01 -5.300000e-01 -8.500000e-02 2.388285e-01 3.012451e-01
4.000000e-01 -9.500000e-02 -3.362905e-01 3.903922e-01 4.000000e-01 -8.500000e-02 -3.410244e-01 3.969452e-01
-5.350000e-01 -8.000000e-02 2.391382e-01 3.014881e-01 -5.400000e-01 -7.500000e-02 2.393052e-01 3.017680e-01
-5.300000e-01 -8.500000e-02 2.388285e-01 3.012451e-01 -5.350000e-01 -8.000000e-02 2.391382e-01 3.014881e-01
4.000000e-01 -8.500000e-02 -3.410244e-01 3.969452e-01 4.000000e-01 -7.500000e-02 -3.458003e-01 4.034064e-01
-5.400000e-01 -7.500000e-02 2.393052e-01 3.017680e-01 -5.400000e-01 -6.500000e-02 2.442480e-01 3.071718e-01
4.000000e-01 -7.500000e-02 -3.458003e-01 4.034064e-01 4.000000e-01 -6.500000e-02 -3.506174e-01 4.097731e-01
-5.400000e-01 -6.500000e-02 2.442480e-01 3.071718e-01 -5.400000e-01 -5.500000e-02 2.491984e-01 3.124847e-01
4.000000e-01 -6.500000e-02 -3.506174e-01 4.097731e-01 4.000000e-01 -5.500000e-02 -3.554750e-01 4.160425e-01
-5.400000e-01 -5.500000e-02 2.491984e-01 3.124847e-01 -5.400000e-01 -4.500000e-02 2.541545e-01 3.177048e-01
4.000000e-01 -5.500000e-02 -3.554750e-01 4.160425e-01 4.050000e-01 -5.000000e-02 -3.560538e-01 4.166783e-01
4.050000e-01 -5.000000e-02 -3.560538e-01 4.166783e-01 4.100000e-01 -4.500000e-02 -3.564853e-01 4.173285e-01
-5.400000e-01 -4.500000e-02 2.541545e-01 3.177048e-01 -5.400000e-01 -3.500000e-02 2.591147e-01 3.228305e-01
4.100000e-01 -4.500000e-02 -3.564853e-01 4.173285e-01 4.100000e-01 -3.500000e-02 -3.613518e-01 4.233573e-01
-5.400000e-01 -3.500000e-02 2.591147e-01 3.228305e-01 -5.400000e-01 -2.500000e-02 2.640769e-01 3.278601e-01
4.100000e-01 -3.500000e-02 -3.613518e-01 4.233573e-01 4.100000e-01 -2.500000e-02 -3.662529e-01 4.292808e-01
-5.400000e-01 -2.500000e-02 2.640769e-01 3.278601e-01 -5.400000e-01 -1.500000e-02 2.690391e-01 3.327919e-01
4.100000e-01 -2.500000e-02 -3.662529e-01 4.292808e-01 4.100000e-01 -1.500000e-02 -3.711873e-01 4.350958e-01
-5.400000e-01 -1.500000e-02 2.690391e-01 3.327919e-01 -5.400000e-01 -5.000000e-03 2.739992e-01 3.376241e-01
4.100000e-01 -1.500000e-02 -3.711873e-01 4.350958e-01 4.100000e-01 -5.000000e-03 -3.761536e-01 4.407991e-01
-5.400000e-01 -5.000000e-03 2.739992e-01 3.376241e-01 -5.400000e-01 5.000000e-03 2.789549e-01 3.423552e-01
4.100000e-01 -5.000000e-03 -3.761536e-01 4.407991e-01 4.100000e-01 5.000000e-03 -3.811502e-01 4.463877e-01
-5.400000e-01 5.000000e-03 2.789549e-01 3.423552e-01 -5.400000e-01 1.500000e-02 2.839039e-01 3.469834e-01
4.100000e-01 5.000000e-03 -3.811502e-01 4.463877e-01 4.150000e-01 1.000000e-02 -3.814504e-01 4.466104e-01
4.150000e-01 1.000000e-02 -3.814504e-01 4.466104e-01 4.200000e-01 1.500000e-02 -3.815981e-01 4.468630e-01
-5.400000e-01 1.500000e-02 2.839039e-01 3.469834e-01 -5.400000e-01 2.500000e-02 2.888435e-01 3.515072e-01
4.200000e-01 1.500000e-02 -3.815981e-01 4.468630e-01 4.200000e-01 2.500000e-02 -3.865611e-01 4.521881e-01
-5.400000e-01 2.500000e-02 2.888435e-01 3.515072e-01 -5.400000e-01 3.500000e-02 2.937712e-01 3.559248e-01
4.200000e-01 2.500000e-02 -3.865611e-01 4.521881e-01 4.200000e-01 3.500000e-02 -3.915454e-01 4.573906e-01
-5.400000e-01 3.500000e-02 2.937712e-01 3.559248e-01 -5.400000e-01 4.500000e-02 2.986843e-01 3.602350e-01
4.200000e-01 3.500000e-02 -3.915454e-01 4.573906e-01 4.200000e-01 4.500000e-02 -3.965488e-01 4.624674e-01
-5.400000e-01 4.500000e-02 2.986843e-01 3.602350e-01 -5.400000e-01 5.500000e-02 3.035799e-01 3.644360e-01
4.200000e-01 4.500000e-02 -3.965488e-01 4.624674e-01 4.200000e-01 5.500000e-02 -4.015687e-01 4.674151e-01
-5.400000e-01 5.500000e-02 3.035799e-01 3.644360e-01 -5.400000e-01 6.500000e-02 3.084550e-01 3.685265e-01
4.200000e-01 5.500000e-02 -4.015687e-01 4.674151e-01 4.200000e-01 6.500000e-02 -4.066025e-01 4.722305e-01
-5.400000e-01 6.500000e-02 3.084550e-01 3.685265e-01 -5.400000e-01 7.500000e-02 3.133062e-01 3.725051e-01
4.200000e-01 6.500000e-02 -4.066025e-01 4.722305e-01 4.250000e-01 7.000000e-02 -4.065166e-01 4.720482e-01
4.250000e-01 7.000000e-02 -4.065166e-01 4.720482e-01 4.300000e-01 7.500000e-02 -4.062769e-01 4.719142e-01
-5.400000e-01 7.500000e-02 3.133062e-01 3.725051e-01 -5.400000e-01 8.500000e-02 3.181305e-01 3.763706e-01
4.300000e-01 7.500000e-02 -4.062769e-01 4.719142e-01 4.300000e-01 8.500000e-02 -4.112217e-01 4.764506e-01
-5.400000e-01 8.500000e-02 3.181305e-01 3.763706e-01 -5.400000e-01 9.500000e-02 3.229243e-01 3.801216e-01
4.300000e-01 8.500000e-02 -4.112217e-01 4.764506e-01 4.300000e-01 9.500000e-02 -4.161679e-01 4.808483e-01
-5.400000e-01 9.500000e-02 3.229243e-01 3.801216e-01 -5.400000e-01 1.050000e-01 3.276842e-01 3.837571e-01
4.300000e-01 9.500000e-02 -4.161679e-01 4.808483e-01 4.300000e-01 1.050000e-01 -4.211118e-01 4.851043e-01
-5.400000e-01 1.050000e-01 3.276842e-01 3.837571e-01 -5.400000e-01 1.150000e-01 3.324064e-01 3.872760e-01
4.300000e-01 1.050000e-01 -4.211118e-01 4.851043e-01 4.300000e-01 1.150000e-01 -4.260496e-01 4.892156e-01
-5.400000e-01 1.150000e-01 3.324064e-01 3.872760e-01 -5.400000e-01 1.250000e-01 3.370870e-01 3.906775e-01
4.300000e-01 1.150000e-01 -4.260496e-01 4.892156e-01 4.300000e-01 1.250000e-01 -4.309773e-01 4.931793e-01
-5.400000e-01 1.250000e-01 3.370870e-01 3.906775e-01 -5.400000e-01 1.350000e-01 3.417221e-01 3.939608e-01
4.300000e-01 1.250000e-01 -4.309773e-01 4.931793e-01 4.350000e-01 1.300000e-01 -4.303848e-01 4.926296e-01
4.350000e-01 1.300000e-01 -4.303848e-01 4.926296e-01 4.400000e-01 1.350000e-01 -4.296429e-01 4.921492e-01
-5.400000e-01 1.350000e-01 3.417221e-01 3.939608e-01 -5.400000e-01 1.450000e-01 3.463074e-01 3.971251e-01
4.400000e-01 1.350000e-01 -4.296429e-01 4.921492e-01 4.400000e-01 1.450000e-01 -4.344140e-01 4.958320e-01
-5.400000e-01 1.450000e-01 3.463074e-01 3.971251e-01 -5.400000e-01 1.550000e-01 3.508389e-01 4.001701e-01
4.400000e-01 1.450000e-01 -4.344140e-01 4.958320e-01 4.400000e-01 1.550000e-01 -4.391587e-01 4.993639e-01
-5.400000e-01 1.550000e-01 3.508389e-01 4.001701e-01 -5.350000e-01 1.600000e-01 3.566614e-01 4.038690e-01
-5.350000e-01 1.600000e-01 3.566614e-01 4.038690e-01 -5.300000e-01 1.650000e-01 3.624788e-01 4.076010e-01
4.400000e-01 1.550000e-01 -4.391587e-01 4.993639e-01 4.400000e-01 1.650000e-01 -4.438722e-01 5.027427e-01
-5.300000e-01 1.650000e-01 3.624788e-01 4.076010e-01 -5.300000e-01 1.750000e-01 3.670163e-01 4.103415e-01
4.400000e-01 1.650000e-01 -4.438722e-01 5.027427e-01 4.400000e-01 1.750000e-01 -4.485491e-01 5.059662e-01
-5.300000e-01 1.750000e-01 3.670163e-01 4.103415e-01 -5.300000e-01 1.850000e-01 3.714866e-01 4.129574e-01
4.400000e-01 1.750000e-01 -4.485491e-01 5.059662e-01 4.400000e-01 1.850000e-01 -4.531842e-01 5.090326e-01
-5.300000e-01 1.850000e-01 3.714866e-01 4.129574e-01 -5.300000e-01 1.950000e-01 3.758849e-01 4.154487e-01
4.400000e-01 1.850000e-01 -4.531842e-01 5.090326e-01 4.400000e-01 1.950000e-01 -4.577715e-01 5.119401e-01
-5.300000e-01 1.950000e-01 3.758849e-01 4.154487e-01 -5.300000e-01 2.050000e-01 3.802059e-01 4.178159e-01
4.400000e-01 1.950000e-01 -4.577715e-01 5.119401e-01 4.400000e-01 2.050000e-01 -4.623052e-01 5.146873e-01
-5.300000e-01 2.050000e-01 3.802059e-01 4.178159e-01 -5.300000e-01 2.150000e-01 3.844444e-01 4.200595e-01
4.400000e-01 2.050000e-01 -4.623052e-01 5.146873e-01 4.450000e-01 2.100000e-01 -4.608919e-01 5.137436e-01
4.450000e-01 2.100000e-01 -4.608919e-01 5.137436e-01 4.500000e-01 2.150000e-01 -4.593444e-01 5.128979e-01
-5.300000e-01 2.150000e-01 3.844444e-01 4.200595e-01 -5.300000e-01 2.250000e-01 3.885953e-01 4.221803e-01
4.500000e-01 2.150000e-01 -4.593444e-01 5.128979e-01 4.500000e-01 2.250000e-01 -4.636186e-01 5.153909e-01
-5.300000e-01 2.250000e-01 3.885953e-01 4.221803e-01 -5.300000e-01 2.350000e-01 3.926531e-01 4.241795e-01
4.500000e-01 2.250000e-01 -4.636186e-01 5.153909e-01 4.500000e-01 2.350000e-01 -4.678193e-01 5.177273e-01
-5.300000e-01 2.350000e-01 3.926531e-01 4.241795e-01 -5.300000e-01 2.450000e-01 3.966124e-01 4.260583e-01
4.500000e-01 2.350000e-01 -4.678193e-01 5.177273e-01 4.500000e-01 2.450000e-01 -4.719397e-01 5.199069e-01
-5.300000e-01 2.450000e-01 3.966124e-01 4.260583e-01 -5.300000e-01 2.550000e-01 4.004675e-01 4.278186e-01
4.500000e-01 2.450000e-01 -4.719397e-01 5.199069e-01 4.500000e-01 2.550000e-01 -4.759733e-01 5.219299e-01
-5.300000e-01 2.550000e-01 4.004675e-01 4.278186e-01 -5.300000e-01 2.650000e-01 4.042131e-01 4.294622e-01
4.500000e-01 2.550000e-01 -4.759733e-01 5.219299e-01 4.500000e-01 2.650000e-01 -4.799132e-01 5.237968e-01
-5.300000e-01 2.650000e-01 4.042131e-01 4.294622e-01 -5.300000e-01 2.750000e-01 4.078435e-01 4.309914e-01
4.500000e-01 2.650000e-01 -4.799132e-01 5.237968e-01 4.500000e-01 2.750000e-01 -4.837522e-01 5.255087e-01
-5.300000e-01 2.750000e-01 4.078435e-01 4.309914e-01 -5.300000e-01 2.850000e-01 4.113532e-01 4.324088e-01
4.500000e-01 2.750000e-01 -4.837522e-01 5.255087e-01 4.550000e-01 2.800000e-01 -4.814422e-01 5.244228e-01
4.550000e-01 2.800000e-01 -4.814422e-01 5.244228e-01 4.600000e-01 2.850000e-01 -4.790252e-01 5.234550e-01
-5.300000e-01 2.850000e-01 4.113532e-01 4.324088e-01 -5.300000e-01 2.950000e-01 4.147366e-01 4.337175e-01
4.600000e-01 2.850000e-01 -4.790252e-01 5.234550e-01 4.600000e-01 2.950000e-01 -4.825170e-01 5.249789e-01
-5.300000e-01 2.950000e-01 4.147366e-01 4.337175e-01 -5.300000e-01 3.050000e-01 4.179883e-01 4.349206e-01
4.600000e-01 2.950000e-01 -4.825170e-01 5.249789e-01 4.600000e-01 3.050000e-01 -4.858886e-01 5.263601e-01
-5.300000e-01 3.050000e-01 4.179883e-01 4.349206e-01 -5.300000e-01 3.150000e-01 4.211027e-01 4.360219e-01
4.600000e-01 3.050000e-01 -4.858886e-01 5.263601e-01 4.600000e-01 3.150000e-01 -4.891328e-01 5.276012e-01
-5.300000e-01 3.150000e-01 4.211027e-01 4.360219e-01 -5.300000e-01 3.250000e-01 4.240747e-01 4.370253e-01
4.600000e-01 3.150000e-01 -4.891328e-01 5.276012e-01 4.600000e-01 3.250000e-01 -4.922427e-01 5.287053e-01
-5.300000e-01 3.250000e-01 4.240747e-01 4.370253e-01 -5.300000e-01 3.350000e-01 4.268990e-01 4.379351e-01
4.600000e-01 3.250000e-01 -4.922427e-01 5.287053e-01 4.600000e-01 3.350000e-01 -4.952116e-01 5.296760e-01
-5.300000e-01 3.350000e-01 4.268990e-01 4.379351e-01 -5.300000e-01 3.450000e-01 4.295706e-01 4.387560e-01
4.600000e-01 3.350000e-01 -4.952116e-01 5.296760e-01 4.600000e-01 3.450000e-01 -4.980326e-01 5.305173e-01
-5.300000e-01 3.450000e-01 4.295706e-01 4.387560e-01 -5.300000e-01 3.550000e-01 4.320846e-01 4.394930e-01
4.600000e-01 3.450000e-01 -4.980326e-01 5.305173e-01 4.600000e-01 3.550000e-01 -5.006991e-01 5.312336e-01
-5.300000e-01 3.550000e-01 4.320846e-01 4.394930e-01 -5.300000e-01 3.650000e-01 4.344363e-01 4.401516e-01
4.600000e-01 3.550000e-01 -5.006991e-01 5.312336e-01 4.600000e-01 3.650000e-01 -5.032044e-01 5.318300e-01
-5.300000e-01 3.650000e-01 4.344363e-01 4.401516e-01 -5.300000e-01 3.750000e-01 4.366214e-01 4.407374e-01
4.600000e-01 3.650000e-01 -5.032044e-01 5.318300e-01 4.650000e-01 3.700000e-01 -4.996609e-01 5.309024e-01
4.650000e-01 3.700000e-01 -4.996609e-01 5.309024e-01 4.700000e-01 3.750000e-01 -4.960569e-01 5.301026e-01
-5.300000e-01 3.750000e-01 4.366214e-01 4.407374e-01 -5.300000e-01 3.850000e-01 4.386357e-01 4.412563e-01
4.700000e-01 3.750000e-01 -4.960569e-01 5.301026e-01 4.700000e-01 3.850000e-01 -4.981392e-01 5.306490e-01
-5.300000e-01 3.850000e-01 4.386357e-01 4.412563e-01 -5.250000e-01 3.900000e-01 4.443779e-01 4.424050e-01
-5.250000e-01 3.900000e-01 4.443779e-01 4.424050e-01 -5.200000e-01 3.950000e-01 4.501455e-01 4.435001e-01
4.700000e-01 3.850000e-01 -4.981392e-01 5.306490e-01 4.700000e-01 3.950000e-01 -5.000482e-01 5.310986e-01
-5.200000e-01 3.950000e-01 4.501455e-01 4.435001e-01 -5.200000e-01 4.050000e-01 4.518727e-01 4.437215e-01
4.700000e-01 3.950000e-01 -5.000482e-01 5.310986e-01 4.700000e-01 4.050000e-01 -5.017789e-01 5.314575e-01
-5.200000e-01 4.050000e-01 4.518727e-01 4.437215e-01 -5.200000e-01 4.150000e-01 4.534118e-01 4.438926e-01
4.700000e-01 4.050000e-01 -5.017789e-01 5.314575e-01 4.700000e-01 4.150000e-01 -5.033266e-01 5.317326e-01
-5.200000e-01 4.150000e-01 4.534118e-01 4.438926e-01 -5.200000e-01 4.250000e-01 4.547598e-01 4.440211e-01
4.700000e-01 4.150000e-01 -5.033266e-01 5.317326e-01 4.700000e-01 4.250000e-01 -5.046869e-01 5.319310e-01
-5.200000e-01 4.250000e-01 4.547598e-01 4.440211e-01 -5.200000e-01 4.350000e-01 4.559139e-01 4.441144e-01
4.700000e-01 4.250000e-01 -5.046869e-01 5.319310e-01 4.700000e-01 4.350000e-01 -5.058557e-01 5.320601e-01
-5.200000e-01 4.350000e-01 4.559139e-01 4.441144e-01 -5.200000e-01 4.450000e-01 4.568722e-01 4.441805e-01
4.700000e-01 4.350000e-01 -5.058557e-01 5.320601e-01 4.700000e-01 4.450000e-01 -5.068295e-01 5.321277e-01
-5.200000e-01 4.450000e-01 4.568722e-01 4.441805e-01 -5.200000e-01 4.550000e-01 4.576329e-01 4.442276e-01
4.700000e-01 4.450000e-01 -5.068295e-01 5.321277e-01 4.700000e-01 4.550000e-01 -5.076051e-01 5.321417e-01
-5.200000e-01 4.550000e-01 4.576329e-01 4.442276e-01 -5.200000e-01 4.650000e-01 4.581947e-01 4.442636e-01
4.700000e-01 4.550000e-01 -5.076051e-01 5.321417e-01 4.700000e-01 4.650000e-01 -5.081799e-01 5.321104e-01
-5.200000e-01 4.650000e-01 4.581947e-01 4.442636e-01 -5.200000e-01 4.750000e-01 4.585569e-01 4.442969e-01
4.700000e-01 4.650000e-01 -5.081799e-01 5.321104e-01 4.700000e-01 4.750000e-01 -5.085516e-01 5.320422e-01
-5.200000e-01 4.750000e-01 4.585569e-01 4.442969e-01 -5.200000e-01 4.850000e-01 4.587192e-01 4.443358e-01
4.700000e-01 4.750000e-01 -5.085516e-01 5.320422e-01 4.750000e-01 4.800000e-01 -5.036372e-01 5.319103e-01
4.750000e-01 4.800000e-01 -5.036372e-01 5.319103e-01 4.800000e-01 4.850000e-01 -4.987192e-01 5.318823e-01
-5.200000e-01 4.850000e-01 4.587192e-01 4.443358e-01 -5.200000e-01 4.950000e-01 4.586819e-01 4.443885e-01
4.800000e-01 4.850000e-01 -4.987192e-01 5.318823e-01 4.800000e-01 4.950000e-01 -4.986823e-01 5.319679e-01
-5.200000e-01 4.950000e-01 4.586819e-01 4.443885e-01 -5.200000e-01 5.050000e-01 4.584459e-01 4.444635e-01
4.800000e-01 4.950000e-01 -4.986823e-01 5.319679e-01 4.800000e-01 5.050000e-01 -4.984471e-01 5.320428e-01
-5.200000e-01 5.050000e-01 4.584459e-01 4.444635e-01 -5.200000e-01 5.150000e-01 4.580122e-01 4.445688e-01
4.800000e-01 5.050000e-01 -4.984471e-01 5.320428e-01 4.800000e-01 5.150000e-01 -4.980136e-01 5.321152e-01
-5.200000e-01 5.150000e-01 4.580122e-01 4.445688e-01 -5.150000e-01 5.200000e-01 4.626769e-01 4.443261e-01
-5.150000e-01 5.200000e-01 4.626769e-01 4.443261e-01 -5.100000e-01 5.250000e-01 4.673273e-01 4.439711e-01
4.800000e-01 5.150000e-01 -4.980136e-01 5.321152e-01 4.800000e-01 5.250000e-01 -4.973823e-01 5.321933e-01
-5.100000e-01 5.250000e-01 4.673273e-01 4.439711e-01 -5.100000e-01 5.350000e-01 4.664705e-01 4.439651e-01
4.800000e-01 5.250000e-01 -4.973823e-01 5.321933e-01 4.800000e-01 5.350000e-01 -4.965541e-01 5.322852e-01
-5.100000e-01 5.350000e-01 4.664705e-01 4.439651e-01 -5.100000e-01 5.450000e-01 4.654152e-01 4.440162e-01
4.800000e-01 5.350000e-01 -4.965541e-01 5.322852e-01 4.800000e-01 5.450000e-01 -4.955304e-01 5.323989e-01
-5.100000e-01 5.450000e-01 4.654152e-01 4.440162e-01 -5.100000e-01 5.550000e-01 4.641645e-01 4.441325e-01
4.800000e-01 5.450000e-01 -4.955304e-01 5.323989e-01 4.800000e-01 5.550000e-01 -4.943129e-01 5.325424e-01
-5.100000e-01 5.550000e-01 4.641645e-01 4.441325e-01 -5.100000e-01 5.650000e-01 4.627225e-01 4.443217e-01
4.800000e-01 5.550000e-01 -4.943129e-01 5.325424e-01 4.800000e-01 5.650000e-01 -4.929041e-01 5.327234e-01
-5.100000e-01 5.650000e-01 4.627225e-01 4.443217e-01 -5.100000e-01 5.750000e-01 4.610933e-01 4.445912e-01
4.800000e-01 5.650000e-01 -4.929041e-01 5.327234e-01 4.800000e-01 5.750000e-01 -4.913066e-01 5.329493e-01
-5.100000e-01 5.750000e-01 4.610933e-01 4.445912e-01 -5.100000e-01 5.850000e-01 4.592814e-01 4.449480e-01
4.800000e-01 5.750000e-01 -4.913066e-01 5.329493e-01 4.800000e-01 5.850000e-01 -4.895235e-01 5.332276e-01
-5.100000e-01 5.850000e-01 4.592814e-01 4.449480e-01 -5.100000e-01 5.950000e-01 4.572921e-01 4.453988e-01
4.800000e-01 5.850000e-01 -4.895235e-01 5.332276e-01 4.800000e-01 5.950000e-01 -4.875586e-01 5.335651e-01
-5.100000e-01 5.950000e-01 4.572921e-01 4.453988e-01 -5.100000e-01 6.050000e-01 4.551302e-01 4.459499e-01
4.800000e-01 5.950000e-01 -4.875586e-01 5.335651e-01 4.800000e-01 6.050000e-01 -4.854154e-01 5.339688e-01
-5.100000e-01 6.050000e-01 4.551302e-01 4.459499e-01 -5.100000e-01 6.150000e-01 4.528017e-01 4.466073e-01
4.800000e-01 6.050000e-01 -4.854154e-01 5.339688e-01 4.800000e-01 6.150000e-01 -4.830983e-01 5.344449e-01
-5.100000e-01 6.150000e-01 4.528017e-01 4.466073e-01 -5.050000e-01 6.200000e-01 4.562210e-01 4.457476e-01
-5.050000e-01 6.200000e-01 4.562210e-01 4.457476e-01 -5.000000e-01 6.250000e-01 4.595720e-01 4.447597e-01
4.800000e-01 6.150000e-01 -4.830983e-01 5.344449e-01 4.850000e-01 6.200000e-01 -4.771826e-01 5.359651e-01
4.850000e-01 6.200000e-01 -4.771826e-01 5.359651e-01 4.900000e-01 6.250000e-01 -4.712943e-01 5.375220e-01
-5.000000e-01 6.250000e-01 4.595720e-01 4.447597e-01 -5.000000e-01 6.350000e-01 4.568267e-01 4.454916e-01
4.900000e-01 6.250000e-01 -4.712943e-01 5.375220e-01 4.900000e-01 6.350000e-01 -4.687394e-01 5.383207e-01
-5.000000e-01 6.350000e-01 4.568267e-01 4.454916e-01 -5.000000e-01 6.450000e-01 4.539286e-01 4.463515e-01
4.900000e-01 6.350000e-01 -4.687394e-01 5.383207e-01 4.900000e-01 6.450000e-01 -4.660295e-01 5.392043e-01
-5.000000e-01 6.450000e-01 4.539286e-01 4.463515e-01 -5.000000e-01 6.550000e-01 4.508843e-01 4.473437e-01
4.900000e-01 6.450000e-01 -4.660295e-01 5.392043e-01 4.900000e-01 6.550000e-01 -4.631696e-01 5.401776e-01
-5.000000e-01 6.550000e-01 4.508843e-01 4.473437e-01 -5.000000e-01 6.650000e-01 4.477009e-01 4.484721e-01
4.900000e-01 6.550000e-01 -4.631696e-01 5.401776e-01 4.900000e-01 6.650000e-01 -4.601648e-01 5.412451e-01
-5.000000e-01 6.650000e-01 4.477009e-01 4.484721e-01 -5.000000e-01 6.750000e-01 4.443852e-01 4.497400e-01
4.900000e-01 6.650000e-01 -4.601648e-01 5.412451e-01 4.900000e-01 6.750000e-01 -4.570202e-01 5.424110e-01
-5.000000e-01 6.750000e-01 4.443852e-01 4.497400e-01 -5.000000e-01 6.850000e-01 4.409443e-01 4.511504e-01
4.900000e-01 6.750000e-01 -4.570202e-01 5.424110e-01 4.900000e-01 6.850000e-01 -4.537411e-01 5.436791e-01
-5.000000e-01 6.850000e-01 4.409443e-01 4.511504e-01 -5.000000e-01 6.950000e-01 4.373851e-01 4.527058e-01
4.900000e-01 6.850000e-01 -4.537411e-01 5.436791e-01 4.900000e-01 6.950000e-01 -4.503328e-01 5.450529e-01
-5.000000e-01 6.950000e-01 4.373851e-01 4.527058e-01 -5.000000e-01 7.050000e-01 4.337147e-01 4.544082e-01
4.900000e-01 6.950000e-01 -4.503328e-01 5.450529e-01 4.900000e-01 7.050000e-01 -4.468008e-01 5.465356e-01
-5.000000e-01 7.050000e-01 4.337147e-01 4.544082e-01 -4.950000e-01 7.100000e-01 4.359530e-01 4.534469e-01
-4.950000e-01 7.100000e-01 4.359530e-01 4.534469e-01 -4.900000e-01 7.150000e-01 4.380782e-01 4.523707e-01
4.900000e-01 7.050000e-01 -4.468008e-01 5.465356e-01 4.900000e-01 7.150000e-01 -4.431506e-01 5.481300e-01
-4.900000e-01 7.150000e-01 4.380782e-01 4.523707e-01 -4.900000e-01 7.250000e-01 4.340766e-01 4.542774e-01
4.900000e-01 7.150000e-01 -4.431506e-01 5.481300e-01 4.900000e-01 7.250000e-01 -4.393878e-01 5.498385e-01
-4.900000e-01 7.250000e-01 4.340766e-01 4.542774e-01 -4.900000e-01 7.350000e-01 4.299837e-01 4.563417e-01
4.900000e-01 7.250000e-01 -4.393878e-01 5.498385e-01 4.900000e-01 7.350000e-01 -4.355178e-01 5.516635e-01
-4.900000e-01 7.350000e-01 4.299837e-01 4.563417e-01 -4.900000e-01 7.450000e-01 4.258067e-01 4.585640e-01
4.900000e-01 7.350000e-01 -4.355178e-01 5.516635e-01 4.900000e-01 7.450000e-01 -4.315460e-01 5.536066e-01
-4.900000e-01 7.450000e-01 4.258067e-01 4.585640e-01 -4.900000e-01 7.550000e-01 4.215520e-01 4.609444e-01
4.900000e-01 7.450000e-01 -4.315460e-01 5.536066e-01 4.900000e-01 7.550000e-01 -4.274780e-01 5.556695e-01
-4.900000e-01 7.550000e-01 4.215520e-01 4.609444e-01 -4.900000e-01 7.650000e-01 4.172261e-01 4.634825e-01
4.900000e-01 7.550000e-01 -4.274780e-01 5.556695e-01 4.900000e-01 7.650000e-01 -4.233190e-01 5.578534e-01
-4.900000e-01 7.650000e-01 4.172261e-01 4.634825e-01 -4.900000e-01 7.750000e-01 4.128357e-01 4.661777e-01
4.900000e-01 7.650000e-01 -4.233190e-01 5.578534e-01 4.900000e-01 7.750000e-01 -4.190744e-01 5.601594e-01
-4.900000e-01 7.750000e-01 4.128357e-01 4.661777e-01 -4.900000e-01 7.850000e-01 4.083868e-01 4.690292e-01
4.900000e-01 7.750000e-01 -4.190744e-01 5.601594e-01 4.900000e-01 7.850000e-01 -4.147493e-01 5.625882e-01
-4.900000e-01 7.850000e-01 4.083868e-01 4.690292e-01 -4.850000e-01 7.900000e-01 4.096874e-01 4.682821e-01
-4.850000e-01 7.900000e-01 4.096874e-01 4.682821e-01 -4.800000e-01 7.950000e-01 4.108485e-01 4.674454e-01
4.900000e-01 7.850000e-01 -4.147493e-01 5.625882e-01 4.900000e-01 7.950000e-01 -4.103490e-01 5.651404e-01
-4.800000e-01 7.950000e-01 4.108485e-01 4.674454e-01 -4.800000e-01 8.050000e-01 4.061716e-01 4.705625e-01
4.900000e-01 7.950000e-01 -4.103490e-01 5.651404e-01 4.900000e-01 8.050000e-01 -4.058783e-01 5.678162e-01
-4.800000e-01 8.050000e-01 4.061716e-01 4.705625e-01 -4.800000e-01 8.150000e-01 4.014552e-01 4.738370e-01
4.900000e-01 8.050000e-01 -4.058783e-01 5.678162e-01 4.900000e-01 8.150000e-01 -4.013422e-01 5.706156e-01
-4.800000e-01 8.150000e-01 4.014552e-01 4.738370e-01 -4.800000e-01 8.250000e-01 3.967048e-01 4.772670e-01
4.900000e-01 8.150000e-01 -4.013422e-01 5.706156e-01 4.900000e-01 8.250000e-01 -3.967455e-01 5.735386e-01
-4.800000e-01 8.250000e-01 3.967048e-01 4.772670e-01 -4.800000e-01 8.350000e-01 3.919254e-01 4.808504e-01
4.900000e-01 8.250000e-01 -3.967455e-01 5.735386e-01 4.900000e-01 8.350000e-01 -3.920926e-01 5.765847e-01
-4.800000e-01 8.350000e-01 3.919254e-01 4.808504e-01 -4.800000e-01 8.450000e-01 3.871218e-01 4.845847e-01
4.900000e-01 8.350000e-01 -3.920926e-01 5.765847e-01 4.900000e-01 8.450000e-01 -3.873881e-01 5.797536e-01
-4.800000e-01 8.450000e-01 3.871218e-01 4.845847e-01 -4.800000e-01 8.550000e-01 3.822990e-01 4.884675e-01
4.900000e-01 8.450000e-01 -3.873881e-01 5.797536e-01 4.900000e-01 8.550000e-01 -3.826364e-01 5.830445e-01
-4.800000e-01 8.550000e-01 3.822990e-01 4.884675e-01 -4.750000e-01 8.600000e-01 3.829203e-01 4.880631e-01
-4.750000e-01 8.600000e-01 3.829203e-01 4.880631e-01 -4.700000e-01 8.650000e-01 3.833908e-01 4.875944e-01
4.900000e-01 8.550000e-01 -3.826364e-01 5.830445e-01 4.900000e-01 8.650000e-01 -3.778416e-01 5.864566e-01
-4.700000e-01 8.650000e-01 3.833908e-01 4.875944e-01 -4.700000e-01 8.750000e-01 3.784277e-01 4.917589e-01
4.900000e-01 8.650000e-01 -3.778416e-01 5.864566e-01 4.900000e-01 8.750000e-01 -3.730078e-01 5.899889e-01
-4.700000e-01 8.750000e-01 3.784277e-01 4.917589e-01 -4.700000e-01 8.850000e-01 3.734604e-01 4.960678e-01
4.900000e-01 8.750000e-01 -3.730078e-01 5.899889e-01 4.900000e-01 8.850000e-01 -3.681389e-01 5.936406e-01
-4.700000e-01 8.850000e-01 3.734604e-01 4.960678e-01 -4.700000e-01 8.950000e-01 3.684930e-01 5.005179e-01
4.900000e-01 8.850000e-01 -3.681389e-01 5.936406e-01 4.900000e-01 8.950000e-01 -3.632385e-01 5.974102e-01
-4.700000e-01 8.950000e-01 3.684930e-01 5.005179e-01 -4.700000e-01 9.050000e-01 3.635287e-01 5.051062e-01
4.900000e-01 8.950000e-01 -3.632385e-01 5.974102e-01 4.900000e-01 9.050000e-01 -3.583104e-01 6.012966e-01
-4.700000e-01 9.050000e-01 3.635287e-01 5.051062e-01 -4.700000e-01 9.150000e-01 3.585708e-01 5.098296e-01
4.900000e-01 9.050000e-01 -3.583104e-01 6.012966e-01 4.900000e-01 9.150000e-01 -3.533578e-01 6.052984e-01
-4.700000e-01 9.150000e-01 3.585708e-01 5.098296e-01 -4.650000e-01 9.200000e-01 3.587170e-01 5.097834e-01
-4.650000e-01 9.200000e-01 3.587170e-01 5.097834e-01 -4.600000e-01 9.250000e-01 3.587093e-01 5.096931e-01
4.900000e-01 9.150000e-01 -3.533578e-01 6.052984e-01 4.900000e-01 9.250000e-01 -3.483842e-01 6.094141e-01
-4.600000e-01 9.250000e-01 3.587093e-01 5.096931e-01 -4.600000e-01 9.350000e-01 3.536761e-01 5.146927e-01
4.900000e-01 9.250000e-01 -3.483842e-01 6.094141e-01 4.900000e-01 9.350000e-01 -3.433927e-01 6.136424e-01
-4.600000e-01 9.350000e-01 3.536761e-01 5.146927e-01 -4.600000e-01 9.450000e-01 3.486611e-01 5.198206e-01
4.900000e-01 9.350000e-01 -3.433927e-01 6.136424e-01 4.900000e-01 9.450000e-01 -3.383863e-01 6.179814e-01
-4.600000e-01 9.450000e-01 3.486611e-01 5.198206e-01 -4.600000e-01 9.550000e-01 3.436667e-01 5.250735e-01
4.900000e-01 9.450000e-01 -3.383863e-01 6.179814e-01 4.900000e-01 9.550000e-01 -3.333678e-01 6.224298e-01
-4.600000e-01 9.550000e-01 3.436667e-01 5.250735e-01 -4.600000e-01 9.650000e-01 3.386950e-01 5.304483e-01
4.900000e-01 9.550000e-01 -3.333678e-01 6.224298e-01 4.900000e-01 9.650000e-01 -3.283402e-01 6.269857e-01
-4.600000e-01 9.650000e-01 3.386950e-01 5.304483e-01 -4.600000e-01 9.750000e-01 3.337481e-01 5.359415e-01
4.900000e-01 9.650000e-01 -3.283402e-01 6.269857e-01 4.900000e-01 9.750000e-01 -3.233058e-01 6.316476e-01
-4.600000e-01 9.750000e-01 3.337481e-01 5.359415e-01 -4.550000e-01 9.800000e-01 3.335318e-01 5.362859e-01
-4.550000e-01 9.800000e-01 3.335318e-01 5.362859e-01 -4.500000e-01 9.850000e-01 3.331639e-01 5.366042e-01
4.900000e-01 9.750000e-01 -3.233058e-01 6.316476e-01 4.900000e-01 9.850000e-01 -3.182672e-01 6.364136e-01
-4.500000e-01 9.850000e-01 3.331639e-01 5.366042e-01 -4.500000e-01 9.950000e-01 3.281941e-01 5.423559e-01
4.900000e-01 9.850000e-01 -3.182672e-01 6.364136e-01 4.900000e-01 9.950000e-01 -3.132268e-01 6.412819e-01
-4.500000e-01 9.950000e-01 3.281941e-01 5.423559e-01 -4.500000e-01 1.005000e+00 3.232573e-01 5.482184e-01
4.900000e-01 9.950000e-01 -3.132268e-01 6.412819e-01 4.900000e-01 1.005000e+00 -3.081868e-01 6.462510e-01
-4.500000e-01 1.005000e+00 3.232573e-01 5.482184e-01 -4.500000e-01 1.015000e+00 3.183549e-01 5.541884e-01
4.900000e-01 1.005000e+00 -3.081868e-01 6.462510e-01 4.900000e-01 1.015000e+00 -3.031492e-01 6.513188e-01
-4.500000e-01 1.015000e+00 3.183549e-01 5.541884e-01 -4.500000e-01 1.025000e+00 3.134881e-01 5.602629e-01
4.900000e-01 1.015000e+00 -3.031492e-01 6.513188e-01 4.900000e-01 1.025000e+00 -2.981162e-01 6.564837e-01
-4.500000e-01 1.025000e+00 3.134881e-01 5.602629e-01 -4.500000e-01 1.035000e+00 3.086581e-01 5.664389e-01
4.900000e-01 1.025000e+00 -2.981162e-01 6.564837e-01 4.900000e-01 1.035000e+00 -2.930896e-01 6.617439e-01
-4.500000e-01 1.035000e+00 3.086581e-01 5.664389e-01 -4.450000e-01 1.040000e+00 3.081793e-01 5.671799e-01
-4.450000e-01 1.040000e+00 3.081793e-01 5.671799e-01 -4.400000e-01 1.045000e+00 3.075549e-01 5.679096e-01
4.900000e-01 1.035000e+00 -2.930896e-01 6.617439e-01 4.900000e-01 1.045000e+00 -2.880712e-01 6.670976e-01
-4.400000e-01 1.045000e+00 3.075549e-01 5.679096e-01 -4.400000e-01 1.055000e+00 3.027416e-01 5.743201e-01
4.900000e-01 1.045000e+00 -2.880712e-01 6.670976e-01 4.900000e-01 1.055000e+00 -2.830626e-01 6.725429e-01
-4.400000e-01 1.055000e+00 3.027416e-01 5.743201e-01 -4.400000e-01 1.065000e+00 2.979702e-01 5.808243e-01
4.900000e-01 1.055000e+00 -2.830626e-01 6.725429e-01 4.900000e-01 1.065000e+00 -2.780655e-01 6.780781e-01
-4.400000e-01 1.065000e+00 2.979702e-01 5.808243e-01 -4.400000e-01 1.075000e+00 2.932416e-01 5.874191e-01
4.900000e-01 1.065000e+00 -2.780655e-01 6.780781e-01 4.900000e-01 1.075000e+00 -2.730813e-01 6.837013e-01
-4.400000e-01 1.075000e+00 2.932416e-01 5.874191e-01 -4.400000e-01 1.085000e+00 2.885560e-01 5.941020e-01
4.900000e-01 1.075000e+00 -2.730813e-01 6.837013e-01 4.900000e-01 1.085000e+00 -2.681116e-01 6.894110e-01
-4.400000e-01 1.085000e+00 2.885560e-01 5.941020e-01 -4.350000e-01 1.090000e+00 2.879010e-01 5.951651e-01
-4.350000e-01 1.090000e+00 2.879010e-01 5.951651e-01 -4.300000e-01 1.095000e+00 2.871059e-01 5.962270e-01
4.900000e-01 1.085000e+00 -2.681116e-01 6.894110e-01 4.900000e-01 1.095000e+00 -2.631576e-01 6.952053e-01
-4.300000e-01 1.095000e+00 2.871059e-01 5.962270e-01 -4.300000e-01 1.105000e+00 2.824629e-01 6.031233e-01
4.900000e-01 1.095000e+00 -2.631576e-01 6.952053e-01 4.900000e-01 1.105000e+00 -2.582204e-01 7.010824e-01
-4.300000e-01 1.105000e+00 2.824629e-01 6.031233e-01 -4.300000e-01 1.115000e+00 2.778664e-01 6.101001e-01
4.900000e-01 1.105000e+00 -2.582204e-01 7.010824e-01 4.900000e-01 1.115000e+00 -2.533015e-01 7.070408e-01
-4.300000e-01 1.115000e+00 2.778664e-01 6.101001e-01 -4.300000e-01 1.125000e+00 2.733165e-01 6.171550e-01
4.900000e-01 1.115000e+00 -2.533015e-01 7.070408e-01 4.900000e-01 1.125000e+00 -2.484017e-01 7.130786e-01
-4.300000e-01 1.125000e+00 2.733165e-01 6.171550e-01 -4.300000e-01 1.135000e+00 2.688133e-01 6.242855e-01
4.900000e-01 1.125000e+00 -2.484017e-01 7.130786e-01 4.900000e-01 1.135000e+00 -2.435222e-01 7.191942e-01
-4.300000e-01 1.135000e+00 2.688133e-01 6.242855e-01 -4.250000e-01 1.140000e+00 2.680336e-01 6.256590e-01
-4.250000e-01 1.140000e+00 2.680336e-01 6.256590e-01 -4.200000e-01 1.145000e+00 2.671206e-01 6.270397e-01
4.900000e-01 1.135000e+00 -2.435222e-01 7.191942e-01 4.900000e-01 1.145000e+00 -2.386638e-01 7.253861e-01
-4.200000e-01 1.145000e+00 2.671206e-01 6.270397e-01 -4.200000e-01 1.155000e+00 2.626792e-01 6.343621e-01
4.900000e-01 1.145000e+00 -2.386638e-01 7.253861e-01 4.900000e-01 1.155000e+00 -2.338275e-01 7.316525e-01
-4.200000e-01 1.155000e+00 2.626792e-01 6.343621e-01 -4.200000e-01 1.165000e+00 2.582864e-01 6.417534e-01
4.900000e-01 1.155000e+00 -2.338275e-01 7.316525e-01 4.900000e-01 1.165000e+00 -2.290141e-01 7.379918e-01
-4.200000e-01 1.165000e+00 2.582864e-01 6.417534e-01 -4.200000e-01 1.175000e+00 2.539421e-01 6.492111e-01
4.900000e-01 1.165000e+00 -2.290141e-01 7.379918e-01 4.900000e-01 1.175000e+00 -2.242243e-01 7.444026e-01
-4.200000e-01 1.175000e+00 2.539421e-01 6.492111e-01 -4.150000e-01 1.180000e+00 2.530691e-01 6.508240e-01
-4.150000e-01 1.180000e+00 2.530691e-01 6.508240e-01 -4.100000e-01 1.185000e+00 2.520678e-01 6.524498e-01
4.900000e-01 1.175000e+00 -2.242243e-01 7.444026e-01 4.900000e-01 1.185000e+00 -2.194590e-01 7.508833e-01
-4.100000e-01 1.185000e+00 2.520678e-01 6.524498e-01 -4.100000e-01 1.195000e+00 2.477981e-01 6.600832e-01
4.900000e-01 1.185000e+00 -2.194590e-01 7.508833e-01 4.900000e-01 1.195000e+00 -2.147187e-01 7.574323e-01
-4.100000e-01 1.195000e+00 2.477981e-01 6.600832e-01 -4.100000e-01 1.205000e+00 2.435776e-01 6.677768e-01
4.900000e-01 1.195000e+00 -2.147187e-01 7.574323e-01 4.900000e-01 1.205000e+00 -2.100040e-01 7.640483e-01
-4.100000e-01 1.205000e+00 2.435776e-01 6.677768e-01 -4.100000e-01 1.215000e+00 2.394061e-01 6.755287e-01
4.900000e-01 1.205000e+00 -2.100040e-01 7.640483e-01 4.900000e-01 1.215000e+00 -2.053156e-01 7.707296e-01
-4.100000e-01 1.215000e+00 2.394061e-01 6.755287e-01 -4.100000e-01 1.225000e+00 2.352831e-01 6.833372e-01
4.900000e-01 1.215000e+00 -2.053156e-01 7.707296e-01 4.900000e-01 1.225000e+00 -2.006539e-01 7.774750e-01
-4.100000e-01 1.225000e+00 2.352831e-01 6.833372e-01 -4.050000e-01 1.230000e+00 2.343598e-01 6.852312e-01
-4.050000e-01 1.230000e+00 2.343598e-01 6.852312e-01 -4.000000e-01 1.235000e+00 2.333159e-01 6.871434e-01
4.900000e-01 1.225000e+00 -2.006539e-01 7.774750e-01 4.900000e-01 1.235000e+00 -1.960194e-01 7.842830e-01
-4.000000e-01 1.235000e+00 2.333159e-01 6.871434e-01 -4.000000e-01 1.245000e+00 2.292778e-01 6.951078e-01
4.850000e-01 1.240000e+00 -1.953266e-01 7.854142e-01 4.800000e-01 1.245000e+00 -1.945050e-01 7.865353e-01
4.900000e-01 1.235000e+00 -1.960194e-01 7.842830e-01 4.850000e-01 1.240000e+00 -1.953266e-01 7.854142e-01
-4.000000e-01 1.245000e+00 2.292778e-01 6.951078e-01 -4.000000e-01 1.255000e+00 2.252884e-01 7.031231e-01
4.800000e-01 1.245000e+00 -1.945050e-01 7.865353e-01 4.800000e-01 1.255000e+00 -1.898791e-01 7.934935e-01
-4.000000e-01 1.255000e+00 2.252884e-01 7.031231e-01 -4.000000e-01 1.265000e+00 2.213470e-01 7.111877e-01
4.800000e-01 1.255000e+00 -1.898791e-01 7.934935e-01 4.800000e-01 1.265000e+00 -1.852831e-01 8.005106e-01
-4.000000e-01 1.265000e+00 2.213470e-01 7.111877e-01 -3.950000e-01 1.270000e+00 2.203833e-01 7.132968e-01
-3.950000e-01 1.270000e+00 2.203833e-01 7.132968e-01 -3.900000e-01 1.275000e+00 2.193045e-01 7.154278e-01
4.800000e-01 1.265000e+00 -1.852831e-01 8.005106e-01 4.800000e-01 1.275000e+00 -1.807176e-01 8.075853e-01
-3.900000e-01 1.275000e+00 2.193045e-01 7.154278e-01 -3.900000e-01 1.285000e+00 2.154548e-01 7.236337e-01
4.800000e-01 1.275000e+00 -1.807176e-01 8.075853e-01 4.800000e-01 1.285000e+00 -1.761826e-01 8.147164e-01
-3.900000e-01 1.285000e+00 2.154548e-01 7.236337e-01 -3.900000e-01 1.295000e+00 2.116526e-01 7.318839e-01
4.800000e-01 1.285000e+00 -1.761826e-01 8.147164e-01 4.800000e-01 1.295000e+00 -1.716786e-01 8.219024e-01
-3.900000e-01 1.295000e+00 2.116526e-01 7.318839e-01 -3.900000e-01 1.305000e+00 2.078974e-01 7.401771e-01
4.800000e-01 1.295000e+00 -1.716786e-01 8.219024e-01 4.800000e-01 1.305000e+00 -1.672056e-01 8.291423e-01
-3.900000e-01 1.305000e+00 2.078974e-01 7.401771e-01 -3.850000e-01 1.310000e+00 2.069126e-01 7.424899e-01
-3.850000e-01 1.310000e+00 2.069126e-01 7.424899e-01 -3.800000e-01 1.315000e+00 2.058181e-01 7.448276e-01
4.800000e-01 1.305000e+00 -1.672056e-01 8.291423e-01 4.800000e-01 1.315000e+00 -1.627637e-01 8.364348e-01
-3.800000e-01 1.315000e+00 2.058181e-01 7.448276e-01 -3.800000e-01 1.325000e+00 2.021594e-01 7.532485e-01
4.800000e-01 1.315000e+00 -1.627637e-01 8.364348e-01 4.800000e-01 1.325000e+00 -1.583533e-01 8.437787e-01
-3.800000e-01 1.325000e+00 2.021594e-01 7.532485e-01 -3.800000e-01 1.335000e+00 1.985468e-01 7.617079e-01
4.800000e-01 1.325000e+00 -1.583533e-01 8.437787e-01 4.800000e-01 1.335000e+00 -1.539744e-01 8.511730e-01
-3.800000e-01 1.335000e+00 1.985468e-01 7.617079e-01 -3.800000e-01 1.345000e+00 1.949795e-01 7.702044e-01
4.800000e-01 1.335000e+00 -1.539744e-01 8.511730e-01 4.800000e-01 1.345000e+00 -1.496270e-01 8.586164e-01
-3.800000e-01 1.345000e+00 1.949795e-01 7.702044e-01 -3.750000e-01 1.350000e+00 1.939899e-01 7.727093e-01
-3.750000e-01 1.350000e+00 1.939899e-01 7.727093e-01 -3.700000e-01 1.355000e+00 1.928963e-01 7.752417e-01
4.800000e-01 1.345000e+00 -1.496270e-01 8.586164e-01 4.800000e-01 1.355000e+00 -1.453114e-01 8.661078e-01
-3.700000e-01 1.355000e+00 1.928963e-01 7.752417e-01 -3.700000e-01 1.365000e+00 1.894287e-01 7.838535e-01
4.750000e-01 1.360000e+00 -1.444415e-01 8.677351e-01 4.700000e-01 1.365000e+00 -1.434546e-01 8.693637e-01
4.800000e-01 1.355000e+00 -1.453114e-01 8.661078e-01 4.750000e-01 1.360000e+00 -1.444415e-01 8.677351e-01
-3.700000e-01 1.365000e+00 1.894287e-01 7.838535e-01 -3.700000e-01 1.375000e+00 1.860054e-01 7.924986e-01
4.700000e-01 1.365000e+00 -1.434546e-01 8.693637e-01 4.700000e-01 1.375000e+00 -1.391741e-01 8.769805e-01
-3.700000e-01 1.375000e+00 1.860054e-01 7.924986e-01 -3.700000e-01 1.385000e+00 1.826256e-01 8.011760e-01
4.700000e-01 1.375000e+00 -1.391741e-01 8.769805e-01 4.700000e-01 1.385000e+00 -1.349268e-01 8.846424e-01
-3.700000e-01 1.385000e+00 1.826256e-01 8.011760e-01 -3.650000e-01 1.390000e+00 1.816454e-01 8.038617e-01
-3.650000e-01 1.390000e+00 1.816454e-01 8.038617e-01 -3.600000e-01 1.395000e+00 1.805668e-01 8.065767e-01
4.700000e-01 1.385000e+00 -1.349268e-01 8.846424e-01 4.700000e-01 1.395000e+00 -1.307125e-01 8.923481e-01
-3.600000e-01 1.395000e+00 1.805668e-01 8.065767e-01 -3.600000e-01 1.405000e+00 1.772885e-01 8.153578e-01
4.700000e-01 1.395000e+00 -1.307125e-01 8.923481e-01 4.700000e-01 1.405000e+00 -1.265313e-01 9.000969e-01
-3.600000e-01 1.405000e+00 1.772885e-01 8.153578e-01 -3.600000e-01 1.415000e+00 1.740525e-01 8.241676e-01
4.700000e-01 1.405000e+00 -1.265313e-01 9.000969e-01 4.700000e-01 1.415000e+00 -1.223830e-01 9.078876e-01
-3.600000e-01 1.415000e+00 1.740525e-01 8.241676e-01 -3.600000e-01 1.425000e+00 1.708578e-01 8.330054e-01
4.700000e-01 1.415000e+00 -1.223830e-01 9.078876e-01 4.700000e-01 1.425000e+00 -1.182677e-01 9.157193e-01
-3.600000e-01 1.425000e+00 1.708578e-01 8.330054e-01 -3.550000e-01 1.430000e+00 1.698995e-01 8.358607e-01
-3.550000e-01 1.430000e+00 1.698995e-01 8.358607e-01 -3.500000e-01 1.435000e+00 1.688481e-01 8.387468e-01
4.700000e-01 1.425000e+00 -1.182677e-01 9.157193e-01 4.700000e-01 1.435000e+00 -1.141851e-01 9.235911e-01
-3.500000e-01 1.435000e+00 1.688481e-01 8.387468e-01 -3.500000e-01 1.445000e+00 1.657558e-01 8.476778e-01
4.700000e-01 1.435000e+00 -1.141851e-01 9.235911e-01 4.700000e-01 1.445000e+00 -1.101354e-01 9.315023e-01
-3.500000e-01 1.445000e+00 1.657558e-01 8.476778e-01 -3.500000e-01 1.455000e+00 1.627033e-01 8.566336e-01
4.650000e-01 1.450000e+00 -1.091917e-01 9.334684e-01 4.600000e-01 1.455000e+00 -1.081403e-01 9.354425e-01
4.700000e-01 1.445000e+00 -1.101354e-01 9.315023e-01 4.650000e-01 1.450000e+00 -1.091917e-01 9.334684e-01
-3.500000e-01 1.455000e+00 1.627033e-01 8.566336e-01 -3.450000e-01 1.460000e+00 1.617462e-01 8.596168e-01
-3.450000e-01 1.460000e+00 1.617462e-01 8.596168e-01 -3.400000e-01 1.465000e+00 1.606998e-01 8.626321e-01
4.600000e-01 1.455000e+00 -1.081403e-01 9.354425e-01 4.600000e-01 1.465000e+00 -1.041395e-01 9.434625e-01
-3.400000e-01 1.465000e+00 1.606998e-01 8.626321e-01 -3.400000e-01 1.475000e+00 1.577505e-01 8.716738e-01
4.600000e-01 1.465000e+00 -1.041395e-01 9.434625e-01 4.600000e-01 1.475000e+00 -1.001723e-01 9.515190e-01
-3.400000e-01 1.475000e+00 1.577505e-01 8.716738e-01 -3.400000e-01 1.485000e+00 1.548396e-01 8.807374e-01
4.600000e-01 1.475000e+00 -1.001723e-01 9.515190e-01 4.600000e-01 1.485000e+00 -9.623829e-02 9.596114e-01
-3.400000e-01 1.485000e+00 1.548396e-01 8.807374e-01 -3.350000e-01 1.490000e+00 1.538908e-01 8.838432e-01
-3.350000e-01 1.490000e+00 1.538908e-01 8.838432e-01 -3.300000e-01 1.495000e+00 1.528565e-01 8.869820e-01
4.600000e-01 1.485000e+00 -9.623829e-02 9.596114e-01 4.600000e-01 1.495000e+00 -9.233741e-02 9.677386e-01
-3.300000e-01 1.495000e+00 1.528565e-01 8.869820e-01 -3.300000e-01 1.505000e+00 1.500492e-01 8.961245e-01
4.600000e-01 1.495000e+00 -9.233741e-02 9.677386e-01 4.600000e-01 1.505000e+00 -8.846954e-02 9.759001e-01
-3.300000e-01 1.505000e+00 1.500492e-01 8.961245e-01 -3.300000e-01 1.515000e+00 1.472785e-01 9.052866e-01
4.600000e-01 1.505000e+00 -8.846954e-02 9.759001e-01 4.600000e-01 1.515000e+00 -8.463446e-02 9.840950e-01
-3.300000e-01 1.515000e+00 1.472785e-01 9.052866e-01 -3.300000e-01 1.525000e+00 1.445437e-01 9.144675e-01
4.550000e-01 1.520000e+00 -8.365409e-02 9.863074e-01 4.500000e-01 1.525000e+00 -8.257358e-02 9.885321e-01
4.600000e-01 1.515000e+00 -8.463446e-02 9.840950e-01 4.550000e-01 1.520000e+00 -8.365409e-02 9.863074e-01
-3.300000e-01 1.525000e+00 1.445437e-01 9.144675e-01 -3.250000e-01 1.530000e+00 1.436429e-01 9.177173e-01
-3.250000e-01 1.530000e+00 1.436429e-01 9.177173e-01 -3.200000e-01 1.535000e+00 1.426619e-01 9.210008e-01
4.500000e-01 1.525000e+00 -8.257358e-02 9.885321e-01 4.500000e-01 1.535000e+00 -7.879584e-02 9.968243e-01
-3.200000e-01 1.535000e+00 1.426619e-01 9.210008e-01 -3.200000e-01 1.545000e+00 1.400295e-01 9.302524e-01
4.500000e-01 1.535000e+00 -7.879584e-02 9.968243e-01 4.500000e-01 1.545000e+00 -7.505124e-02 1.005148e+00
-3.200000e-01 1.545000e+00 1.400295e-01 9.302524e-01 -3.200000e-01 1.555000e+00 1.374314e-01 9.395206e-01
4.500000e-01 1.545000e+00 -7.505124e-02 1.005148e+00 4.500000e-01 1.555000e+00 -7.133948e-02 1.013501e+00
-3.200000e-01 1.555000e+00 1.374314e-01 9.395206e-01 -3.150000e-01 1.560000e+00 1.365522e-01 9.428804e-01
-3.150000e-01 1.560000e+00 1.365522e-01 9.428804e-01 -3.100000e-01 1.565000e+00 1.355966e-01 9.462746e-01
4.500000e-01 1.555000e+00 -7.133948e-02 1.013501e+00 4.500000e-01 1.565000e+00 -6.766038e-02 1.021885e+00
-3.100000e-01 1.565000e+00 1.355966e-01 9.462746e-01 -3.100000e-01 1.575000e+00 1.331004e-01 9.556076e-01
4.500000e-01 1.565000e+00 -6.766038e-02 1.021885e+00 4.500000e-01 1.575000e+00 -6.401365e-02 1.030297e+00
-3.100000e-01 1.575000e+00 1.331004e-01 9.556076e-01 -3.100000e-01 1.585000e+00 1.306366e-01 9.649554e-01
4.500000e-01 1.575000e+00 -6.401365e-02 1.030297e+00 4.500000e-01 1.585000e+00 -6.039910e-02 1.038738e+00
-3.100000e-01 1.585000e+00 1.306366e-01 9.649554e-01 -3.050000e-01 1.590000e+00 1.297845e-01 9.684204e-01
-3.050000e-01 1.590000e+00 1.297845e-01 9.684204e-01 -3.000000e-01 1.595000e+00 1.288597e-01 9.719201e-01
4.450000e-01 1.590000e+00 -5.941670e-02 1.041181e+00 4.400000e-01 1.595000e+00 -5.834198e-02 1.043639e+00
4.500000e-01 1.585000e+00 -6.039910e-02 1.038738e+00 4.450000e-01 1.590000e+00 -5.941670e-02 1.041181e+00
-3.000000e-01 1.595000e+00 1.288597e-01 9.719201e-01 -3.000000e-01 1.605000e+00 1.264970e-01 9.813270e-01
4.400000e-01 1.595000e+00 -5.834198e-02 1.043639e+00 4.400000e-01 1.605000e+00 -5.479100e-02 1.052167e+00
-3.000000e-01 1.605000e+00 1.264970e-01 9.813270e-01 -3.000000e-01 1.615000e+00 1.241651e-01 9.907470e-01
4.400000e-01 1.605000e+00 -5.479100e-02 1.052167e+00 4.400000e-01 1.615000e+00 -5.127218e-02 1.060721e+00
-3.000000e-01 1.615000e+00 1.241651e-01 9.907470e-01 -2.950000e-01 1.620000e+00 1.233450e-01 9.943123e-01
-2.950000e-01 1.620000e+00 1.233450e-01 9.943123e-01 -2.900000e-01 1.625000e+00 1.224559e-01 9.979125e-01
4.400000e-01 1.615000e+00 -5.127218e-02 1.060721e+00 4.400000e-01 1.625000e+00 -4.778522e-02 1.069301e+00
-2.900000e-01 1.625000e+00 1.224559e-01 9.979125e-01 -2.900000e-01 1.635000e+00 1.202239e-01 1.007387e+00
4.400000e-01 1.625000e+00 -4.778522e-02 1.069301e+00 4.400000e-01 1.635000e+00 -4.432994e-02 1.077906e+00
-2.900000e-01 1.635000e+00 1.202239e-01 1.007387e+00 -2.850000e-01 1.640000e+00 1.194054e-01 1.011028e+00
-2.850000e-01 1.640000e+00 1.194054e-01 1.011028e+00 -2.800000e-01 1.645000e+00 1.185205e-01 1.014704e+00
4.350000e-01 1.640000e+00 -4.333985e-02 1.080509e+00 4.300000e-01 1.645000e+00 -4.226322e-02 1.083130e+00
4.400000e-01 1.635000e+00 -4.432994e-02 1.077906e+00 4.350000e-01 1.640000e+00 -4.333985e-02 1.080509e+00
-2.800000e-01 1.645000e+00 1.185205e-01 1.014704e+00 -2.800000e-01 1.655000e+00 1.163884e-01 1.024229e+00
4.300000e-01 1.645000e+00 -4.226322e-02 1.083130e+00 4.300000e-01 1.655000e+00 -3.887565e-02 1.091815e+00
-2.800000e-01 1.655000e+00 1.163884e-01 1.024229e+00 -2.800000e-01 1.665000e+00 1.142840e-01 1.033764e+00
4.300000e-01 1.655000e+00 -3.887565e-02 1.091815e+00 4.300000e-01 1.665000e+00 -3.551949e-02 1.100523e+00
-2.800000e-01 1.665000e+00 1.142840e-01 1.033764e+00 -2.750000e-01 1.670000e+00 1.135060e-01 1.037497e+00
-2.750000e-01 1.670000e+00 1.135060e-01 1.037497e+00 -2.700000e-01 1.675000e+00 1.126653e-01 1.041267e+00
4.300000e-01 1.665000e+00 -3.551949e-02 1.100523e+00 4.300000e-01 1.675000e+00 -3.219450e-02 1.109254e+00
-2.700000e-01 1.675000e+00 1.126653e-01 1.041267e+00 -2.700000e-01 1.685000e+00 1.106593e-01 1.050847e+00
4.300000e-01 1.675000e+00 -3.219450e-02 1.109254e+00 4.300000e-01 1.685000e+00 -2.890036e-02 1.118008e+00
-2.700000e-01 1.685000e+00 1.106593e-01 1.050847e+00 -2.700000e-01 1.695000e+00 1.086792e-01 1.060437e+00
4.250000e-01 1.690000e+00 -2.791951e-02 1.120764e+00 4.200000e-01 1.695000e+00 -2.685799e-02 1.123540e+00
4.300000e-01 1.685000e+00 -2.890036e-02 1.118008e+00 4.250000e-01 1.690000e+00 -2.791951e-02 1.120764e+00
-2.700000e-01 1.695000e+00 1.086792e-01 1.060437e+00 -2.650000e-01 1.700000e+00 1.079456e-01 1.064259e+00
-2.650000e-01 1.700000e+00 1.079456e-01 1.064259e+00 -2.600000e-01 1.705000e+00 1.071530e-01 1.068116e+00
4.200000e-01 1.695000e+00 -2.685799e-02 1.123540e+00 4.200000e-01 1.705000e+00 -2.363487e-02 1.132367e+00
-2.600000e-01 1.705000e+00 1.071530e-01 1.068116e+00 -2.600000e-01 1.715000e+00 1.052695e-01 1.077748e+00
4.200000e-01 1.705000e+00 -2.363487e-02 1.132367e+00 4.200000e-01 1.715000e+00 -2.044223e-02 1.141215e+00
-2.600000e-01 1.715000e+00 1.052695e-01 1.077748e+00 -2.550000e-01 1.720000e+00 1.045486e-01 1.081638e+00
-2.550000e-01 1.720000e+00 1.045486e-01 1.081638e+00 -2.500000e-01 1.725000e+00 1.037712e-01 1.085564e+00
4.200000e-01 1.715000e+00 -2.044223e-02 1.141215e+00 4.200000e-01 1.725000e+00 -1.727982e-02 1.150082e+00
-2.500000e-01 1.725000e+00 1.037712e-01 1.085564e+00 -2.500000e-01 1.735000e+00 1.019836e-01 1.095234e+00
4.150000e-01 1.730000e+00 -1.630237e-02 1.152960e+00 4.100000e-01 1.735000e+00 -1.524913e-02 1.155859e+00
4.200000e-01 1.725000e+00 -1.727982e-02 1.150082e+00 4.150000e-01 1.730000e+00 -1.630237e-02 1.152960e+00
-2.500000e-01 1.735000e+00 1.019836e-01 1.095234e+00 -2.500000e-01 1.745000e+00 1.002192e-01 1.104911e+00
4.100000e-01 1.735000e+00 -1.524913e-02 1.155859e+00 4.100000e-01 1.745000e+00 -1.216033e-02 1.164796e+00
-2.500000e-01 1.745000e+00 1.002192e-01 1.104911e+00 -2.450000e-01 1.750000e+00 9.954951e-02 1.108882e+00
-2.450000e-01 1.750000e+00 9.954951e-02 1.108882e+00 -2.400000e-01 1.755000e+00 9.882701e-02 1.112889e+00
4.100000e-01 1.745000e+00 -1.216033e-02 1.164796e+00 4.100000e-01 1.755000e+00 -9.101268e-03 1.173751e+00
-2.400000e-01 1.755000e+00 9.882701e-02 1.112889e+00 -2.400000e-01 1.765000e+00 9.715647e-02 1.122601e+00
4.100000e-01 1.755000e+00 -9.101268e-03 1.173751e+00 4.100000e-01 1.765000e+00 -6.071624e-03 1.182724e+00
-2.400000e-01 1.765000e+00 9.715647e-02 1.122601e+00 -2.350000e-01 1.770000e+00 9.650569e-02 1.126636e+00
-2.350000e-01 1.770000e+00 9.650569e-02 1.126636e+00 -2.300000e-01 1.775000e+00 9.580480e-02 1.130706e+00
4.050000e-01 1.770000e+00 -5.108715e-03 1.185720e+00 4.000000e-01 1.775000e+00 -4.075086e-03 1.188738e+00
4.100000e-01 1.765000e+00 -6.071624e-03 1.182724e+00 4.050000e-01 1.770000e+00 -5.108715e-03 1.185720e+00
-2.300000e-01 1.775000e+00 9.580480e-02 1.130706e+00 -2.300000e-01 1.785000e+00 9.422724e-02 1.140451e+00
4.000000e-01 1.775000e+00 -4.075086e-03 1.188738e+00 4.000000e-01 1.785000e+00 -1.121140e-03 1.197775e+00
-2.300000e-01 1.785000e+00 9.422724e-02 1.140451e+00 -2.250000e-01 1.790000e+00 9.359827e-02 1.144547e+00
-2.250000e-01 1.790000e+00 9.359827e-02 1.144547e+00 -2.200000e-01 1.795000e+00 9.292188e-02 1.148679e+00
4.000000e-01 1.785000e+00 -1.121140e-03 1.197775e+00 4.000000e-01 1.795000e+00 1.803958e-03 1.206829e+00
-2.200000e-01 1.795000e+00 9.292188e-02 1.148679e+00 -2.200000e-01 1.805000e+00 9.143624e-02 1.158454e+00
4.000000e-01 1.795000e+00 1.803958e-03 1.206829e+00 4.000000e-01 1.805000e+00 4.700506e-03 1.215900e+00
-2.200000e-01 1.805000e+00 9.143624e-02 1.158454e+00 -2.150000e-01 1.810000e+00 9.083191e-02 1.162610e+00
-2.150000e-01 1.810000e+00 9.083191e-02 1.162610e+00 -2.100000e-01 1.815000e+00 9.018288e-02 1.166802e+00
3.950000e-01 1.810000e+00 5.638410e-03 1.219009e+00 3.900000e-01 1.815000e+00 6.641819e-03 1.222142e+00
4.000000e-01 1.805000e+00 4.700506e-03 1.215900e+00 3.950000e-01 1.810000e+00 5.638410e-03 1.219009e+00
-2.100000e-01 1.815000e+00 9.018288e-02 1.166802e+00 -2.100000e-01 1.825000e+00 8.878795e-02 1.176604e+00
3.900000e-01 1.815000e+00 6.641819e-03 1.222142e+00 3.900000e-01 1.825000e+00 9.461119e-03 1.231272e+00
-2.100000e-01 1.825000e+00 8.878795e-02 1.176604e+00 -2.100000e-01 1.835000e+00 8.741096e-02 1.186410e+00
3.900000e-01 1.825000e+00 9.461119e-03 1.231272e+00 3.900000e-01 1.835000e+00 1.225252e-02 1.240417e+00
-2.100000e-01 1.835000e+00 8.741096e-02 1.186410e+00 -2.050000e-01 1.840000e+00 8.686928e-02 1.190635e+00
-2.050000e-01 1.840000e+00 8.686928e-02 1.190635e+00 -2.000000e-01 1.845000e+00 8.628644e-02 1.194896e+00
3.850000e-01 1.840000e+00 1.318062e-02 1.243615e+00 3.800000e-01 1.845000e+00 1.417006e-02 1.246838e+00
3.900000e-01 1.835000e+00 1.225252e-02 1.240417e+00 3.850000e-01 1.840000e+00 1.318062e-02 1.243615e+00
-2.000000e-01 1.845000e+00 8.628644e-02 1.194896e+00 -2.000000e-01 1.855000e+00 8.499773e-02 1.204726e+00
3.800000e-01 1.845000e+00 1.417006e-02 1.246838e+00 3.800000e-01 1.855000e+00 1.688272e-02 1.256040e+00
-2.000000e-01 1.855000e+00 8.499773e-02 1.204726e+00 -1.950000e-01 1.860000e+00 8.448588e-02 1.209007e+00
-1.950000e-01 1.860000e+00 8.448588e-02 1.209007e+00 -1.900000e-01 1.865000e+00 8.393559e-02 1.213323e+00
3.800000e-01 1.855000e+00 1.688272e-02 1.256040e+00 3.800000e-01 1.865000e+00 1.956827e-02 1.265255e+00
-1.900000e-01 1.865000e+00 8.393559e-02 1.213323e+00 -1.900000e-01 1.875000e+00 8.273381e-02 1.223176e+00
3.750000e-01 1.870000e+00 2.047929e-02 1.268539e+00 3.700000e-01 1.875000e+00 2.144742e-02 1.271851e+00
3.800000e-01 1.865000e+00 1.956827e-02 1.265255e+00 3.750000e-01 1.870000e+00 2.047929e-02 1.268539e+00
-1.900000e-01 1.875000e+00 8.273381e-02 1.223176e+00 -1.850000e-01 1.880000e+00 8.225423e-02 1.227510e+00
-1.850000e-01 1.880000e+00 8.225423e-02 1.227510e+00 -1.800000e-01 1.885000e+00 8.173896e-02 1.231880e+00
3.700000e-01 1.875000e+00 2.144742e-02 1.271851e+00 3.700000e-01 1.885000e+00 2.405300e-02 1.281119e+00
-1.800000e-01 1.885000e+00 8.173896e-02 1.231880e+00 -1.750000e-01 1.890000e+00 8.125905e-02 1.236259e+00
-1.750000e-01 1.890000e+00 8.125905e-02 1.236259e+00 -1.700000e-01 1.895000e+00 8.074551e-02 1.240673e+00
3.700000e-01 1.885000e+00 2.405300e-02 1.281119e+00 3.700000e-01 1.895000e+00 2.663224e-02 1.290399e+00
-1.700000e-01 1.895000e+00 8.074551e-02 1.240673e+00 -1.700000e-01 1.905000e+00 7.969973e-02 1.250562e+00
3.650000e-01 1.900000e+00 2.751925e-02 1.293769e+00 3.600000e-01 1.905000e+00 2.845900e-02 1.297166e+00
3.700000e-01 1.895000e+00 2.663224e-02 1.290399e+00 3.650000e-01 1.900000e+00 2.751925e-02 1.293769e+00
-1.700000e-01 1.905000e+00 7.969973e-02 1.250562e+00 -1.650000e-01 1.910000e+00 7.925696e-02 1.254992e+00
-1.650000e-01 1.910000e+00 7.925696e-02 1.254992e+00 -1.600000e-01 1.915000e+00 7.878327e-02 1.259456e+00
3.600000e-01 1.905000e+00 2.845900e-02 1.297166e+00 3.600000e-01 1.915000e+00 3.095742e-02 1.306497e+00
-1.600000e-01 1.915000e+00 7.878327e-02 1.259456e+00 -1.600000e-01 1.925000e+00 7.782089e-02 1.269363e+00
3.550000e-01 1.920000e+00 3.184144e-02 1.309931e+00 3.500000e-01 1.925000e+00 3.277484e-02 1.313394e+00
3.600000e-01 1.915000e+00 3.095742e-02 1.306497e+00 3.550000e-01 1.920000e+00 3.184144e-02 1.309931e+00
-1.600000e-01 1.925000e+00 7.782089e-02 1.269363e+00 -1.550000e-01 1.930000e+00 7.741743e-02 1.273842e+00
-1.550000e-01 1.930000e+00 7.741743e-02 1.273842e+00 -1.500000e-01 1.935000e+00 7.698578e-02 1.278356e+00
3.500000e-01 1.925000e+00 3.277484e-02 1.313394e+00 3.500000e-01 1.935000e+00 3.519127e-02 1.322772e+00
-1.500000e-01 1.935000e+00 7.698578e-02 1.278356e+00 -1.500000e-01 1.945000e+00 7.610509e-02 1.288278e+00
3.500000e-01 1.935000e+00 3.519127e-02 1.322772e+00 3.500000e-01 1.945000e+00 3.758285e-02 1.332161e+00
-1.500000e-01 1.945000e+00 7.610509e-02 1.288278e+00 -1.450000e-01 1.950000e+00 7.574302e-02 1.292804e+00
-1.450000e-01 1.950000e+00 7.574302e-02 1.292804e+00 -1.400000e-01 1.955000e+00 7.535546e-02 1.297366e+00
3.450000e-01 1.950000e+00 3.843042e-02 1.335677e+00 3.400000e-01 1.955000e+00 3.932288e-02 1.339222e+00
3.500000e-01 1.945000e+00 3.758285e-02 1.332161e+00 3.450000e-01 1.950000e+00 3.843042e-02 1.335677e+00
-1.400000e-01 1.955000e+00 7.535546e-02 1.297366e+00 -1.350000e-01 1.960000e+00 7.500251e-02 1.301933e+00
-1.350000e-01 1.960000e+00 7.500251e-02 1.301933e+00 -1.300000e-01 1.965000e+00 7.462632e-02 1.306534e+00
3.400000e-01 1.955000e+00 3.932288e-02 1.339222e+00 3.400000e-01 1.965000e+00 4.163220e-02 1.348656e+00
-1.300000e-01 1.965000e+00 7.462632e-02 1.306534e+00 -1.300000e-01 1.975000e+00 7.389442e-02 1.316480e+00
3.350000e-01 1.970000e+00 4.246613e-02 1.352234e+00 3.300000e-01 1.975000e+00 4.334147e-02 1.355843e+00
3.400000e-01 1.965000e+00 4.163220e-02 1.348656e+00 3.350000e-01 1.970000e+00 4.246613e-02 1.352234e+00
-1.300000e-01 1.975000e+00 7.389442e-02 1.316480e+00 -1.250000e-01 1.980000e+00 7.358709e-02 1.321093e+00
-1.250000e-01 1.980000e+00 7.358709e-02 1.321093e+00 -1.200000e-01 1.985000e+00 7.325921e-02 1.325739e+00
3.300000e-01 1.975000e+00 4.334147e-02 1.355843e+00 3.300000e-01 1.985000e+00 4.556789e-02 1.365319e+00
-1.200000e-01 1.985000e+00 7.325921e-02 1.325739e+00 -1.150000e-01 1.990000e+00 7.296550e-02 1.330390e+00
-1.150000e-01 1.990000e+00 7.296550e-02 1.330390e+00 -1.100000e-01 1.995000e+00 7.265349e-02 1.335075e+00
3.250000e-01 1.990000e+00 4.638351e-02 1.368960e+00 3.200000e-01 1.995000e+00 4.723693e-02 1.372631e+00
3.300000e-01 1.985000e+00 4.556789e-02 1.365319e+00 3.250000e-01 1.990000e+00 4.638351e-02 1.368960e+00
-1.100000e-01 1.995000e+00 7.265349e-02 1.335075e+00 -1.100000e-01 2.005000e+00 7.206669e-02 1.345040e+00
3.200000e-01 1.995000e+00 4.723693e-02 1.372631e+00 3.200000e-01 2.005000e+00 4.937995e-02 1.382148e+00
-1.100000e-01 2.005000e+00 7.206669e-02 1.345040e+00 -1.050000e-01 2.010000e+00 7.182251e-02 1.349734e+00
-1.050000e-01 2.010000e+00 7.182251e-02 1.349734e+00 -1.000000e-01 2.015000e+00 7.156267e-02 1.354460e+00
3.150000e-01 2.010000e+00 5.017254e-02 1.385850e+00 3.100000e-01 2.015000e+00 5.099928e-02 1.389582e+00
3.200000e-01 2.005000e+00 4.937995e-02 1.382148e+00 3.150000e-01 2.010000e+00 5.017254e-02 1.385850e+00
-1.000000e-01 2.015000e+00 7.156267e-02 1.354460e+00 -9.500000e-02 2.020000e+00 7.133642e-02 1.359191e+00
-9.500000e-02 2.020000e+00 7.133642e-02 1.359191e+00 -9.000000e-02 2.025000e+00 7.109680e-02 1.363955e+00
3.050000e-01 2.020000e+00 5.179512e-02 1.393330e+00 3.000000e-01 2.025000e+00 5.262222e-02 1.397109e+00
3.100000e-01 2.015000e+00 5.099928e-02 1.389582e+00 3.050000e-01 2.020000e+00 5.179512e-02 1.393330e+00
-9.000000e-02 2.025000e+00 7.109680e-02 1.363955e+00 -8.500000e-02 2.030000e+00 7.089061e-02 1.368722e+00
-8.500000e-02 2.030000e+00 7.089061e-02 1.368722e+00 -8.000000e-02 2.035000e+00 7.067339e-02 1.373522e+00
3.000000e-01 2.025000e+00 5.262222e-02 1.397109e+00 3.000000e-01 2.035000e+00 5.461927e-02 1.406693e+00
-8.000000e-02 2.035000e+00 7.067339e-02 1.373522e+00 -8.000000e-02 2.045000e+00 7.029368e-02 1.383507e+00
2.950000e-01 2.040000e+00 5.538349e-02 1.410501e+00 2.900000e-01 2.045000e+00 5.617530e-02 1.414340e+00
3.000000e-01 2.035000e+00 5.461927e-02 1.406693e+00 2.950000e-01 2.040000e+00 5.538349e-02 1.410501e+00
-8.000000e-02 2.045000e+00 7.029368e-02 1.383507e+00 -7.500000e-02 2.050000e+00 7.014253e-02 1.388313e+00
-7.500000e-02 2.050000e+00 7.014253e-02 1.388313e+00 -7.000000e-02 2.055000e+00 6.998288e-02 1.393151e+00
2.850000e-01 2.050000e+00 5.693525e-02 1.418194e+00 2.800000e-01 2.055000e+00 5.771986e-02 1.422079e+00
2.900000e-01 2.045000e+00 5.617530e-02 1.414340e+00 2.850000e-01 2.050000e+00 5.693525e-02 1.418194e+00
-7.000000e-02 2.055000e+00 6.998288e-02 1.393151e+00 -6.500000e-02 2.060000e+00 6.985581e-02 1.397991e+00
-6.500000e-02 2.060000e+00 6.985581e-02 1.397991e+00 -6.000000e-02 2.065000e+00 6.972254e-02 1.402863e+00
2.800000e-01 2.055000e+00 5.771986e-02 1.422079e+00 2.800000e-01 2.065000e+00 5.956855e-02 1.431725e+00
-6.000000e-02 2.065000e+00 6.972254e-02 1.402863e+00 -5.500000e-02 2.070000e+00 6.962160e-02 1.407738e+00
-5.500000e-02 2.070000e+00 6.962160e-02 1.407738e+00 -5.000000e-02 2.075000e+00 6.951678e-02 1.412644e+00
2.750000e-01 2.070000e+00 6.028869e-02 1.435636e+00 2.700000e-01 2.075000e+00 6.102978e-02 1.439580e+00
2.800000e-01 2.065000e+00 5.956855e-02 1.431725e+00 2.750000e-01 2.070000e+00 6.028869e-02 1.435636e+00
-5.000000e-02 2.075000e+00 6.951678e-02 1.412644e+00 -4.500000e-02 2.080000e+00 6.944396e-02 1.417551e+00
-4.500000e-02 2.080000e+00 6.944396e-02 1.417551e+00 -4.000000e-02 2.085000e+00 6.936956e-02 1.422491e+00
2.650000e-01 2.080000e+00 6.173833e-02 1.443537e+00 2.600000e-01 2.085000e+00 6.246478e-02 1.447526e+00
2.700000e-01 2.075000e+00 6.102978e-02 1.439580e+00 2.650000e-01 2.080000e+00 6.173833e-02 1.443537e+00
-4.000000e-02 2.085000e+00 6.936956e-02 1.422491e+00 -3.500000e-02 2.090000e+00 6.932684e-02 1.427431e+00
-3.500000e-02 2.090000e+00 6.932684e-02 1.427431e+00 -3.000000e-02 2.095000e+00 6.928482e-02 1.432402e+00
2.550000e-01 2.090000e+00 6.315838e-02 1.451527e+00 2.500000e-01 2.095000e+00 6.386682e-02 1.455561e+00
2.600000e-01 2.085000e+00 6.246478e-02 1.447526e+00 2.550000e-01 2.090000e+00 6.315838e-02 1.451527e+00
-3.000000e-02 2.095000e+00 6.928482e-02 1.432402e+00 -2.500000e-02 2.100000e+00 6.927410e-02 1.437374e+00
-2.500000e-02 2.100000e+00 6.927410e-02 1.437374e+00 -2.000000e-02 2.105000e+00 6.926636e-02 1.442377e+00
2.450000e-01 2.100000e+00 6.454208e-02 1.459607e+00 2.400000e-01 2.105000e+00 6.522912e-02 1.463686e+00
2.500000e-01 2.095000e+00 6.386682e-02 1.455561e+00 2.450000e-01 2.100000e+00 6.454208e-02 1.459607e+00
-2.000000e-02 2.105000e+00 6.926636e-02 1.442377e+00 -1.500000e-02 2.110000e+00 6.928949e-02 1.447380e+00
-1.500000e-02 2.110000e+00 6.928949e-02 1.447380e+00 -1.000000e-02 2.115000e+00 6.931785e-02 1.452414e+00
2.350000e-01 2.110000e+00 6.588274e-02 1.467777e+00 2.300000e-01 2.115000e+00 6.654505e-02 1.471900e+00
2.400000e-01 2.105000e+00 6.522912e-02 1.463686e+00 2.350000e-01 2.110000e+00 6.588274e-02 1.467777e+00
-1.000000e-02 2.115000e+00 6.931785e-02 1.452414e+00 -5.000000e-03 2.120000e+00 6.937664e-02 1.457447e+00
-5.000000e-03 2.120000e+00 6.937664e-02 1.457447e+00 5.000000e-03 2.120000e+00 6.938054e-02 1.457576e+00
5.000000e-03 2.120000e+00 6.938054e-02 1.457576e+00 1.000000e-02 2.125000e+00 6.945657e-02 1.462669e+00
2.250000e-01 2.120000e+00 6.717376e-02 1.476035e+00 2.200000e-01 2.125000e+00 6.780809e-02 1.480203e+00
2.300000e-01 2.115000e+00 6.654505e-02 1.471900e+00 2.250000e-01 2.120000e+00 6.717376e-02 1.476035e+00
1.000000e-02 2.125000e+00 6.945657e-02 1.462669e+00 1.500000e-02 2.130000e+00 6.956238e-02 1.467762e+00
1.500000e-02 2.130000e+00 6.956238e-02 1.467762e+00 2.000000e-02 2.135000e+00 6.968016e-02 1.472883e+00
2.150000e-01 2.130000e+00 6.840869e-02 1.484381e+00 2.100000e-01 2.135000e+00 6.901184e-02 1.488592e+00
2.200000e-01 2.125000e+00 6.780809e-02 1.480203e+00 2.150000e-01 2.130000e+00 6.840869e-02 1.484381e+00
2.000000e-02 2.135000e+00 6.968016e-02 1.472883e+00 2.500000e-02 2.140000e+00 6.982716e-02 1.478004e+00
2.500000e-02 2.140000e+00 6.982716e-02 1.478004e+00 3.500000e-02 2.140000e+00 6.984110e-02 1.478312e+00
3.500000e-02 2.140000e+00 6.984110e-02 1.478312e+00 4.000000e-02 2.145000e+00 7.001860e-02 1.483490e+00
1.950000e-01 2.140000e+00 6.940497e-02 1.491499e+00 1.900000e-01 2.145000e+00 6.997073e-02 1.495788e+00
1.950000e-01 2.140000e+00 6.940497e-02 1.491499e+00 2.050000e-01 2.140000e+00 6.958123e-02 1.492813e+00
2.100000e-01 2.135000e+00 6.901184e-02 1.488592e+00 2.050000e-01 2.140000e+00 6.958123e-02 1.492813e+00
4.000000e-02 2.145000e+00 7.001860e-02 1.483490e+00 4.500000e-02 2.150000e+00 7.022448e-02 1.488666e+00
4.500000e-02 2.150000e+00 7.022448e-02 1.488666e+00 5.500000e-02 2.150000e+00 7.024698e-02 1.489092e+00
5.500000e-02 2.150000e+00 7.024698e-02 1.489092e+00 6.000000e-02 2.155000e+00 7.049209e-02 1.494324e+00
1.750000e-01 2.150000e+00 7.036133e-02 1.498894e+00 1.700000e-01 2.155000e+00 7.087806e-02 1.503260e+00
1.750000e-01 2.150000e+00 7.036133e-02 1.498894e+00 1.850000e-01 2.150000e+00 7.050241e-02 1.500086e+00
1.900000e-01 2.145000e+00 6.997073e-02 1.495788e+00 1.850000e-01 2.150000e+00 7.050241e-02 1.500086e+00
6.000000e-02 2.155000e+00 7.049209e-02 1.494324e+00 6.500000e-02 2.160000e+00 7.076458e-02 1.499553e+00
6.500000e-02 2.160000e+00 7.076458e-02 1.499553e+00 7.500000e-02 2.160000e+00 7.081344e-02 1.500094e+00
7.500000e-02 2.160000e+00 7.081344e-02 1.500094e+00 8.500000e-02 2.160000e+00 7.085209e-02 1.500696e+00
8.500000e-02 2.160000e+00 7.085209e-02 1.500696e+00 9.500000e-02 2.160000e+00 7.088523e-02 1.501357e+00
9.500000e-02 2.160000e+00 7.088523e-02 1.501357e+00 1.050000e-01 2.160000e+00 7.091758e-02 1.502079e+00
1.050000e-01 2.160000e+00 7.091758e-02 1.502079e+00 1.150000e-01 2.160000e+00 7.095390e-02 1.502859e+00
1.150000e-01 2.160000e+00 7.095390e-02 1.502859e+00 1.250000e-01 2.160000e+00 7.099895e-02 1.503699e+00
1.250000e-01 2.160000e+00 7.099895e-02 1.503699e+00 1.350000e-01 2.160000e+00 7.105745e-02 1.504597e+00
1.350000e-01 2.160000e+00 7.105745e-02 1.504597e+00 1.450000e-01 2.160000e+00 7.113414e-02 1.505552e+00
1.450000e-01 2.160000e+00 7.113414e-02 1.505552e+00 1.550000e-01 2.160000e+00 7.123366e-02 1.506565e+00
1.550000e-01 2.160000e+00 7.123366e-02 1.506565e+00 1.650000e-01 2.160000e+00 7.136063e-02 1.507633e+00
1.700000e-01 2.155000e+00 7.087806e-02 1.503260e+00 1.650000e-01 2.160000e+00 7.136063e-02 1.507633e+00
-2.098132e-02 4.881306e-01 -9.947103e-01 5.319108e-01 -2.098132e-02 4.881306e-01 -9.935069e-01 4.974984e-01
-2.098132e-02 4.881306e-01 -9.935069e-01 4.974984e-01 -2.098132e-02 4.881306e-01 -9.898675e-01 4.628961e-01
-2.098132e-02 4.881306e-01 -9.898675e-01 4.628961e-01 -2.098132e-02 4.881306e-01 -9.837308e-01 4.281136e-01
-2.098132e-02 4.881306e-01 -9.837308e-01 4.281136e-01 -2.098132e-02 4.881306e-01 -9.750111e-01 3.931602e-01
-2.098132e-02 4.881306e-01 -9.750111e-01 3.931602e-01 -2.098132e-02 4.881306e-01 -9.635956e-01 3.580455e-01
-2.098132e-02 4.881306e-01 -9.635956e-01 3.580455e-01 -2.098132e-02 4.881306e-01 -9.493398e-01 3.227804e-01
-2.098132e-02 4.881306e-01 -9.493398e-01 3.227804e-01 -2.098132e-02 4.881306e-01 -9.320631e-01 2.873777e-01
-2.098132e-02 4.881306e-01 -9.320631e-01 2.873777e-01 -2.098132e-02 4.881306e-01 -9.115412e-01 2.518534e-01
-2.098132e-02 4.881306e-01 -9.115412e-01 2.518534e-01 -2.098132e-02 4.881306e-01 -8.874972e-01 2.162289e-01
-2.098132e-02 4.881306e-01 -8.874972e-01 2.162289e-01 -2.098132e-02 4.881306e-01 -8.595902e-01 1.805336e-01
-2.098132e-02 4.881306e-01 -8.595902e-01 1.805336e-01 -2.098132e-02 4.881306e-01 -8.273997e-01 1.448088e-01
-2.098132e-02 4.881306e-01 -8.273997e-01 1.448088e-01 -2.098132e-02 4.881306e-01 -7.904070e-01 1.091146e-01
-2.098132e-02 4.881306e-01 -7.904070e-01 1.091146e-01 -2.098132e-02 4.881306e-01 -7.479718e-01 7.354017e-02
-2.098132e-02 4.881306e-01 -7.479718e-01 7.354017e-02 -2.098132e-02 4.881306e-01 -6.993060e-01 3.821979e-02
-2.098132e-02 4.881306e-01 -6.993060e-01 3.821979e-02 -2.098132e-02 4.881306e-01 -6.434501e-01 3.359959e-03
-2.098132e-02 4.881306e-01 -6.434501e-01 3.359959e-03 -2.098132e-02 4.881306e-01 -5.792675e-01 -3.071753e-02
-2.098132e-02 4.881306e-01 -5.792675e-01 -3.071753e-02 -2.098132e-02 4.881306e-01 -5.054955e-01 -6.350761e-02
-2.098132e-02 4.881306e-01 -5.054955e-01 -6.350761e-02 -2.098132e-02 4.881306e-01 -4.209364e-01 -9.422444e-02
-2.098132e-02 4.881306e-01 -4.209364e-01 -9.422444e-02 -2.098132e-02 4.881306e-01 -3.249318e-01 -1.216934e-01
-2.098132e-02 4.881306e-01 -3.249318e-01 -1.216934e-01 -2.098132e-02 4.881306e-01 -2.182309e-01 -1.443245e-01
-2.098132e-02 4.881306e-01 -2.182309e-01 -1.443245e-01 -2.098132e-02 4.881306e-01 -1.039657e-01 -1.603595e-01
-2.098132e-02 4.881306e-01 -1.039657e-01 -1.603595e-01 -2.098132e-02 4.881306e-01 1.233097e-02 -1.685020e-01
-2.098132e-02 4.881306e-01 1.233097e-02 -1.685020e-01 -2.098132e-02 4.881306e-01 1.245073e-01 -1.685416e-01
-2.098132e-02 4.881306e-01 1.245073e-01 -1.685416e-01 -2.098132e-02 4.881306e-01 2.281124e-01 -1.613521e-01
-2.098132e-02 4.881306e-01 2.281124e-01 -1.613521e-01 -2.098132e-02 4.881306e-01 3.212276e-01 -1.483241e-01
-2.098132e-02 4.881306e-01 3.212276e-01 -1.483241e-01 -2.098132e-02 4.881306e-01 4.038098e-01 -1.308252e-01
-2.098132e-02 4.881306e-01 4.038098e-01 -1.308252e-01 -2.098132e-02 4.881306e-01 4.767283e-01 -1.099643e-01
-2.098132e-02 4.881306e-01 4.767283e-01 -1.099643e-01 -2.098132e-02 4.881306e-01 5.411247e-01 -8.656754e-02
-2.098132e-02 4.881306e-01 5.411247e-01 -8.656754e-02 -2.098132e-02 4.881306e-01 5.981101e-01 -6.123172e-02
-2.098132e-02 4.881306e-01 5.981101e-01 -6.123172e-02 -2.098132e-02 4.881306e-01 6.486571e-01 -3.438618e-02
-2.098132e-02 4.881306e-01 6.486571e-01 -3.438618e-02 -2.098132e-02 4.881306e-01 6.935795e-01 -6.342306e-03
-2.098132e-02 4.881306e-01 6.935795e-01 -6.342306e-03 -2.098132e-02 4.881306e-01 7.335451e-01 2.267095e-02
-2.098132e-02 4.881306e-01 7.335451e-01 2.267095e-02 -2.098132e-02 4.881306e-01 7.690979e-01 5.248254e-02
-2.098132e-02 4.881306e-01 7.690979e-01 5.248254e-02 -2.098132e-02 4.881306e-01 8.006802e-01 8.296272e-02
-2.098132e-02 4.881306e-01 8.006802e-01 8.296272e-02 -2.098132e-02 4.881306e-01 8.286518e-01 1.140115e-01
-2.098132e-02 4.881306e-01 8.286518e-01 1.140115e-01 -2.098132e-02 4.881306e-01 8.533049e-01 1.455510e-01
-2.098132e-02 4.881306e-01 8.533049e-01 1.455510e-01 -2.098132e-02 4.881306e-01 8.748772e-01 1.775193e-01
-2.098132e-02 4.881306e-01 8.748772e-01 1.775193e-01 -2.098132e-02 4.881306e-01 8.935607e-01 2.098674e-01
-2.098132e-02 4.881306e-01 8.935607e-01 2.098674e-01 -2.098132e-02 4.881306e-01 9.095093e-01 2.425553e-01
-2.098132e-02 4.881306e-01 9.095093e-01 2.425553e-01 -2.098132e-02 4.881306e-01 9.228446e-01 2.755506e-01
-2.098132e-02 4.881306e-01 9.228446e-01 2.755506e-01 -2.098132e-02 4.881306e-01 9.336599e-01 3.088269e-01
-2.098132e-02 4.881306e-01 9.336599e-01 3.088269e-01 -2.098132e-02 4.881306e-01 9.420232e-01 3.423620e-01
-2.098132e-02 4.881306e-01 9.420232e-01 3.423620e-01 -2.098132e-02 4.881306e-01 9.479798e-01 3.761376e-01
-2.098132e-02 4.881306e-01 9.479798e-01 3.761376e-01 -2.098132e-02 4.881306e-01 9.515536e-01 4.101381e-01
-2.098132e-02 4.881306e-01 9.515536e-01 4.101381e-01 -2.098132e-02 4.881306e-01 9.527476e-01 4.443504e-01
-2.098132e-02 4.881306e-01 9.527476e-01 4.443504e-01 -2.098132e-02 4.881306e-01 9.515443e-01 4.787628e-01
-2.098132e-02 4.881306e-01 9.515443e-01 4.787628e-01 -2.098132e-02 4.881306e-01 9.479049e-01 5.133651e-01
-2.098132e-02 4.881306e-01 9.479049e-01 5.133651e-01 -2.098132e-02 4.881306e-01 9.417681e-01 5.481476e-01
-2.098132e-02 4.881306e-01 9.417681e-01 5.481476e-01 -2.098132e-02 4.881306e-01 9.330485e-01 5.831010e-01
-2.098132e-02 4.881306e-01 9.330485e-01 5.831010e-01 -2.098132e-02 4.881306e-01 9.216329e-01 6.182157e-01
-2.098132e-02 4.881306e-01 9.216329e-01 6.182157e-01 -2.098132e-02 4.881306e-01 9.073772e-01 6.534808e-01
-2.098132e-02 4.881306e-01 9.073772e-01 6.534808e-01 -2.098132e-02 4.881306e-01 8.901005e-01 6.888835e-01
-2.098132e-02 4.881306e-01 8.901005e-01 6.888835e-01 -2.098132e-02 4.881306e-01 8.695785e-01 7.244078e-01
-2.098132e-02 4.881306e-01 8.695785e-01 7.244078e-01 -2.098132e-02 4.881306e-01 8.455346e-01 7.600323e-01
-2.098132e-02 4.881306e-01 8.455346e-01 7.600323e-01 -2.098132e-02 4.881306e-01 8.176276e-01 7.957276e-01
-2.098132e-02 4.881306e-01 8.176276e-01 7.957276e-01 -2.098132e-02 4.881306e-01 7.854371e-01 8.314524e-01
-2.098132e-02 4.881306e-01 7.854371e-01 8.314524e-01 -2.098132e-02 4.881306e-01 7.484444e-01 8.671466e-01
-2.098132e-02 4.881306e-01 7.484444e-01 8.671466e-01 -2.098132e-02 4.881306e-01 7.060092e-01 9.027210e-01
-2.098132e-02 4.881306e-01 7.060092e-01 9.027210e-01 -2.098132e-02 4.881306e-01 6.573433e-01 9.380414e-01
-2.098132e-02 4.881306e-01 6.573433e-01 9.380414e-01 -2.098132e-02 4.881306e-01 6.014875e-01 9.729012e-01
-2.098132e-02 4.881306e-01 6.014875e-01 9.729012e-01 -2.098132e-02 4.881306e-01 5.373049e-01 1.006979e+00
-2.098132e-02 4.881306e-01 5.373049e-01 1.006979e+00 -2.098132e-02 4.881306e-01 4.635329e-01 1.039769e+00
-2.098132e-02 4.881306e-01 4.635329e-01 1.039769e+00 -2.098132e-02 4.881306e-01 3.789738e-01 1.070486e+00
-2.098132e-02 4.881306e-01 3.789738e-01 1.070486e+00 -2.098132e-02 4.881306e-01 2.829692e-01 1.097955e+00
-2.098132e-02 4.881306e-01 2.829692e-01 1.097955e+00 -2.098132e-02 4.881306e-01 1.762683e-01 1.120586e+00
-2.098132e-02 4.881306e-01 1.762683e-01 1.120586e+00 -2.098132e-02 4.881306e-01 6.200303e-02 1.136621e+00
-2.098132e-02 4.881306e-01 6.200303e-02 1.136621e+00 -2.098132e-02 4.881306e-01 -5.429360e-02 1.144763e+00
-2.098132e-02 4.881306e-01 -5.429360e-02 1.144763e+00 -2.098132e-02 4.881306e-01 -1.664700e-01 1.144803e+00
-2.098132e-02 4.881306e-01 -1.664700e-01 1.144803e+00 -2.098132e-02 4.881306e-01 -2.700750e-01 1.137613e+00
-2.098132e-02 4.881306e-01 -2.700750e-01 1.137613e+00 -2.098132e-02 4.881306e-01 -3.631902e-01 1.124585e+00
-2.098132e-02 4.881306e-01 -3.631902e-01 1.124585e+00 -2.098132e-02 4.881306e-01 -4.457725e-01 1.107086e+00
-2.098132e-02 4.881306e-01 -4.457725e-01 1.107086e+00 -2.098132e-02 4.881306e-01 -5.186910e-01 1.086226e+00
-2.098132e-02 4.881306e-01 -5.186910e-01 1.086226e+00 -2.098132e-02 4.881306e-01 -5.830873e-01 1.062829e+00
-2.098132e-02 4.881306e-01 -5.830873e-01 1.062829e+00 -2.098132e-02 4.881306e-01 -6.400727e-01 1.037493e+00
-2.098132e-02 4.881306e-01 -6.400727e-01 1.037493e+00 -2.098132e-02 4.881306e-01 -6.906198e-01 1.010647e+00
-2.098132e-02 4.881306e-01 -6.906198e-01 1.010647e+00 -2.098132e-02 4.881306e-01 -7.355422e-01 9.826035e-01
-2.098132e-02 4.881306e-01 -7.355422e-01 9.826035e-01 -2.098132e-02 4.881306e-01 -7.755077e-01 9.535902e-01
-2.098132e-02 4.881306e-01 -7.755077e-01 9.535902e-01 -2.098132e-02 4.881306e-01 -8.110605e-01 9.237786e-01
-2.098132e-02 4.881306e-01 -8.110605e-01 9.237786e-01 -2.098132e-02 4.881306e-01 -8.426429e-01 8.932985e-01
-2.098132e-02 4.881306e-01 -8.426429e-01 8.932985e-01 -2.098132e-02 4.881306e-01 -8.706144e-01 8.622496e-01
-2.098132e-02 4.881306e-01 -8.706144e-01 8.622496e-01 -2.098132e-02 4.881306e-01 -8.952675e-01 8.307102e-01
-2.098132e-02 4.881306e-01 -8.952675e-01 8.307102e-01 -2.098132e-02 4.881306e-01 -9.168398e-01 7.987418e-01
-2.098132e-02 4.881306e-01 -9.168398e-01 7.987418e-01 -2.098132e-02 4.881306e-01 -9.355233e-01 7.663938e-01
-2.098132e-02 4.881306e-01 -9.355233e-01 7.663938e-01 -2.098132e-02 4.881306e-01 -9.514720e-01 7.337059e-01
-2.098132e-02 4.881306e-01 -9.514720e-01 7.337059e-01 -2.098132e-02 4.881306e-01 -9.648073e-01 7.007105e-01
-2.098132e-02 4.881306e-01 -9.648073e-01 7.007105e-01 -2.098132e-02 4.881306e-01 -9.756225e-01 6.674343e-01
-2.098132e-02 4.881306e-01 -9.756225e-01 6.674343e-01 -2.098132e-02 4.881306e-01 -9.839858e-01 6.338992e-01
-2.098132e-02 4.881306e-01 -9.839858e-01 6.338992e-01 -2.098132e-02 4.881306e-01 -9.899425e-01 6.001236e-01
-2.098132e-02 4.881306e-01 -9.899425e-01 6.001236e-01 -2.098132e-02 4.881306e-01 -9.935163e-01 5.661230e-01
-2.098132e-02 4.881306e-01 -9.935163e-01 5.661230e-01 -2.098132e-02 4.881306e-01 -9.947103e-01 5.319108e-01
