-1.080000e+00 4.130000e-01 -1.124095e+00 5.977246e-01 -1.085000e+00 4.180000e-01 -1.126021e+00 6.036833e-01
-1.080000e+00 4.130000e-01 -1.124095e+00 5.977246e-01 -1.075000e+00 4.180000e-01 -1.124993e+00 6.006488e-01
-1.130000e+00 4.230000e-01 -1.129588e+00 6.182012e-01 -1.135000e+00 4.280000e-01 -1.130345e+00 6.237069e-01
-1.130000e+00 4.230000e-01 -1.129588e+00 6.182012e-01 -1.120000e+00 4.230000e-01 -1.129259e+00 6.166461e-01
-1.120000e+00 4.230000e-01 -1.129259e+00 6.166461e-01 -1.110000e+00 4.230000e-01 -1.128907e+00 6.146985e-01
-1.110000e+00 4.230000e-01 -1.128907e+00 6.146985e-01 -1.100000e+00 4.230000e-01 -1.128473e+00 6.123742e-01
-1.100000e+00 4.230000e-01 -1.128473e+00 6.123742e-01 -1.090000e+00 4.230000e-01 -1.127901e+00 6.096960e-01
-1.085000e+00 4.180000e-01 -1.126021e+00 6.036833e-01 -1.090000e+00 4.230000e-01 -1.127901e+00 6.096960e-01
-1.075000e+00 4.180000e-01 -1.124993e+00 6.006488e-01 -1.070000e+00 4.230000e-01 -1.126136e+00 6.033974e-01
-1.070000e+00 4.230000e-01 -1.126136e+00 6.033974e-01 -1.060000e+00 4.230000e-01 -1.124852e+00 5.998477e-01
-1.060000e+00 4.230000e-01 -1.124852e+00 5.998477e-01 -1.050000e+00 4.230000e-01 -1.123249e+00 5.960826e-01
-1.050000e+00 4.230000e-01 -1.123249e+00 5.960826e-01 -1.040000e+00 4.230000e-01 -1.121299e+00 5.921424e-01
-1.040000e+00 4.230000e-01 -1.121299e+00 5.921424e-01 -1.035000e+00 4.280000e-01 -1.122177e+00 5.940239e-01
-1.150000e+00 4.330000e-01 -1.130974e+00 6.300713e-01 -1.155000e+00 4.380000e-01 -1.131257e+00 6.352535e-01
-1.150000e+00 4.330000e-01 -1.130974e+00 6.300713e-01 -1.140000e+00 4.330000e-01 -1.130943e+00 6.292542e-01
-1.135000e+00 4.280000e-01 -1.130345e+00 6.237069e-01 -1.140000e+00 4.330000e-01 -1.130943e+00 6.292542e-01
-1.035000e+00 4.280000e-01 -1.122177e+00 5.940239e-01 -1.030000e+00 4.330000e-01 -1.123226e+00 5.956762e-01
-1.030000e+00 4.330000e-01 -1.123226e+00 5.956762e-01 -1.020000e+00 4.330000e-01 -1.120600e+00 5.912812e-01
-1.020000e+00 4.330000e-01 -1.120600e+00 5.912812e-01 -1.015000e+00 4.380000e-01 -1.121294e+00 5.926432e-01
-1.170000e+00 4.430000e-01 -1.131291e+00 6.404128e-01 -1.175000e+00 4.480000e-01 -1.131170e+00 6.451611e-01
-1.170000e+00 4.430000e-01 -1.131291e+00 6.404128e-01 -1.160000e+00 4.430000e-01 -1.131335e+00 6.404521e-01
-1.155000e+00 4.380000e-01 -1.131257e+00 6.352535e-01 -1.160000e+00 4.430000e-01 -1.131335e+00 6.404521e-01
-1.015000e+00 4.380000e-01 -1.121294e+00 5.926432e-01 -1.010000e+00 4.430000e-01 -1.122102e+00 5.937664e-01
-1.010000e+00 4.430000e-01 -1.122102e+00 5.937664e-01 -1.005000e+00 4.480000e-01 -1.122678e+00 5.947944e-01
-1.190000e+00 4.530000e-01 -1.130954e+00 6.489208e-01 -1.195000e+00 4.580000e-01 -1.130545e+00 6.531357e-01
-1.190000e+00 4.530000e-01 -1.130954e+00 6.489208e-01 -1.180000e+00 4.530000e-01 -1.130807e+00 6.498850e-01
-1.175000e+00 4.480000e-01 -1.131170e+00 6.451611e-01 -1.180000e+00 4.530000e-01 -1.130807e+00 6.498850e-01
-1.005000e+00 4.480000e-01 -1.122678e+00 5.947944e-01 -1.000000e+00 4.530000e-01 -1.123330e+00 5.955806e-01
-1.000000e+00 4.530000e-01 -1.123330e+00 5.955806e-01 -9.950000e-01 4.580000e-01 -1.123716e+00 5.963128e-01
-1.200000e+00 4.630000e-01 -1.129873e+00 6.572718e-01 -1.205000e+00 4.680000e-01 -1.129246e+00 6.611383e-01
-1.195000e+00 4.580000e-01 -1.130545e+00 6.531357e-01 -1.200000e+00 4.630000e-01 -1.129873e+00 6.572718e-01
-9.950000e-01 4.580000e-01 -1.123716e+00 5.963128e-01 -9.950000e-01 4.680000e-01 -1.128635e+00 6.022242e-01
-1.210000e+00 4.730000e-01 -1.128343e+00 6.648877e-01 -1.215000e+00 4.780000e-01 -1.127541e+00 6.683586e-01
-1.205000e+00 4.680000e-01 -1.129246e+00 6.611383e-01 -1.210000e+00 4.730000e-01 -1.128343e+00 6.648877e-01
-9.950000e-01 4.680000e-01 -1.128635e+00 6.022242e-01 -9.900000e-01 4.730000e-01 -1.129065e+00 6.024766e-01
-9.900000e-01 4.730000e-01 -1.129065e+00 6.024766e-01 -9.850000e-01 4.780000e-01 -1.129182e+00 6.027397e-01
-1.220000e+00 4.830000e-01 -1.126459e+00 6.716682e-01 -1.225000e+00 4.880000e-01 -1.125538e+00 6.747000e-01
-1.215000e+00 4.780000e-01 -1.127541e+00 6.683586e-01 -1.220000e+00 4.830000e-01 -1.126459e+00 6.716682e-01
-9.850000e-01 4.780000e-01 -1.129182e+00 6.027397e-01 -9.850000e-01 4.880000e-01 -1.134203e+00 6.078373e-01
-1.230000e+00 4.930000e-01 -1.124344e+00 6.775224e-01 -1.235000e+00 4.980000e-01 -1.123376e+00 6.800803e-01
-1.225000e+00 4.880000e-01 -1.125538e+00 6.747000e-01 -1.230000e+00 4.930000e-01 -1.124344e+00 6.775224e-01
-9.850000e-01 4.880000e-01 -1.134203e+00 6.078373e-01 -9.800000e-01 4.930000e-01 -1.134226e+00 6.076511e-01
-9.800000e-01 4.930000e-01 -1.134226e+00 6.076511e-01 -9.750000e-01 4.980000e-01 -1.133909e+00 6.075464e-01
-1.240000e+00 5.030000e-01 -1.122155e+00 6.823793e-01 -1.245000e+00 5.080000e-01 -1.121225e+00 6.844417e-01
-1.235000e+00 4.980000e-01 -1.123376e+00 6.800803e-01 -1.240000e+00 5.030000e-01 -1.122155e+00 6.823793e-01
-9.750000e-01 4.980000e-01 -1.133909e+00 6.075464e-01 -9.750000e-01 5.080000e-01 -1.138823e+00 6.118620e-01
-1.250000e+00 5.130000e-01 -1.120078e+00 6.861984e-01 -1.255000e+00 5.180000e-01 -1.119280e+00 6.877618e-01
-1.245000e+00 5.080000e-01 -1.121225e+00 6.844417e-01 -1.250000e+00 5.130000e-01 -1.120078e+00 6.861984e-01
-9.750000e-01 5.080000e-01 -1.138823e+00 6.118620e-01 -9.750000e-01 5.180000e-01 -1.143737e+00 6.158077e-01
-1.260000e+00 5.230000e-01 -1.118316e+00 6.889807e-01 -1.265000e+00 5.280000e-01 -1.117749e+00 6.900636e-01
-1.255000e+00 5.180000e-01 -1.119280e+00 6.877618e-01 -1.260000e+00 5.230000e-01 -1.118316e+00 6.889807e-01
-9.750000e-01 5.180000e-01 -1.143737e+00 6.158077e-01 -9.750000e-01 5.280000e-01 -1.148618e+00 6.193755e-01
-1.270000e+00 5.330000e-01 -1.117080e+00 6.907760e-01 -1.275000e+00 5.380000e-01 -1.116840e+00 6.914206e-01
-1.265000e+00 5.280000e-01 -1.117749e+00 6.900636e-01 -1.270000e+00 5.330000e-01 -1.117080e+00 6.907760e-01
-9.750000e-01 5.280000e-01 -1.148618e+00 6.193755e-01 -9.750000e-01 5.380000e-01 -1.153428e+00 6.225611e-01
-1.275000e+00 5.380000e-01 -1.116840e+00 6.914206e-01 -1.275000e+00 5.480000e-01 -1.111852e+00 6.969394e-01
-9.750000e-01 5.380000e-01 -1.153428e+00 6.225611e-01 -9.700000e-01 5.430000e-01 -1.152311e+00 6.216163e-01
-9.700000e-01 5.430000e-01 -1.152311e+00 6.216163e-01 -9.650000e-01 5.480000e-01 -1.150857e+00 6.209020e-01
-1.280000e+00 5.530000e-01 -1.111588e+00 6.967934e-01 -1.285000e+00 5.580000e-01 -1.111802e+00 6.966944e-01
-1.275000e+00 5.480000e-01 -1.111852e+00 6.969394e-01 -1.280000e+00 5.530000e-01 -1.111588e+00 6.967934e-01
-9.650000e-01 5.480000e-01 -1.150857e+00 6.209020e-01 -9.650000e-01 5.580000e-01 -1.155069e+00 6.235124e-01
-1.290000e+00 5.630000e-01 -1.112105e+00 6.962067e-01 -1.295000e+00 5.680000e-01 -1.112866e+00 6.958449e-01
-1.285000e+00 5.580000e-01 -1.111802e+00 6.966944e-01 -1.290000e+00 5.630000e-01 -1.112105e+00 6.962067e-01
-9.650000e-01 5.580000e-01 -1.155069e+00 6.235124e-01 -9.650000e-01 5.680000e-01 -1.159076e+00 6.258038e-01
-1.295000e+00 5.680000e-01 -1.112866e+00 6.958449e-01 -1.295000e+00 5.780000e-01 -1.108107e+00 6.991807e-01
-9.650000e-01 5.680000e-01 -1.159076e+00 6.258038e-01 -9.650000e-01 5.780000e-01 -1.162836e+00 6.277960e-01
-1.300000e+00 5.830000e-01 -1.109247e+00 6.981302e-01 -1.305000e+00 5.880000e-01 -1.110806e+00 6.973260e-01
-1.295000e+00 5.780000e-01 -1.108107e+00 6.991807e-01 -1.300000e+00 5.830000e-01 -1.109247e+00 6.981302e-01
-9.700000e-01 5.830000e-01 -1.168844e+00 6.303886e-01 -9.750000e-01 5.880000e-01 -1.174903e+00 6.329847e-01
-9.650000e-01 5.780000e-01 -1.162836e+00 6.277960e-01 -9.700000e-01 5.830000e-01 -1.168844e+00 6.303886e-01
-1.310000e+00 5.930000e-01 -1.112637e+00 6.962522e-01 -1.315000e+00 5.980000e-01 -1.114818e+00 6.954673e-01
-1.305000e+00 5.880000e-01 -1.110806e+00 6.973260e-01 -1.310000e+00 5.930000e-01 -1.112637e+00 6.962522e-01
-9.750000e-01 5.880000e-01 -1.174903e+00 6.329847e-01 -9.750000e-01 5.980000e-01 -1.178354e+00 6.341058e-01
-1.315000e+00 5.980000e-01 -1.114818e+00 6.954673e-01 -1.315000e+00 6.080000e-01 -1.111276e+00 6.970449e-01
-9.750000e-01 5.980000e-01 -1.178354e+00 6.341058e-01 -9.750000e-01 6.080000e-01 -1.181416e+00 6.349856e-01
-1.320000e+00 6.130000e-01 -1.114101e+00 6.959167e-01 -1.325000e+00 6.180000e-01 -1.117176e+00 6.951323e-01
-1.315000e+00 6.080000e-01 -1.111276e+00 6.970449e-01 -1.320000e+00 6.130000e-01 -1.114101e+00 6.959167e-01
-9.750000e-01 6.080000e-01 -1.181416e+00 6.349856e-01 -9.750000e-01 6.180000e-01 -1.184050e+00 6.356728e-01
-1.325000e+00 6.180000e-01 -1.117176e+00 6.951323e-01 -1.325000e+00 6.280000e-01 -1.114684e+00 6.959032e-01
-9.750000e-01 6.180000e-01 -1.184050e+00 6.356728e-01 -9.750000e-01 6.280000e-01 -1.186222e+00 6.362223e-01
-1.325000e+00 6.280000e-01 -1.114684e+00 6.959032e-01 -1.325000e+00 6.380000e-01 -1.112660e+00 6.961699e-01
-9.750000e-01 6.280000e-01 -1.186222e+00 6.362223e-01 -9.750000e-01 6.380000e-01 -1.187909e+00 6.366938e-01
-1.330000e+00 6.430000e-01 -1.116807e+00 6.953382e-01 -1.335000e+00 6.480000e-01 -1.121051e+00 6.948578e-01
-1.325000e+00 6.380000e-01 -1.112660e+00 6.961699e-01 -1.330000e+00 6.430000e-01 -1.116807e+00 6.953382e-01
-9.800000e-01 6.430000e-01 -1.193424e+00 6.375131e-01 -9.850000e-01 6.480000e-01 -1.198994e+00 6.381328e-01
-9.750000e-01 6.380000e-01 -1.187909e+00 6.366938e-01 -9.800000e-01 6.430000e-01 -1.193424e+00 6.375131e-01
-1.335000e+00 6.480000e-01 -1.121051e+00 6.948578e-01 -1.335000e+00 6.580000e-01 -1.120267e+00 6.948771e-01
-9.850000e-01 6.480000e-01 -1.198994e+00 6.381328e-01 -9.850000e-01 6.580000e-01 -1.199748e+00 6.381025e-01
-1.340000e+00 6.630000e-01 -1.125159e+00 6.946522e-01 -1.345000e+00 6.680000e-01 -1.130062e+00 6.947194e-01
-1.335000e+00 6.580000e-01 -1.120267e+00 6.948771e-01 -1.340000e+00 6.630000e-01 -1.125159e+00 6.946522e-01
-9.850000e-01 6.580000e-01 -1.199748e+00 6.381025e-01 -9.850000e-01 6.680000e-01 -1.199938e+00 6.381953e-01
-1.345000e+00 6.680000e-01 -1.130062e+00 6.947194e-01 -1.345000e+00 6.780000e-01 -1.130421e+00 6.948649e-01
-9.900000e-01 6.730000e-01 -1.204750e+00 6.381627e-01 -9.950000e-01 6.780000e-01 -1.209538e+00 6.378261e-01
-9.850000e-01 6.680000e-01 -1.199938e+00 6.381953e-01 -9.900000e-01 6.730000e-01 -1.204750e+00 6.381627e-01
-1.345000e+00 6.780000e-01 -1.130421e+00 6.948649e-01 -1.345000e+00 6.880000e-01 -1.131335e+00 6.949118e-01
-9.950000e-01 6.780000e-01 -1.209538e+00 6.378261e-01 -9.950000e-01 6.880000e-01 -1.208560e+00 6.378454e-01
-1.345000e+00 6.880000e-01 -1.131335e+00 6.949118e-01 -1.345000e+00 6.980000e-01 -1.132803e+00 6.949335e-01
-9.950000e-01 6.880000e-01 -1.208560e+00 6.378454e-01 -9.950000e-01 6.980000e-01 -1.207048e+00 6.382292e-01
-1.350000e+00 7.030000e-01 -1.138601e+00 6.959711e-01 -1.355000e+00 7.080000e-01 -1.144329e+00 6.971612e-01
-1.345000e+00 6.980000e-01 -1.132803e+00 6.949335e-01 -1.350000e+00 7.030000e-01 -1.138601e+00 6.959711e-01
-1.000000e+00 7.030000e-01 -1.210836e+00 6.376396e-01 -1.005000e+00 7.080000e-01 -1.214465e+00 6.366996e-01
-9.950000e-01 6.980000e-01 -1.207048e+00 6.382292e-01 -1.000000e+00 7.030000e-01 -1.210836e+00 6.376396e-01
-1.355000e+00 7.080000e-01 -1.144329e+00 6.971612e-01 -1.355000e+00 7.180000e-01 -1.146608e+00 6.978305e-01
-1.005000e+00 7.080000e-01 -1.214465e+00 6.366996e-01 -1.005000e+00 7.180000e-01 -1.211789e+00 6.375634e-01
-1.355000e+00 7.180000e-01 -1.146608e+00 6.978305e-01 -1.355000e+00 7.280000e-01 -1.149332e+00 6.986499e-01
-1.010000e+00 7.230000e-01 -1.214720e+00 6.367540e-01 -1.015000e+00 7.280000e-01 -1.217382e+00 6.356054e-01
-1.005000e+00 7.180000e-01 -1.211789e+00 6.375634e-01 -1.010000e+00 7.230000e-01 -1.214720e+00 6.367540e-01
-1.355000e+00 7.280000e-01 -1.149332e+00 6.986499e-01 -1.355000e+00 7.380000e-01 -1.152466e+00 6.996712e-01
-1.015000e+00 7.280000e-01 -1.217382e+00 6.356054e-01 -1.015000e+00 7.380000e-01 -1.213687e+00 6.373364e-01
-1.355000e+00 7.380000e-01 -1.152466e+00 6.996712e-01 -1.355000e+00 7.480000e-01 -1.155971e+00 7.009401e-01
-1.020000e+00 7.430000e-01 -1.215723e+00 6.365708e-01 -1.025000e+00 7.480000e-01 -1.217393e+00 6.355288e-01
-1.015000e+00 7.380000e-01 -1.213687e+00 6.373364e-01 -1.020000e+00 7.430000e-01 -1.215723e+00 6.365708e-01
-1.355000e+00 7.480000e-01 -1.155971e+00 7.009401e-01 -1.355000e+00 7.580000e-01 -1.159804e+00 7.024955e-01
-1.030000e+00 7.530000e-01 -1.218807e+00 6.347730e-01 -1.035000e+00 7.580000e-01 -1.219791e+00 6.337886e-01
-1.025000e+00 7.480000e-01 -1.217393e+00 6.355288e-01 -1.030000e+00 7.530000e-01 -1.218807e+00 6.347730e-01
-1.355000e+00 7.580000e-01 -1.159804e+00 7.024955e-01 -1.355000e+00 7.680000e-01 -1.163919e+00 7.043689e-01
-1.035000e+00 7.580000e-01 -1.219791e+00 6.337886e-01 -1.035000e+00 7.680000e-01 -1.214969e+00 6.373453e-01
-1.355000e+00 7.680000e-01 -1.163919e+00 7.043689e-01 -1.355000e+00 7.780000e-01 -1.168267e+00 7.065845e-01
-1.040000e+00 7.730000e-01 -1.215612e+00 6.370705e-01 -1.045000e+00 7.780000e-01 -1.215796e+00 6.366899e-01
-1.035000e+00 7.680000e-01 -1.214969e+00 6.373453e-01 -1.040000e+00 7.730000e-01 -1.215612e+00 6.370705e-01
-1.355000e+00 7.780000e-01 -1.168267e+00 7.065845e-01 -1.355000e+00 7.880000e-01 -1.172805e+00 7.091596e-01
-1.050000e+00 7.830000e-01 -1.215912e+00 6.367011e-01 -1.055000e+00 7.880000e-01 -1.215553e+00 6.366860e-01
-1.045000e+00 7.780000e-01 -1.215796e+00 6.366899e-01 -1.050000e+00 7.830000e-01 -1.215912e+00 6.367011e-01
-1.355000e+00 7.880000e-01 -1.172805e+00 7.091596e-01 -1.355000e+00 7.980000e-01 -1.177485e+00 7.121048e-01
-1.055000e+00 7.880000e-01 -1.215553e+00 6.366860e-01 -1.055000e+00 7.980000e-01 -1.210606e+00 6.424212e-01
-1.355000e+00 7.980000e-01 -1.177485e+00 7.121048e-01 -1.355000e+00 8.080000e-01 -1.182266e+00 7.154251e-01
-1.060000e+00 8.030000e-01 -1.210309e+00 6.431891e-01 -1.065000e+00 8.080000e-01 -1.209593e+00 6.440407e-01
-1.055000e+00 7.980000e-01 -1.210606e+00 6.424212e-01 -1.060000e+00 8.030000e-01 -1.210309e+00 6.431891e-01
-1.355000e+00 8.080000e-01 -1.182266e+00 7.154251e-01 -1.355000e+00 8.180000e-01 -1.187110e+00 7.191199e-01
-1.070000e+00 8.130000e-01 -1.208995e+00 6.452541e-01 -1.075000e+00 8.180000e-01 -1.208014e+00 6.466161e-01
-1.065000e+00 8.080000e-01 -1.209593e+00 6.440407e-01 -1.070000e+00 8.130000e-01 -1.208995e+00 6.452541e-01
-1.355000e+00 8.180000e-01 -1.187110e+00 7.191199e-01 -1.355000e+00 8.280000e-01 -1.191980e+00 7.231845e-01
-1.080000e+00 8.230000e-01 -1.207209e+00 6.483109e-01 -1.085000e+00 8.280000e-01 -1.206072e+00 6.502079e-01
-1.075000e+00 8.180000e-01 -1.208014e+00 6.466161e-01 -1.080000e+00 8.230000e-01 -1.207209e+00 6.483109e-01
-1.355000e+00 8.280000e-01 -1.191980e+00 7.231845e-01 -1.350000e+00 8.330000e-01 -1.191535e+00 7.229661e-01
-1.350000e+00 8.330000e-01 -1.191535e+00 7.229661e-01 -1.345000e+00 8.380000e-01 -1.191437e+00 7.226445e-01
-1.090000e+00 8.330000e-01 -1.205158e+00 6.523972e-01 -1.095000e+00 8.380000e-01 -1.203971e+00 6.548278e-01
-1.085000e+00 8.280000e-01 -1.206072e+00 6.502079e-01 -1.090000e+00 8.330000e-01 -1.205158e+00 6.523972e-01
-1.345000e+00 8.380000e-01 -1.191437e+00 7.226445e-01 -1.345000e+00 8.480000e-01 -1.196480e+00 7.274788e-01
-1.100000e+00 8.430000e-01 -1.203039e+00 6.575039e-01 -1.105000e+00 8.480000e-01 -1.201898e+00 6.604455e-01
-1.095000e+00 8.380000e-01 -1.203971e+00 6.548278e-01 -1.100000e+00 8.430000e-01 -1.203039e+00 6.575039e-01
-1.345000e+00 8.480000e-01 -1.196480e+00 7.274788e-01 -1.345000e+00 8.580000e-01 -1.201440e+00 7.326708e-01
-1.110000e+00 8.530000e-01 -1.201029e+00 6.635838e-01 -1.115000e+00 8.580000e-01 -1.200014e+00 6.669979e-01
-1.105000e+00 8.480000e-01 -1.201898e+00 6.604455e-01 -1.110000e+00 8.530000e-01 -1.201029e+00 6.635838e-01
-1.345000e+00 8.580000e-01 -1.201440e+00 7.326708e-01 -1.340000e+00 8.630000e-01 -1.201508e+00 7.330073e-01
-1.340000e+00 8.630000e-01 -1.201508e+00 7.330073e-01 -1.335000e+00 8.680000e-01 -1.201882e+00 7.333359e-01
-1.120000e+00 8.630000e-01 -1.199276e+00 6.705620e-01 -1.125000e+00 8.680000e-01 -1.198450e+00 6.744004e-01
-1.115000e+00 8.580000e-01 -1.200014e+00 6.669979e-01 -1.120000e+00 8.630000e-01 -1.199276e+00 6.705620e-01
-1.335000e+00 8.680000e-01 -1.201882e+00 7.333359e-01 -1.330000e+00 8.730000e-01 -1.202241e+00 7.339024e-01
-1.330000e+00 8.730000e-01 -1.202241e+00 7.339024e-01 -1.325000e+00 8.780000e-01 -1.202885e+00 7.345064e-01
-1.140000e+00 8.730000e-01 -1.198091e+00 6.769654e-01 -1.145000e+00 8.780000e-01 -1.197508e+00 6.814465e-01
-1.140000e+00 8.730000e-01 -1.198091e+00 6.769654e-01 -1.130000e+00 8.730000e-01 -1.197895e+00 6.783465e-01
-1.125000e+00 8.680000e-01 -1.198450e+00 6.744004e-01 -1.130000e+00 8.730000e-01 -1.197895e+00 6.783465e-01
-1.325000e+00 8.780000e-01 -1.202885e+00 7.345064e-01 -1.320000e+00 8.830000e-01 -1.203469e+00 7.353575e-01
-1.320000e+00 8.830000e-01 -1.203469e+00 7.353575e-01 -1.315000e+00 8.880000e-01 -1.204305e+00 7.362904e-01
-1.150000e+00 8.830000e-01 -1.197185e+00 6.859747e-01 -1.155000e+00 8.880000e-01 -1.196913e+00 6.907508e-01
-1.145000e+00 8.780000e-01 -1.197508e+00 6.814465e-01 -1.150000e+00 8.830000e-01 -1.197185e+00 6.859747e-01
-1.315000e+00 8.880000e-01 -1.204305e+00 7.362904e-01 -1.310000e+00 8.930000e-01 -1.205039e+00 7.374708e-01
-1.310000e+00 8.930000e-01 -1.205039e+00 7.374708e-01 -1.305000e+00 8.980000e-01 -1.205984e+00 7.387730e-01
-1.170000e+00 8.930000e-01 -1.196928e+00 6.955865e-01 -1.175000e+00 8.980000e-01 -1.197097e+00 7.008169e-01
-1.170000e+00 8.930000e-01 -1.196928e+00 6.955865e-01 -1.160000e+00 8.930000e-01 -1.196876e+00 6.955464e-01
-1.155000e+00 8.880000e-01 -1.196913e+00 6.907508e-01 -1.160000e+00 8.930000e-01 -1.196876e+00 6.955464e-01
-1.305000e+00 8.980000e-01 -1.205984e+00 7.387730e-01 -1.300000e+00 9.030000e-01 -1.206790e+00 7.403142e-01
-1.300000e+00 9.030000e-01 -1.206790e+00 7.403142e-01 -1.290000e+00 9.030000e-01 -1.204477e+00 7.360597e-01
-1.290000e+00 9.030000e-01 -1.204477e+00 7.360597e-01 -1.285000e+00 9.080000e-01 -1.205584e+00 7.379372e-01
-1.200000e+00 9.030000e-01 -1.197678e+00 7.081983e-01 -1.205000e+00 9.080000e-01 -1.198562e+00 7.139082e-01
-1.200000e+00 9.030000e-01 -1.197678e+00 7.081983e-01 -1.190000e+00 9.030000e-01 -1.197610e+00 7.068999e-01
-1.190000e+00 9.030000e-01 -1.197610e+00 7.068999e-01 -1.180000e+00 9.030000e-01 -1.197463e+00 7.060285e-01
-1.175000e+00 8.980000e-01 -1.197097e+00 7.008169e-01 -1.180000e+00 9.030000e-01 -1.197463e+00 7.060285e-01
-1.285000e+00 9.080000e-01 -1.205584e+00 7.379372e-01 -1.280000e+00 9.130000e-01 -1.206498e+00 7.400359e-01
-1.280000e+00 9.130000e-01 -1.206498e+00 7.400359e-01 -1.270000e+00 9.130000e-01 -1.204776e+00 7.363118e-01
-1.270000e+00 9.130000e-01 -1.204776e+00 7.363118e-01 -1.260000e+00 9.130000e-01 -1.203365e+00 7.327958e-01
-1.260000e+00 9.130000e-01 -1.203365e+00 7.327958e-01 -1.250000e+00 9.130000e-01 -1.202232e+00 7.295258e-01
-1.250000e+00 9.130000e-01 -1.202232e+00 7.295258e-01 -1.240000e+00 9.130000e-01 -1.201335e+00 7.265378e-01
-1.240000e+00 9.130000e-01 -1.201335e+00 7.265378e-01 -1.230000e+00 9.130000e-01 -1.200628e+00 7.238643e-01
-1.230000e+00 9.130000e-01 -1.200628e+00 7.238643e-01 -1.220000e+00 9.130000e-01 -1.200061e+00 7.215333e-01
-1.220000e+00 9.130000e-01 -1.200061e+00 7.215333e-01 -1.210000e+00 9.130000e-01 -1.199579e+00 7.195674e-01
-1.205000e+00 9.080000e-01 -1.198562e+00 7.139082e-01 -1.210000e+00 9.130000e-01 -1.199579e+00 7.195674e-01
-1.164106e+00 6.664262e-01 -1.374051e+00 6.381696e-01 -1.164106e+00 6.664262e-01 -1.373640e+00 6.263567e-01
-1.164106e+00 6.664262e-01 -1.373640e+00 6.263567e-01 -1.164106e+00 6.664262e-01 -1.372431e+00 6.148451e-01
-1.164106e+00 6.664262e-01 -1.372431e+00 6.148451e-01 -1.164106e+00 6.664262e-01 -1.370458e+00 6.036473e-01
-1.164106e+00 6.664262e-01 -1.370458e+00 6.036473e-01 -1.164106e+00 6.664262e-01 -1.367748e+00 5.927746e-01
-1.164106e+00 6.664262e-01 -1.367748e+00 5.927746e-01 -1.164106e+00 6.664262e-01 -1.364325e+00 5.822384e-01
-1.164106e+00 6.664262e-01 -1.364325e+00 5.822384e-01 -1.164106e+00 6.664262e-01 -1.360209e+00 5.720501e-01
-1.164106e+00 6.664262e-01 -1.360209e+00 5.720501e-01 -1.164106e+00 6.664262e-01 -1.355416e+00 5.622224e-01
-1.164106e+00 6.664262e-01 -1.355416e+00 5.622224e-01 -1.164106e+00 6.664262e-01 -1.349958e+00 5.527687e-01
-1.164106e+00 6.664262e-01 -1.349958e+00 5.527687e-01 -1.164106e+00 6.664262e-01 -1.343844e+00 5.437046e-01
-1.164106e+00 6.664262e-01 -1.343844e+00 5.437046e-01 -1.164106e+00 6.664262e-01 -1.337080e+00 5.350472e-01
-1.164106e+00 6.664262e-01 -1.337080e+00 5.350472e-01 -1.164106e+00 6.664262e-01 -1.329668e+00 5.268166e-01
-1.164106e+00 6.664262e-01 -1.329668e+00 5.268166e-01 -1.164106e+00 6.664262e-01 -1.321609e+00 5.190355e-01
-1.164106e+00 6.664262e-01 -1.321609e+00 5.190355e-01 -1.164106e+00 6.664262e-01 -1.312901e+00 5.117302e-01
-1.164106e+00 6.664262e-01 -1.312901e+00 5.117302e-01 -1.164106e+00 6.664262e-01 -1.303540e+00 5.049305e-01
-1.164106e+00 6.664262e-01 -1.303540e+00 5.049305e-01 -1.164106e+00 6.664262e-01 -1.293520e+00 4.986712e-01
-1.164106e+00 6.664262e-01 -1.293520e+00 4.986712e-01 -1.164106e+00 6.664262e-01 -1.282835e+00 4.929916e-01
-1.164106e+00 6.664262e-01 -1.282835e+00 4.929916e-01 -1.164106e+00 6.664262e-01 -1.271477e+00 4.879370e-01
-1.164106e+00 6.664262e-01 -1.271477e+00 4.879370e-01 -1.164106e+00 6.664262e-01 -1.259441e+00 4.835586e-01
-1.164106e+00 6.664262e-01 -1.259441e+00 4.835586e-01 -1.164106e+00 6.664262e-01 -1.246722e+00 4.799144e-01
-1.164106e+00 6.664262e-01 -1.246722e+00 4.799144e-01 -1.164106e+00 6.664262e-01 -1.233323e+00 4.770691e-01
-1.164106e+00 6.664262e-01 -1.233323e+00 4.770691e-01 -1.164106e+00 6.664262e-01 -1.219250e+00 4.750945e-01
-1.164106e+00 6.664262e-01 -1.219250e+00 4.750945e-01 -1.164106e+00 6.664262e-01 -1.204524e+00 4.740681e-01
-1.164106e+00 6.664262e-01 -1.204524e+00 4.740681e-01 -1.164106e+00 6.664262e-01 -1.189178e+00 4.740715e-01
-1.164106e+00 6.664262e-01 -1.189178e+00 4.740715e-01 -1.164106e+00 6.664262e-01 -1.173269e+00 4.751876e-01
-1.164106e+00 6.664262e-01 -1.173269e+00 4.751876e-01 -1.164106e+00 6.664262e-01 -1.156877e+00 4.774948e-01
-1.164106e+00 6.664262e-01 -1.156877e+00 4.774948e-01 -1.164106e+00 6.664262e-01 -1.140119e+00 4.810602e-01
-1.164106e+00 6.664262e-01 -1.140119e+00 4.810602e-01 -1.164106e+00 6.664262e-01 -1.123143e+00 4.859308e-01
-1.164106e+00 6.664262e-01 -1.123143e+00 4.859308e-01 -1.164106e+00 6.664262e-01 -1.106137e+00 4.921230e-01
-1.164106e+00 6.664262e-01 -1.106137e+00 4.921230e-01 -1.164106e+00 6.664262e-01 -1.089314e+00 4.996145e-01
-1.164106e+00 6.664262e-01 -1.089314e+00 4.996145e-01 -1.164106e+00 6.664262e-01 -1.072907e+00 5.083388e-01
-1.164106e+00 6.664262e-01 -1.072907e+00 5.083388e-01 -1.164106e+00 6.664262e-01 -1.057147e+00 5.181865e-01
-1.164106e+00 6.664262e-01 -1.057147e+00 5.181865e-01 -1.164106e+00 6.664262e-01 -1.042243e+00 5.290127e-01
-1.164106e+00 6.664262e-01 -1.042243e+00 5.290127e-01 -1.164106e+00 6.664262e-01 -1.028371e+00 5.406499e-01
-1.164106e+00 6.664262e-01 -1.028371e+00 5.406499e-01 -1.164106e+00 6.664262e-01 -1.015658e+00 5.529230e-01
-1.164106e+00 6.664262e-01 -1.015658e+00 5.529230e-01 -1.164106e+00 6.664262e-01 -1.004183e+00 5.656625e-01
-1.164106e+00 6.664262e-01 -1.004183e+00 5.656625e-01 -1.164106e+00 6.664262e-01 -9.939813e-01 5.787143e-01
-1.164106e+00 6.664262e-01 -9.939813e-01 5.787143e-01 -1.164106e+00 6.664262e-01 -9.850526e-01 5.919453e-01
-1.164106e+00 6.664262e-01 -9.850526e-01 5.919453e-01 -1.164106e+00 6.664262e-01 -9.773703e-01 6.052445e-01
-1.164106e+00 6.664262e-01 -9.773703e-01 6.052445e-01 -1.164106e+00 6.664262e-01 -9.708907e-01 6.185221e-01
-1.164106e+00 6.664262e-01 -9.708907e-01 6.185221e-01 -1.164106e+00 6.664262e-01 -9.655602e-01 6.317072e-01
-1.164106e+00 6.664262e-01 -9.655602e-01 6.317072e-01 -1.164106e+00 6.664262e-01 -9.613213e-01 6.447441e-01
-1.164106e+00 6.664262e-01 -9.613213e-01 6.447441e-01 -1.164106e+00 6.664262e-01 -9.581158e-01 6.575899e-01
-1.164106e+00 6.664262e-01 -9.581158e-01 6.575899e-01 -1.164106e+00 6.664262e-01 -9.558879e-01 6.702114e-01
-1.164106e+00 6.664262e-01 -9.558879e-01 6.702114e-01 -1.164106e+00 6.664262e-01 -9.545856e-01 6.825825e-01
-1.164106e+00 6.664262e-01 -9.545856e-01 6.825825e-01 -1.164106e+00 6.664262e-01 -9.541612e-01 6.946828e-01
-1.164106e+00 6.664262e-01 -9.541612e-01 6.946828e-01 -1.164106e+00 6.664262e-01 -9.545722e-01 7.064958e-01
-1.164106e+00 6.664262e-01 -9.545722e-01 7.064958e-01 -1.164106e+00 6.664262e-01 -9.557808e-01 7.180073e-01
-1.164106e+00 6.664262e-01 -9.557808e-01 7.180073e-01 -1.164106e+00 6.664262e-01 -9.577542e-01 7.292051e-01
-1.164106e+00 6.664262e-01 -9.577542e-01 7.292051e-01 -1.164106e+00 6.664262e-01 -9.604642e-01 7.400778e-01
-1.164106e+00 6.664262e-01 -9.604642e-01 7.400778e-01 -1.164106e+00 6.664262e-01 -9.638869e-01 7.506141e-01
-1.164106e+00 6.664262e-01 -9.638869e-01 7.506141e-01 -1.164106e+00 6.664262e-01 -9.680028e-01 7.608023e-01
-1.164106e+00 6.664262e-01 -9.680028e-01 7.608023e-01 -1.164106e+00 6.664262e-01 -9.727959e-01 7.706300e-01
-1.164106e+00 6.664262e-01 -9.727959e-01 7.706300e-01 -1.164106e+00 6.664262e-01 -9.782539e-01 7.800837e-01
-1.164106e+00 6.664262e-01 -9.782539e-01 7.800837e-01 -1.164106e+00 6.664262e-01 -9.843681e-01 7.891479e-01
-1.164106e+00 6.664262e-01 -9.843681e-01 7.891479e-01 -1.164106e+00 6.664262e-01 -9.911324e-01 7.978052e-01
-1.164106e+00 6.664262e-01 -9.911324e-01 7.978052e-01 -1.164106e+00 6.664262e-01 -9.985441e-01 8.060358e-01
-1.164106e+00 6.664262e-01 -9.985441e-01 8.060358e-01 -1.164106e+00 6.664262e-01 -1.006603e+00 8.138169e-01
-1.164106e+00 6.664262e-01 -1.006603e+00 8.138169e-01 -1.164106e+00 6.664262e-01 -1.015311e+00 8.211223e-01
-1.164106e+00 6.664262e-01 -1.015311e+00 8.211223e-01 -1.164106e+00 6.664262e-01 -1.024672e+00 8.279219e-01
-1.164106e+00 6.664262e-01 -1.024672e+00 8.279219e-01 -1.164106e+00 6.664262e-01 -1.034692e+00 8.341812e-01
-1.164106e+00 6.664262e-01 -1.034692e+00 8.341812e-01 -1.164106e+00 6.664262e-01 -1.045377e+00 8.398608e-01
-1.164106e+00 6.664262e-01 -1.045377e+00 8.398608e-01 -1.164106e+00 6.664262e-01 -1.056735e+00 8.449154e-01
-1.164106e+00 6.664262e-01 -1.056735e+00 8.449154e-01 -1.164106e+00 6.664262e-01 -1.068772e+00 8.492938e-01
-1.164106e+00 6.664262e-01 -1.068772e+00 8.492938e-01 -1.164106e+00 6.664262e-01 -1.081490e+00 8.529380e-01
-1.164106e+00 6.664262e-01 -1.081490e+00 8.529380e-01 -1.164106e+00 6.664262e-01 -1.094889e+00 8.557833e-01
-1.164106e+00 6.664262e-01 -1.094889e+00 8.557833e-01 -1.164106e+00 6.664262e-01 -1.108962e+00 8.577579e-01
-1.164106e+00 6.664262e-01 -1.108962e+00 8.577579e-01 -1.164106e+00 6.664262e-01 -1.123688e+00 8.587843e-01
-1.164106e+00 6.664262e-01 -1.123688e+00 8.587843e-01 -1.164106e+00 6.664262e-01 -1.139034e+00 8.587809e-01
-1.164106e+00 6.664262e-01 -1.139034e+00 8.587809e-01 -1.164106e+00 6.664262e-01 -1.154944e+00 8.576648e-01
-1.164106e+00 6.664262e-01 -1.154944e+00 8.576648e-01 -1.164106e+00 6.664262e-01 -1.171335e+00 8.553577e-01
-1.164106e+00 6.664262e-01 -1.171335e+00 8.553577e-01 -1.164106e+00 6.664262e-01 -1.188094e+00 8.517922e-01
-1.164106e+00 6.664262e-01 -1.188094e+00 8.517922e-01 -1.164106e+00 6.664262e-01 -1.205069e+00 8.469216e-01
-1.164106e+00 6.664262e-01 -1.205069e+00 8.469216e-01 -1.164106e+00 6.664262e-01 -1.222075e+00 8.407294e-01
-1.164106e+00 6.664262e-01 -1.222075e+00 8.407294e-01 -1.164106e+00 6.664262e-01 -1.238898e+00 8.332379e-01
-1.164106e+00 6.664262e-01 -1.238898e+00 8.332379e-01 -1.164106e+00 6.664262e-01 -1.255305e+00 8.245136e-01
-1.164106e+00 6.664262e-01 -1.255305e+00 8.245136e-01 -1.164106e+00 6.664262e-01 -1.271065e+00 8.146659e-01
-1.164106e+00 6.664262e-01 -1.271065e+00 8.146659e-01 -1.164106e+00 6.664262e-01 -1.285969e+00 8.038397e-01
-1.164106e+00 6.664262e-01 -1.285969e+00 8.038397e-01 -1.164106e+00 6.664262e-01 -1.299841e+00 7.922025e-01
-1.164106e+00 6.664262e-01 -1.299841e+00 7.922025e-01 -1.164106e+00 6.664262e-01 -1.312554e+00 7.799294e-01
-1.164106e+00 6.664262e-01 -1.312554e+00 7.799294e-01 -1.164106e+00 6.664262e-01 -1.324029e+00 7.671899e-01
-1.164106e+00 6.664262e-01 -1.324029e+00 7.671899e-01 -1.164106e+00 6.664262e-01 -1.334231e+00 7.541381e-01
-1.164106e+00 6.664262e-01 -1.334231e+00 7.541381e-01 -1.164106e+00 6.664262e-01 -1.343160e+00 7.409071e-01
-1.164106e+00 6.664262e-01 -1.343160e+00 7.409071e-01 -1.164106e+00 6.664262e-01 -1.350842e+00 7.276079e-01
-1.164106e+00 6.664262e-01 -1.350842e+00 7.276079e-01 -1.164106e+00 6.664262e-01 -1.357322e+00 7.143303e-01
-1.164106e+00 6.664262e-01 -1.357322e+00 7.143303e-01 -1.164106e+00 6.664262e-01 -1.362652e+00 7.011453e-01
-1.164106e+00 6.664262e-01 -1.362652e+00 7.011453e-01 -1.164106e+00 6.664262e-01 -1.366891e+00 6.881083e-01
-1.164106e+00 6.664262e-01 -1.366891e+00 6.881083e-01 -1.164106e+00 6.664262e-01 -1.370096e+00 6.752625e-01
-1.164106e+00 6.664262e-01 -1.370096e+00 6.752625e-01 -1.164106e+00 6.664262e-01 -1.372324e+00 6.626410e-01
-1.164106e+00 6.664262e-01 -1.372324e+00 6.626410e-01 -1.164106e+00 6.664262e-01 -1.373627e+00 6.502699e-01
-1.164106e+00 6.664262e-01 -1.373627e+00 6.502699e-01 -1.164106e+00 6.664262e-01 -1.374051e+00 6.381696e-01
