1.295000e+00 1.631000e+00 7.727017e-01 2.500902e+00 1.290000e+00 1.636000e+00 7.675424e-01 2.505732e+00
1.295000e+00 1.631000e+00 7.727017e-01 2.500902e+00 1.305000e+00 1.631000e+00 7.780979e-01 2.495940e+00
1.305000e+00 1.631000e+00 7.780979e-01 2.495940e+00 1.315000e+00 1.631000e+00 7.835346e-01 2.490978e+00
1.315000e+00 1.631000e+00 7.835346e-01 2.490978e+00 1.325000e+00 1.631000e+00 7.890114e-01 2.486017e+00
1.325000e+00 1.631000e+00 7.890114e-01 2.486017e+00 1.335000e+00 1.631000e+00 7.945283e-01 2.481059e+00
1.335000e+00 1.631000e+00 7.945283e-01 2.481059e+00 1.345000e+00 1.631000e+00 8.000852e-01 2.476102e+00
1.345000e+00 1.631000e+00 8.000852e-01 2.476102e+00 1.355000e+00 1.631000e+00 8.056817e-01 2.471149e+00
1.355000e+00 1.631000e+00 8.056817e-01 2.471149e+00 1.365000e+00 1.631000e+00 8.113178e-01 2.466199e+00
1.365000e+00 1.631000e+00 8.113178e-01 2.466199e+00 1.375000e+00 1.631000e+00 8.169934e-01 2.461254e+00
1.375000e+00 1.631000e+00 8.169934e-01 2.461254e+00 1.385000e+00 1.631000e+00 8.227081e-01 2.456313e+00
1.385000e+00 1.631000e+00 8.227081e-01 2.456313e+00 1.395000e+00 1.631000e+00 8.284620e-01 2.451378e+00
1.395000e+00 1.631000e+00 8.284620e-01 2.451378e+00 1.405000e+00 1.631000e+00 8.342549e-01 2.446448e+00
1.405000e+00 1.631000e+00 8.342549e-01 2.446448e+00 1.415000e+00 1.631000e+00 8.400864e-01 2.441525e+00
1.415000e+00 1.631000e+00 8.400864e-01 2.441525e+00 1.425000e+00 1.631000e+00 8.459565e-01 2.436608e+00
1.425000e+00 1.631000e+00 8.459565e-01 2.436608e+00 1.435000e+00 1.631000e+00 8.518650e-01 2.431699e+00
1.435000e+00 1.631000e+00 8.518650e-01 2.431699e+00 1.445000e+00 1.631000e+00 8.578116e-01 2.426797e+00
1.445000e+00 1.631000e+00 8.578116e-01 2.426797e+00 1.455000e+00 1.631000e+00 8.637963e-01 2.421904e+00
1.455000e+00 1.631000e+00 8.637963e-01 2.421904e+00 1.465000e+00 1.631000e+00 8.698188e-01 2.417020e+00
1.465000e+00 1.631000e+00 8.698188e-01 2.417020e+00 1.475000e+00 1.631000e+00 8.758788e-01 2.412145e+00
1.475000e+00 1.631000e+00 8.758788e-01 2.412145e+00 1.485000e+00 1.631000e+00 8.819762e-01 2.407279e+00
1.485000e+00 1.631000e+00 8.819762e-01 2.407279e+00 1.495000e+00 1.631000e+00 8.881109e-01 2.402424e+00
1.495000e+00 1.631000e+00 8.881109e-01 2.402424e+00 1.505000e+00 1.631000e+00 8.942825e-01 2.397579e+00
1.505000e+00 1.631000e+00 8.942825e-01 2.397579e+00 1.510000e+00 1.636000e+00 8.949698e-01 2.397081e+00
1.185000e+00 1.641000e+00 7.110884e-01 2.560530e+00 1.180000e+00 1.646000e+00 7.061533e-01 2.565593e+00
1.185000e+00 1.641000e+00 7.110884e-01 2.560530e+00 1.195000e+00 1.641000e+00 7.160266e-01 2.555549e+00
1.195000e+00 1.641000e+00 7.160266e-01 2.555549e+00 1.205000e+00 1.641000e+00 7.210071e-01 2.550562e+00
1.205000e+00 1.641000e+00 7.210071e-01 2.550562e+00 1.215000e+00 1.641000e+00 7.260297e-01 2.545570e+00
1.215000e+00 1.641000e+00 7.260297e-01 2.545570e+00 1.225000e+00 1.641000e+00 7.310944e-01 2.540573e+00
1.225000e+00 1.641000e+00 7.310944e-01 2.540573e+00 1.235000e+00 1.641000e+00 7.362010e-01 2.535572e+00
1.235000e+00 1.641000e+00 7.362010e-01 2.535572e+00 1.245000e+00 1.641000e+00 7.413495e-01 2.530568e+00
1.245000e+00 1.641000e+00 7.413495e-01 2.530568e+00 1.255000e+00 1.641000e+00 7.465397e-01 2.525562e+00
1.255000e+00 1.641000e+00 7.465397e-01 2.525562e+00 1.265000e+00 1.641000e+00 7.517716e-01 2.520554e+00
1.265000e+00 1.641000e+00 7.517716e-01 2.520554e+00 1.275000e+00 1.641000e+00 7.570449e-01 2.515545e+00
1.275000e+00 1.641000e+00 7.570449e-01 2.515545e+00 1.285000e+00 1.641000e+00 7.623597e-01 2.510535e+00
1.290000e+00 1.636000e+00 7.675424e-01 2.505732e+00 1.285000e+00 1.641000e+00 7.623597e-01 2.510535e+00
1.510000e+00 1.636000e+00 8.949698e-01 2.397081e+00 1.515000e+00 1.641000e+00 8.956474e-01 2.396518e+00
1.515000e+00 1.641000e+00 8.956474e-01 2.396518e+00 1.525000e+00 1.641000e+00 9.019044e-01 2.391666e+00
1.525000e+00 1.641000e+00 9.019044e-01 2.391666e+00 1.535000e+00 1.641000e+00 9.081982e-01 2.386826e+00
1.535000e+00 1.641000e+00 9.081982e-01 2.386826e+00 1.545000e+00 1.641000e+00 9.145284e-01 2.381999e+00
1.545000e+00 1.641000e+00 9.145284e-01 2.381999e+00 1.555000e+00 1.641000e+00 9.208949e-01 2.377186e+00
1.555000e+00 1.641000e+00 9.208949e-01 2.377186e+00 1.565000e+00 1.641000e+00 9.272975e-01 2.372386e+00
1.565000e+00 1.641000e+00 9.272975e-01 2.372386e+00 1.575000e+00 1.641000e+00 9.337360e-01 2.367600e+00
1.575000e+00 1.641000e+00 9.337360e-01 2.367600e+00 1.585000e+00 1.641000e+00 9.402100e-01 2.362829e+00
1.585000e+00 1.641000e+00 9.402100e-01 2.362829e+00 1.595000e+00 1.641000e+00 9.467194e-01 2.358072e+00
1.595000e+00 1.641000e+00 9.467194e-01 2.358072e+00 1.600000e+00 1.646000e+00 9.476210e-01 2.357449e+00
1.105000e+00 1.651000e+00 6.681826e-01 2.605602e+00 1.100000e+00 1.656000e+00 6.634352e-01 2.610831e+00
1.105000e+00 1.651000e+00 6.681826e-01 2.605602e+00 1.115000e+00 1.651000e+00 6.727683e-01 2.600636e+00
1.115000e+00 1.651000e+00 6.727683e-01 2.600636e+00 1.125000e+00 1.651000e+00 6.773975e-01 2.595660e+00
1.125000e+00 1.651000e+00 6.773975e-01 2.595660e+00 1.135000e+00 1.651000e+00 6.820702e-01 2.590673e+00
1.135000e+00 1.651000e+00 6.820702e-01 2.590673e+00 1.145000e+00 1.651000e+00 6.867863e-01 2.585676e+00
1.145000e+00 1.651000e+00 6.867863e-01 2.585676e+00 1.155000e+00 1.651000e+00 6.915458e-01 2.580670e+00
1.155000e+00 1.651000e+00 6.915458e-01 2.580670e+00 1.165000e+00 1.651000e+00 6.963485e-01 2.575656e+00
1.165000e+00 1.651000e+00 6.963485e-01 2.575656e+00 1.175000e+00 1.651000e+00 7.011945e-01 2.570634e+00
1.180000e+00 1.646000e+00 7.061533e-01 2.565593e+00 1.175000e+00 1.651000e+00 7.011945e-01 2.570634e+00
1.600000e+00 1.646000e+00 9.476210e-01 2.357449e+00 1.605000e+00 1.651000e+00 9.485186e-01 2.356766e+00
1.605000e+00 1.651000e+00 9.485186e-01 2.356766e+00 1.615000e+00 1.651000e+00 9.551141e-01 2.352017e+00
1.615000e+00 1.651000e+00 9.551141e-01 2.352017e+00 1.625000e+00 1.651000e+00 9.617444e-01 2.347285e+00
1.625000e+00 1.651000e+00 9.617444e-01 2.347285e+00 1.635000e+00 1.651000e+00 9.684095e-01 2.342570e+00
1.635000e+00 1.651000e+00 9.684095e-01 2.342570e+00 1.645000e+00 1.651000e+00 9.751091e-01 2.337872e+00
1.645000e+00 1.651000e+00 9.751091e-01 2.337872e+00 1.655000e+00 1.651000e+00 9.818428e-01 2.333191e+00
1.655000e+00 1.651000e+00 9.818428e-01 2.333191e+00 1.660000e+00 1.656000e+00 9.828952e-01 2.332497e+00
1.035000e+00 1.661000e+00 6.324184e-01 2.645820e+00 1.030000e+00 1.666000e+00 6.278558e-01 2.651191e+00
1.035000e+00 1.661000e+00 6.324184e-01 2.645820e+00 1.045000e+00 1.661000e+00 6.366817e-01 2.640896e+00
1.045000e+00 1.661000e+00 6.366817e-01 2.640896e+00 1.055000e+00 1.661000e+00 6.409894e-01 2.635955e+00
1.055000e+00 1.661000e+00 6.409894e-01 2.635955e+00 1.065000e+00 1.661000e+00 6.453415e-01 2.630998e+00
1.065000e+00 1.661000e+00 6.453415e-01 2.630998e+00 1.075000e+00 1.661000e+00 6.497380e-01 2.626026e+00
1.075000e+00 1.661000e+00 6.497380e-01 2.626026e+00 1.085000e+00 1.661000e+00 6.541790e-01 2.621040e+00
1.085000e+00 1.661000e+00 6.541790e-01 2.621040e+00 1.095000e+00 1.661000e+00 6.586644e-01 2.616041e+00
1.100000e+00 1.656000e+00 6.634352e-01 2.610831e+00 1.095000e+00 1.661000e+00 6.586644e-01 2.616041e+00
1.660000e+00 1.656000e+00 9.828952e-01 2.332497e+00 1.665000e+00 1.661000e+00 9.839474e-01 2.331747e+00
1.665000e+00 1.661000e+00 9.839474e-01 2.331747e+00 1.675000e+00 1.661000e+00 9.907673e-01 2.327085e+00
1.675000e+00 1.661000e+00 9.907673e-01 2.327085e+00 1.685000e+00 1.661000e+00 9.976207e-01 2.322441e+00
1.685000e+00 1.661000e+00 9.976207e-01 2.322441e+00 1.695000e+00 1.661000e+00 1.004508e+00 2.317817e+00
1.695000e+00 1.661000e+00 1.004508e+00 2.317817e+00 1.700000e+00 1.666000e+00 1.005665e+00 2.317072e+00
9.750000e-01 1.671000e+00 6.029438e-01 2.681103e+00 9.700000e-01 1.676000e+00 5.985554e-01 2.686592e+00
9.750000e-01 1.671000e+00 6.029438e-01 2.681103e+00 9.850000e-01 1.671000e+00 6.069189e-01 2.676234e+00
9.850000e-01 1.671000e+00 6.069189e-01 2.676234e+00 9.950000e-01 1.671000e+00 6.109391e-01 2.671342e+00
9.950000e-01 1.671000e+00 6.109391e-01 2.671342e+00 1.005000e+00 1.671000e+00 6.150045e-01 2.666430e+00
1.005000e+00 1.671000e+00 6.150045e-01 2.666430e+00 1.015000e+00 1.671000e+00 6.191149e-01 2.661498e+00
1.015000e+00 1.671000e+00 6.191149e-01 2.661498e+00 1.025000e+00 1.671000e+00 6.232707e-01 2.656546e+00
1.030000e+00 1.666000e+00 6.278558e-01 2.651191e+00 1.025000e+00 1.671000e+00 6.232707e-01 2.656546e+00
1.700000e+00 1.666000e+00 1.005665e+00 2.317072e+00 1.705000e+00 1.671000e+00 1.006825e+00 2.316275e+00
1.705000e+00 1.671000e+00 1.006825e+00 2.316275e+00 1.715000e+00 1.671000e+00 1.013798e+00 2.311676e+00
1.715000e+00 1.671000e+00 1.013798e+00 2.311676e+00 1.725000e+00 1.671000e+00 1.020804e+00 2.307098e+00
1.725000e+00 1.671000e+00 1.020804e+00 2.307098e+00 1.730000e+00 1.676000e+00 1.022044e+00 2.306312e+00
9.250000e-01 1.681000e+00 5.789740e-01 2.711475e+00 9.200000e-01 1.686000e+00 5.747415e-01 2.717057e+00
9.250000e-01 1.681000e+00 5.789740e-01 2.711475e+00 9.350000e-01 1.681000e+00 5.826985e-01 2.706662e+00
9.350000e-01 1.681000e+00 5.826985e-01 2.706662e+00 9.450000e-01 1.681000e+00 5.864685e-01 2.701822e+00
9.450000e-01 1.681000e+00 5.864685e-01 2.701822e+00 9.550000e-01 1.681000e+00 5.902841e-01 2.696957e+00
9.550000e-01 1.681000e+00 5.902841e-01 2.696957e+00 9.650000e-01 1.681000e+00 5.941453e-01 2.692067e+00
9.700000e-01 1.676000e+00 5.985554e-01 2.686592e+00 9.650000e-01 1.681000e+00 5.941453e-01 2.692067e+00
1.730000e+00 1.676000e+00 1.022044e+00 2.306312e+00 1.735000e+00 1.681000e+00 1.023289e+00 2.305477e+00
1.735000e+00 1.681000e+00 1.023289e+00 2.305477e+00 1.745000e+00 1.681000e+00 1.030381e+00 2.300929e+00
1.745000e+00 1.681000e+00 1.030381e+00 2.300929e+00 1.755000e+00 1.681000e+00 1.037506e+00 2.296404e+00
1.755000e+00 1.681000e+00 1.037506e+00 2.296404e+00 1.760000e+00 1.686000e+00 1.038832e+00 2.295586e+00
8.750000e-01 1.691000e+00 5.563432e-01 2.741754e+00 8.700000e-01 1.696000e+00 5.522805e-01 2.747425e+00
8.750000e-01 1.691000e+00 5.563432e-01 2.741754e+00 8.850000e-01 1.691000e+00 5.598109e-01 2.737019e+00
8.850000e-01 1.691000e+00 5.598109e-01 2.737019e+00 8.950000e-01 1.691000e+00 5.633242e-01 2.732252e+00
8.950000e-01 1.691000e+00 5.633242e-01 2.732252e+00 9.050000e-01 1.691000e+00 5.668834e-01 2.727454e+00
9.050000e-01 1.691000e+00 5.668834e-01 2.727454e+00 9.150000e-01 1.691000e+00 5.704886e-01 2.722628e+00
9.200000e-01 1.686000e+00 5.747415e-01 2.717057e+00 9.150000e-01 1.691000e+00 5.704886e-01 2.722628e+00
1.760000e+00 1.686000e+00 1.038832e+00 2.295586e+00 1.765000e+00 1.691000e+00 1.040165e+00 2.294722e+00
1.765000e+00 1.691000e+00 1.040165e+00 2.294722e+00 1.775000e+00 1.691000e+00 1.047375e+00 2.290232e+00
1.775000e+00 1.691000e+00 1.047375e+00 2.290232e+00 1.785000e+00 1.691000e+00 1.054616e+00 2.285766e+00
1.785000e+00 1.691000e+00 1.054616e+00 2.285766e+00 1.790000e+00 1.696000e+00 1.056031e+00 2.284925e+00
8.250000e-01 1.701000e+00 5.351013e-01 2.771839e+00 8.200000e-01 1.706000e+00 5.312229e-01 2.777593e+00
8.250000e-01 1.701000e+00 5.351013e-01 2.771839e+00 8.350000e-01 1.701000e+00 5.383072e-01 2.767206e+00
8.350000e-01 1.701000e+00 5.383072e-01 2.767206e+00 8.450000e-01 1.701000e+00 5.415586e-01 2.762535e+00
8.450000e-01 1.701000e+00 5.415586e-01 2.762535e+00 8.550000e-01 1.701000e+00 5.448558e-01 2.757828e+00
8.550000e-01 1.701000e+00 5.448558e-01 2.757828e+00 8.650000e-01 1.701000e+00 5.481989e-01 2.753088e+00
8.700000e-01 1.696000e+00 5.522805e-01 2.747425e+00 8.650000e-01 1.701000e+00 5.481989e-01 2.753088e+00
1.790000e+00 1.696000e+00 1.056031e+00 2.284925e+00 1.795000e+00 1.701000e+00 1.057454e+00 2.284040e+00
1.795000e+00 1.701000e+00 1.057454e+00 2.284040e+00 1.805000e+00 1.701000e+00 1.064781e+00 2.279615e+00
1.805000e+00 1.701000e+00 1.064781e+00 2.279615e+00 1.810000e+00 1.706000e+00 1.066259e+00 2.278750e+00
7.850000e-01 1.711000e+00 5.182345e-01 2.797111e+00 7.800000e-01 1.716000e+00 5.145114e-01 2.802926e+00
7.850000e-01 1.711000e+00 5.182345e-01 2.797111e+00 7.950000e-01 1.711000e+00 5.212202e-01 2.792562e+00
7.950000e-01 1.711000e+00 5.212202e-01 2.792562e+00 8.050000e-01 1.711000e+00 5.242510e-01 2.787973e+00
8.050000e-01 1.711000e+00 5.242510e-01 2.787973e+00 8.150000e-01 1.711000e+00 5.273275e-01 2.783343e+00
8.200000e-01 1.706000e+00 5.312229e-01 2.777593e+00 8.150000e-01 1.711000e+00 5.273275e-01 2.783343e+00
1.810000e+00 1.706000e+00 1.066259e+00 2.278750e+00 1.815000e+00 1.711000e+00 1.067748e+00 2.277843e+00
1.815000e+00 1.711000e+00 1.067748e+00 2.277843e+00 1.825000e+00 1.711000e+00 1.075160e+00 2.273463e+00
1.825000e+00 1.711000e+00 1.075160e+00 2.273463e+00 1.830000e+00 1.716000e+00 1.076704e+00 2.272579e+00
7.450000e-01 1.721000e+00 5.023516e-01 2.822211e+00 7.400000e-01 1.726000e+00 4.987941e-01 2.828082e+00
7.450000e-01 1.721000e+00 5.023516e-01 2.822211e+00 7.550000e-01 1.721000e+00 5.051138e-01 2.817766e+00
7.550000e-01 1.721000e+00 5.051138e-01 2.817766e+00 7.650000e-01 1.721000e+00 5.079207e-01 2.813275e+00
7.650000e-01 1.721000e+00 5.079207e-01 2.813275e+00 7.750000e-01 1.721000e+00 5.107728e-01 2.808739e+00
7.800000e-01 1.716000e+00 5.145114e-01 2.802926e+00 7.750000e-01 1.721000e+00 5.107728e-01 2.808739e+00
1.830000e+00 1.716000e+00 1.076704e+00 2.272579e+00 1.835000e+00 1.721000e+00 1.078260e+00 2.271654e+00
1.835000e+00 1.721000e+00 1.078260e+00 2.271654e+00 1.845000e+00 1.721000e+00 1.085757e+00 2.267324e+00
1.845000e+00 1.721000e+00 1.085757e+00 2.267324e+00 1.850000e+00 1.726000e+00 1.087368e+00 2.266425e+00
7.050000e-01 1.731000e+00 4.874811e-01 2.847072e+00 7.000000e-01 1.736000e+00 4.840999e-01 2.852992e+00
7.050000e-01 1.731000e+00 4.874811e-01 2.847072e+00 7.150000e-01 1.731000e+00 4.900178e-01 2.842750e+00
7.150000e-01 1.731000e+00 4.900178e-01 2.842750e+00 7.250000e-01 1.731000e+00 4.925983e-01 2.838377e+00
7.250000e-01 1.731000e+00 4.925983e-01 2.838377e+00 7.350000e-01 1.731000e+00 4.952232e-01 2.833953e+00
7.400000e-01 1.726000e+00 4.987941e-01 2.828082e+00 7.350000e-01 1.731000e+00 4.952232e-01 2.833953e+00
1.850000e+00 1.726000e+00 1.087368e+00 2.266425e+00 1.855000e+00 1.731000e+00 1.088992e+00 2.265489e+00
1.855000e+00 1.731000e+00 1.088992e+00 2.265489e+00 1.860000e+00 1.736000e+00 1.090645e+00 2.264567e+00
6.650000e-01 1.741000e+00 4.736481e-01 2.871619e+00 6.600000e-01 1.746000e+00 4.704540e-01 2.877581e+00
6.650000e-01 1.741000e+00 4.736481e-01 2.871619e+00 6.750000e-01 1.741000e+00 4.759586e-01 2.867441e+00
6.750000e-01 1.741000e+00 4.759586e-01 2.867441e+00 6.850000e-01 1.741000e+00 4.783116e-01 2.863206e+00
6.850000e-01 1.741000e+00 4.783116e-01 2.863206e+00 6.950000e-01 1.741000e+00 4.807078e-01 2.858916e+00
7.000000e-01 1.736000e+00 4.840999e-01 2.852992e+00 6.950000e-01 1.741000e+00 4.807078e-01 2.858916e+00
1.860000e+00 1.736000e+00 1.090645e+00 2.264567e+00 1.865000e+00 1.741000e+00 1.092311e+00 2.263609e+00
1.865000e+00 1.741000e+00 1.092311e+00 2.263609e+00 1.875000e+00 1.741000e+00 1.099949e+00 2.259362e+00
1.875000e+00 1.741000e+00 1.099949e+00 2.259362e+00 1.880000e+00 1.746000e+00 1.101671e+00 2.258434e+00
6.350000e-01 1.751000e+00 4.629586e-01 2.891758e+00 6.300000e-01 1.756000e+00 4.599105e-01 2.897747e+00
6.350000e-01 1.751000e+00 4.629586e-01 2.891758e+00 6.450000e-01 1.751000e+00 4.650845e-01 2.887684e+00
6.450000e-01 1.751000e+00 4.650845e-01 2.887684e+00 6.550000e-01 1.751000e+00 4.672519e-01 2.883549e+00
6.600000e-01 1.746000e+00 4.704540e-01 2.877581e+00 6.550000e-01 1.751000e+00 4.672519e-01 2.883549e+00
1.880000e+00 1.746000e+00 1.101671e+00 2.258434e+00 1.885000e+00 1.751000e+00 1.103409e+00 2.257474e+00
1.885000e+00 1.751000e+00 1.103409e+00 2.257474e+00 1.890000e+00 1.756000e+00 1.105175e+00 2.256530e+00
5.950000e-01 1.761000e+00 4.510345e-01 2.915610e+00 5.900000e-01 1.766000e+00 4.481931e-01 2.921624e+00
5.950000e-01 1.761000e+00 4.510345e-01 2.915610e+00 6.050000e-01 1.761000e+00 4.529357e-01 2.911722e+00
6.050000e-01 1.761000e+00 4.529357e-01 2.911722e+00 6.150000e-01 1.761000e+00 4.548761e-01 2.907766e+00
6.150000e-01 1.761000e+00 4.548761e-01 2.907766e+00 6.250000e-01 1.761000e+00 4.568566e-01 2.903744e+00
6.300000e-01 1.756000e+00 4.599105e-01 2.897747e+00 6.250000e-01 1.761000e+00 4.568566e-01 2.903744e+00
1.890000e+00 1.756000e+00 1.105175e+00 2.256530e+00 1.895000e+00 1.761000e+00 1.106958e+00 2.255555e+00
1.895000e+00 1.761000e+00 1.106958e+00 2.255555e+00 1.900000e+00 1.766000e+00 1.108769e+00 2.254597e+00
5.650000e-01 1.771000e+00 4.418772e-01 2.935222e+00 5.600000e-01 1.776000e+00 4.391977e-01 2.941248e+00
5.650000e-01 1.771000e+00 4.418772e-01 2.935222e+00 5.750000e-01 1.771000e+00 4.435946e-01 2.931471e+00
5.750000e-01 1.771000e+00 4.435946e-01 2.931471e+00 5.850000e-01 1.771000e+00 4.453493e-01 2.927647e+00
5.900000e-01 1.766000e+00 4.481931e-01 2.921624e+00 5.850000e-01 1.771000e+00 4.453493e-01 2.927647e+00
1.900000e+00 1.766000e+00 1.108769e+00 2.254597e+00 1.905000e+00 1.771000e+00 1.110598e+00 2.253609e+00
1.905000e+00 1.771000e+00 1.110598e+00 2.253609e+00 1.910000e+00 1.776000e+00 1.112455e+00 2.252640e+00
5.250000e-01 1.781000e+00 4.319129e-01 2.958082e+00 5.200000e-01 1.786000e+00 4.294583e-01 2.964109e+00
5.250000e-01 1.781000e+00 4.319129e-01 2.958082e+00 5.350000e-01 1.781000e+00 4.334138e-01 2.954561e+00
5.350000e-01 1.781000e+00 4.334138e-01 2.954561e+00 5.450000e-01 1.781000e+00 4.349486e-01 2.950962e+00
5.450000e-01 1.781000e+00 4.349486e-01 2.950962e+00 5.550000e-01 1.781000e+00 4.365186e-01 2.947286e+00
5.600000e-01 1.776000e+00 4.391977e-01 2.941248e+00 5.550000e-01 1.781000e+00 4.365186e-01 2.947286e+00
1.910000e+00 1.776000e+00 1.112455e+00 2.252640e+00 1.915000e+00 1.781000e+00 1.114332e+00 2.251642e+00
1.915000e+00 1.781000e+00 1.114332e+00 2.251642e+00 1.920000e+00 1.786000e+00 1.116236e+00 2.250665e+00
4.950000e-01 1.791000e+00 4.243302e-01 2.976926e+00 4.900000e-01 1.796000e+00 4.220522e-01 2.982946e+00
4.950000e-01 1.791000e+00 4.243302e-01 2.976926e+00 5.050000e-01 1.791000e+00 4.256538e-01 2.973579e+00
5.050000e-01 1.791000e+00 4.256538e-01 2.973579e+00 5.150000e-01 1.791000e+00 4.270086e-01 2.970149e+00
5.200000e-01 1.786000e+00 4.294583e-01 2.964109e+00 5.150000e-01 1.791000e+00 4.270086e-01 2.970149e+00
1.920000e+00 1.786000e+00 1.116236e+00 2.250665e+00 1.925000e+00 1.791000e+00 1.118160e+00 2.249660e+00
1.925000e+00 1.791000e+00 1.118160e+00 2.249660e+00 1.930000e+00 1.796000e+00 1.120112e+00 2.248677e+00
4.650000e-01 1.801000e+00 4.174532e-01 2.995380e+00 4.600000e-01 1.806000e+00 4.153581e-01 3.001383e+00
4.650000e-01 1.801000e+00 4.174532e-01 2.995380e+00 4.750000e-01 1.801000e+00 4.186041e-01 2.992224e+00
4.750000e-01 1.801000e+00 4.186041e-01 2.992224e+00 4.850000e-01 1.801000e+00 4.197827e-01 2.988980e+00
4.900000e-01 1.796000e+00 4.220522e-01 2.982946e+00 4.850000e-01 1.801000e+00 4.197827e-01 2.988980e+00
1.930000e+00 1.796000e+00 1.120112e+00 2.248677e+00 1.935000e+00 1.801000e+00 1.122085e+00 2.247668e+00
1.935000e+00 1.801000e+00 1.122085e+00 2.247668e+00 1.940000e+00 1.806000e+00 1.124086e+00 2.246682e+00
4.350000e-01 1.811000e+00 4.112834e-01 3.013388e+00 4.300000e-01 1.816000e+00 4.093769e-01 3.019363e+00
4.350000e-01 1.811000e+00 4.112834e-01 3.013388e+00 4.450000e-01 1.811000e+00 4.122674e-01 3.010441e+00
4.450000e-01 1.811000e+00 4.122674e-01 3.010441e+00 4.550000e-01 1.811000e+00 4.132754e-01 3.007402e+00
4.600000e-01 1.806000e+00 4.153581e-01 3.001383e+00 4.550000e-01 1.811000e+00 4.132754e-01 3.007402e+00
1.940000e+00 1.806000e+00 1.124086e+00 2.246682e+00 1.945000e+00 1.811000e+00 1.126109e+00 2.245672e+00
1.945000e+00 1.811000e+00 1.126109e+00 2.245672e+00 1.950000e+00 1.816000e+00 1.128160e+00 2.244685e+00
4.050000e-01 1.821000e+00 4.058173e-01 3.030891e+00 4.000000e-01 1.826000e+00 4.041043e-01 3.036827e+00
4.050000e-01 1.821000e+00 4.058173e-01 3.030891e+00 4.150000e-01 1.821000e+00 4.066424e-01 3.028173e+00
4.150000e-01 1.821000e+00 4.066424e-01 3.028173e+00 4.250000e-01 1.821000e+00 4.074868e-01 3.025355e+00
4.300000e-01 1.816000e+00 4.093769e-01 3.019363e+00 4.250000e-01 1.821000e+00 4.074868e-01 3.025355e+00
1.950000e+00 1.816000e+00 1.128160e+00 2.244685e+00 1.950000e+00 1.826000e+00 1.124224e+00 2.246604e+00
3.750000e-01 1.831000e+00 4.010462e-01 3.047826e+00 3.700000e-01 1.836000e+00 3.995309e-01 3.053710e+00
3.750000e-01 1.831000e+00 4.010462e-01 3.047826e+00 3.850000e-01 1.831000e+00 4.017221e-01 3.045355e+00
3.850000e-01 1.831000e+00 4.017221e-01 3.045355e+00 3.950000e-01 1.831000e+00 4.024123e-01 3.042780e+00
4.000000e-01 1.826000e+00 4.041043e-01 3.036827e+00 3.950000e-01 1.831000e+00 4.024123e-01 3.042780e+00
1.950000e+00 1.826000e+00 1.124224e+00 2.246604e+00 1.955000e+00 1.831000e+00 1.126322e+00 2.245576e+00
1.955000e+00 1.831000e+00 1.126322e+00 2.245576e+00 1.960000e+00 1.836000e+00 1.128447e+00 2.244572e+00
3.450000e-01 1.841000e+00 3.969553e-01 3.064130e+00 3.400000e-01 1.846000e+00 3.956407e-01 3.069946e+00
3.450000e-01 1.841000e+00 3.969553e-01 3.064130e+00 3.550000e-01 1.841000e+00 3.974941e-01 3.061924e+00
3.550000e-01 1.841000e+00 3.974941e-01 3.061924e+00 3.650000e-01 1.841000e+00 3.980413e-01 3.059610e+00
3.700000e-01 1.836000e+00 3.995309e-01 3.053710e+00 3.650000e-01 1.841000e+00 3.980413e-01 3.059610e+00
1.960000e+00 1.836000e+00 1.128447e+00 2.244572e+00 1.960000e+00 1.846000e+00 1.124577e+00 2.246397e+00
3.150000e-01 1.851000e+00 3.935227e-01 3.079733e+00 3.100000e-01 1.856000e+00 3.924105e-01 3.085466e+00
3.150000e-01 1.851000e+00 3.935227e-01 3.079733e+00 3.250000e-01 1.851000e+00 3.939388e-01 3.077812e+00
3.250000e-01 1.851000e+00 3.939388e-01 3.077812e+00 3.350000e-01 1.851000e+00 3.943567e-01 3.075778e+00
3.400000e-01 1.846000e+00 3.956407e-01 3.069946e+00 3.350000e-01 1.851000e+00 3.943567e-01 3.075778e+00
1.960000e+00 1.846000e+00 1.124577e+00 2.246397e+00 1.965000e+00 1.851000e+00 1.126752e+00 2.245358e+00
1.965000e+00 1.851000e+00 1.126752e+00 2.245358e+00 1.970000e+00 1.856000e+00 1.128955e+00 2.244345e+00
2.850000e-01 1.861000e+00 3.907189e-01 3.094568e+00 2.800000e-01 1.866000e+00 3.898093e-01 3.100202e+00
2.850000e-01 1.861000e+00 3.907189e-01 3.094568e+00 2.950000e-01 1.861000e+00 3.910292e-01 3.092950e+00
2.950000e-01 1.861000e+00 3.910292e-01 3.092950e+00 3.050000e-01 1.861000e+00 3.913340e-01 3.091215e+00
3.100000e-01 1.856000e+00 3.924105e-01 3.085466e+00 3.050000e-01 1.861000e+00 3.913340e-01 3.091215e+00
1.970000e+00 1.856000e+00 1.128955e+00 2.244345e+00 1.970000e+00 1.866000e+00 1.125158e+00 2.246085e+00
2.650000e-01 1.871000e+00 3.887301e-01 3.107267e+00 2.600000e-01 1.876000e+00 3.879695e-01 3.112830e+00
2.650000e-01 1.871000e+00 3.887301e-01 3.107267e+00 2.750000e-01 1.871000e+00 3.889407e-01 3.105850e+00
2.800000e-01 1.866000e+00 3.898093e-01 3.100202e+00 2.750000e-01 1.871000e+00 3.889407e-01 3.105850e+00
1.970000e+00 1.866000e+00 1.125158e+00 2.246085e+00 1.975000e+00 1.871000e+00 1.127413e+00 2.245043e+00
1.975000e+00 1.871000e+00 1.127413e+00 2.245043e+00 1.980000e+00 1.876000e+00 1.129696e+00 2.244028e+00
2.350000e-01 1.881000e+00 3.869973e-01 3.120694e+00 2.300000e-01 1.886000e+00 3.864373e-01 3.126128e+00
2.350000e-01 1.881000e+00 3.869973e-01 3.120694e+00 2.450000e-01 1.881000e+00 3.871351e-01 3.119611e+00
2.450000e-01 1.881000e+00 3.871351e-01 3.119611e+00 2.550000e-01 1.881000e+00 3.872537e-01 3.118405e+00
2.600000e-01 1.876000e+00 3.879695e-01 3.112830e+00 2.550000e-01 1.881000e+00 3.872537e-01 3.118405e+00
1.980000e+00 1.876000e+00 1.129696e+00 2.244028e+00 1.980000e+00 1.886000e+00 1.125976e+00 2.245693e+00
2.050000e-01 1.891000e+00 3.857772e-01 3.133163e+00 2.000000e-01 1.896000e+00 3.854126e-01 3.138448e+00
2.050000e-01 1.891000e+00 3.857772e-01 3.133163e+00 2.150000e-01 1.891000e+00 3.858664e-01 3.132430e+00
2.150000e-01 1.891000e+00 3.858664e-01 3.132430e+00 2.250000e-01 1.891000e+00 3.859273e-01 3.131571e+00
2.300000e-01 1.886000e+00 3.864373e-01 3.126128e+00 2.250000e-01 1.891000e+00 3.859273e-01 3.131571e+00
1.980000e+00 1.886000e+00 1.125976e+00 2.245693e+00 1.980000e+00 1.896000e+00 1.122281e+00 2.247311e+00
1.850000e-01 1.901000e+00 3.850739e-01 3.144237e+00 1.800000e-01 1.906000e+00 3.848551e-01 3.149415e+00
1.850000e-01 1.901000e+00 3.850739e-01 3.144237e+00 1.950000e-01 1.901000e+00 3.851034e-01 3.143741e+00
2.000000e-01 1.896000e+00 3.854126e-01 3.138448e+00 1.950000e-01 1.901000e+00 3.851034e-01 3.143741e+00
1.980000e+00 1.896000e+00 1.122281e+00 2.247311e+00 1.985000e+00 1.901000e+00 1.124649e+00 2.246264e+00
1.985000e+00 1.901000e+00 1.124649e+00 2.246264e+00 1.990000e+00 1.906000e+00 1.127043e+00 2.245245e+00
1.550000e-01 1.911000e+00 3.846868e-01 3.154971e+00 1.500000e-01 1.916000e+00 3.846513e-01 3.159968e+00
1.550000e-01 1.911000e+00 3.846868e-01 3.154971e+00 1.650000e-01 1.911000e+00 3.847137e-01 3.154848e+00
1.650000e-01 1.911000e+00 3.847137e-01 3.154848e+00 1.750000e-01 1.911000e+00 3.846954e-01 3.154598e+00
1.800000e-01 1.906000e+00 3.848551e-01 3.149415e+00 1.750000e-01 1.911000e+00 3.846954e-01 3.154598e+00
1.990000e+00 1.906000e+00 1.127043e+00 2.245245e+00 1.990000e+00 1.916000e+00 1.123433e+00 2.246802e+00
1.350000e-01 1.921000e+00 3.846800e-01 3.164833e+00 1.300000e-01 1.926000e+00 3.847824e-01 3.169699e+00
1.350000e-01 1.921000e+00 3.846800e-01 3.164833e+00 1.450000e-01 1.921000e+00 3.846797e-01 3.164966e+00
1.500000e-01 1.916000e+00 3.846513e-01 3.159968e+00 1.450000e-01 1.921000e+00 3.846797e-01 3.164966e+00
1.990000e+00 1.916000e+00 1.123433e+00 2.246802e+00 1.990000e+00 1.926000e+00 1.119852e+00 2.248318e+00
1.050000e-01 1.931000e+00 3.849144e-01 3.173643e+00 1.000000e-01 1.936000e+00 3.851804e-01 3.178297e+00
1.050000e-01 1.931000e+00 3.849144e-01 3.173643e+00 1.150000e-01 1.931000e+00 3.849650e-01 3.174166e+00
1.150000e-01 1.931000e+00 3.849650e-01 3.174166e+00 1.250000e-01 1.931000e+00 3.849523e-01 3.174562e+00
1.300000e-01 1.926000e+00 3.847824e-01 3.169699e+00 1.250000e-01 1.931000e+00 3.849523e-01 3.174562e+00
1.990000e+00 1.926000e+00 1.119852e+00 2.248318e+00 1.990000e+00 1.936000e+00 1.116301e+00 2.249795e+00
8.500000e-02 1.941000e+00 3.854561e-01 3.182149e+00 8.000000e-02 1.946000e+00 3.858466e-01 3.186647e+00
8.500000e-02 1.941000e+00 3.854561e-01 3.182149e+00 9.500000e-02 1.941000e+00 3.855179e-01 3.182941e+00
1.000000e-01 1.936000e+00 3.851804e-01 3.178297e+00 9.500000e-02 1.941000e+00 3.855179e-01 3.182941e+00
1.990000e+00 1.936000e+00 1.116301e+00 2.249795e+00 1.990000e+00 1.946000e+00 1.112780e+00 2.251233e+00
5.500000e-02 1.951000e+00 3.860497e-01 3.188877e+00 5.000000e-02 1.956000e+00 3.865761e-01 3.193134e+00
5.500000e-02 1.951000e+00 3.860497e-01 3.188877e+00 6.500000e-02 1.951000e+00 3.862216e-01 3.190066e+00
6.500000e-02 1.951000e+00 3.862216e-01 3.190066e+00 7.500000e-02 1.951000e+00 3.863116e-01 3.191132e+00
8.000000e-02 1.946000e+00 3.858466e-01 3.186647e+00 7.500000e-02 1.951000e+00 3.863116e-01 3.191132e+00
1.990000e+00 1.946000e+00 1.112780e+00 2.251233e+00 1.990000e+00 1.956000e+00 1.109290e+00 2.252634e+00
3.500000e-02 1.961000e+00 3.869539e-01 3.195906e+00 3.000000e-02 1.966000e+00 3.875855e-01 3.199986e+00
3.500000e-02 1.961000e+00 3.869539e-01 3.195906e+00 4.500000e-02 1.961000e+00 3.871798e-01 3.197370e+00
5.000000e-02 1.956000e+00 3.865761e-01 3.193134e+00 4.500000e-02 1.961000e+00 3.871798e-01 3.197370e+00
1.990000e+00 1.956000e+00 1.109290e+00 2.252634e+00 1.990000e+00 1.966000e+00 1.105834e+00 2.254000e+00
1.500000e-02 1.971000e+00 3.879981e-01 3.202299e+00 1.000000e-02 1.976000e+00 3.887260e-01 3.206193e+00
1.500000e-02 1.971000e+00 3.879981e-01 3.202299e+00 2.500000e-02 1.971000e+00 3.882965e-01 3.204040e+00
3.000000e-02 1.966000e+00 3.875855e-01 3.199986e+00 2.500000e-02 1.971000e+00 3.882965e-01 3.204040e+00
1.990000e+00 1.966000e+00 1.105834e+00 2.254000e+00 1.990000e+00 1.976000e+00 1.102410e+00 2.255333e+00
-1.500000e-02 1.981000e+00 3.886472e-01 3.205912e+00 -2.000000e-02 1.986000e+00 3.894599e-01 3.209530e+00
-1.500000e-02 1.981000e+00 3.886472e-01 3.205912e+00 -5.000000e-03 1.981000e+00 3.891448e-01 3.208039e+00
-5.000000e-03 1.981000e+00 3.891448e-01 3.208039e+00 5.000000e-03 1.981000e+00 3.895349e-01 3.210055e+00
1.000000e-02 1.976000e+00 3.887260e-01 3.206193e+00 5.000000e-03 1.981000e+00 3.895349e-01 3.210055e+00
1.990000e+00 1.976000e+00 1.102410e+00 2.255333e+00 1.990000e+00 1.986000e+00 1.099022e+00 2.256633e+00
-3.500000e-02 1.991000e+00 3.897383e-01 3.210714e+00 -4.000000e-02 1.996000e+00 3.906203e-01 3.214129e+00
-3.500000e-02 1.991000e+00 3.897383e-01 3.210714e+00 -2.500000e-02 1.991000e+00 3.903542e-01 3.213109e+00
-2.000000e-02 1.986000e+00 3.894599e-01 3.209530e+00 -2.500000e-02 1.991000e+00 3.903542e-01 3.213109e+00
1.990000e+00 1.986000e+00 1.099022e+00 2.256633e+00 1.990000e+00 1.996000e+00 1.095669e+00 2.257903e+00
-5.500000e-02 2.001000e+00 3.908308e-01 3.214840e+00 -6.000000e-02 2.006000e+00 3.917700e-01 3.218046e+00
-5.500000e-02 2.001000e+00 3.908308e-01 3.214840e+00 -4.500000e-02 2.001000e+00 3.915842e-01 3.217499e+00
-4.000000e-02 1.996000e+00 3.906203e-01 3.214129e+00 -4.500000e-02 2.001000e+00 3.915842e-01 3.217499e+00
1.990000e+00 1.996000e+00 1.095669e+00 2.257903e+00 1.990000e+00 2.006000e+00 1.092353e+00 2.259145e+00
-8.500000e-02 2.011000e+00 3.908424e-01 3.215277e+00 -9.000000e-02 2.016000e+00 3.918037e-01 3.218190e+00
-8.500000e-02 2.011000e+00 3.908424e-01 3.215277e+00 -7.500000e-02 2.011000e+00 3.918812e-01 3.218284e+00
-7.500000e-02 2.011000e+00 3.918812e-01 3.218284e+00 -6.500000e-02 2.011000e+00 3.927910e-01 3.221201e+00
-6.000000e-02 2.006000e+00 3.917700e-01 3.218046e+00 -6.500000e-02 2.011000e+00 3.927910e-01 3.221201e+00
1.990000e+00 2.006000e+00 1.092353e+00 2.259145e+00 1.990000e+00 2.016000e+00 1.089075e+00 2.260360e+00
-1.050000e-01 2.021000e+00 3.916252e-01 3.217795e+00 -1.100000e-01 2.026000e+00 3.926114e-01 3.220491e+00
-1.050000e-01 2.021000e+00 3.916252e-01 3.217795e+00 -9.500000e-02 2.021000e+00 3.928445e-01 3.221044e+00
-9.000000e-02 2.016000e+00 3.918037e-01 3.218190e+00 -9.500000e-02 2.021000e+00 3.928445e-01 3.221044e+00
1.990000e+00 2.016000e+00 1.089075e+00 2.260360e+00 1.990000e+00 2.026000e+00 1.085835e+00 2.261549e+00
-1.250000e-01 2.031000e+00 3.922585e-01 3.219641e+00 -1.300000e-01 2.036000e+00 3.932557e-01 3.222118e+00
-1.250000e-01 2.031000e+00 3.922585e-01 3.219641e+00 -1.150000e-01 2.031000e+00 3.936756e-01 3.223122e+00
-1.100000e-01 2.026000e+00 3.926114e-01 3.220491e+00 -1.150000e-01 2.031000e+00 3.936756e-01 3.223122e+00
1.990000e+00 2.026000e+00 1.085835e+00 2.261549e+00 1.990000e+00 2.036000e+00 1.082634e+00 2.262715e+00
-1.450000e-01 2.041000e+00 3.926976e-01 3.220824e+00 -1.500000e-01 2.046000e+00 3.936918e-01 3.223082e+00
-1.450000e-01 2.041000e+00 3.926976e-01 3.220824e+00 -1.350000e-01 2.041000e+00 3.943288e-01 3.224525e+00
-1.300000e-01 2.036000e+00 3.932557e-01 3.222118e+00 -1.350000e-01 2.041000e+00 3.943288e-01 3.224525e+00
1.990000e+00 2.036000e+00 1.082634e+00 2.262715e+00 1.990000e+00 2.046000e+00 1.079474e+00 2.263859e+00
-1.650000e-01 2.051000e+00 3.928985e-01 3.221356e+00 -1.700000e-01 2.056000e+00 3.938754e-01 3.223394e+00
-1.650000e-01 2.051000e+00 3.928985e-01 3.221356e+00 -1.550000e-01 2.051000e+00 3.947590e-01 3.225263e+00
-1.500000e-01 2.046000e+00 3.936918e-01 3.223082e+00 -1.550000e-01 2.051000e+00 3.947590e-01 3.225263e+00
1.985000e+00 2.051000e+00 1.073462e+00 2.265981e+00 1.980000e+00 2.056000e+00 1.067443e+00 2.268098e+00
1.990000e+00 2.046000e+00 1.079474e+00 2.263859e+00 1.985000e+00 2.051000e+00 1.073462e+00 2.265981e+00
-1.850000e-01 2.061000e+00 3.928184e-01 3.221253e+00 -1.900000e-01 2.066000e+00 3.937640e-01 3.223074e+00
-1.850000e-01 2.061000e+00 3.928184e-01 3.221253e+00 -1.750000e-01 2.061000e+00 3.949221e-01 3.225351e+00
-1.700000e-01 2.056000e+00 3.938754e-01 3.223394e+00 -1.750000e-01 2.061000e+00 3.949221e-01 3.225351e+00
1.980000e+00 2.056000e+00 1.067443e+00 2.268098e+00 1.980000e+00 2.066000e+00 1.064334e+00 2.269161e+00
-2.150000e-01 2.071000e+00 3.899081e-01 3.216227e+00 -2.200000e-01 2.076000e+00 3.907509e-01 3.217773e+00
-2.150000e-01 2.071000e+00 3.899081e-01 3.216227e+00 -2.050000e-01 2.071000e+00 3.924163e-01 3.220536e+00
-2.050000e-01 2.071000e+00 3.924163e-01 3.220536e+00 -1.950000e-01 2.071000e+00 3.947754e-01 3.224809e+00
-1.900000e-01 2.066000e+00 3.937640e-01 3.223074e+00 -1.950000e-01 2.071000e+00 3.947754e-01 3.224809e+00
1.980000e+00 2.066000e+00 1.064334e+00 2.269161e+00 1.980000e+00 2.076000e+00 1.061268e+00 2.270208e+00
-2.350000e-01 2.081000e+00 3.888782e-01 3.214770e+00 -2.400000e-01 2.086000e+00 3.896577e-01 3.216111e+00
-2.350000e-01 2.081000e+00 3.888782e-01 3.214770e+00 -2.250000e-01 2.081000e+00 3.916528e-01 3.219228e+00
-2.200000e-01 2.076000e+00 3.907509e-01 3.217773e+00 -2.250000e-01 2.081000e+00 3.916528e-01 3.219228e+00
1.980000e+00 2.076000e+00 1.061268e+00 2.270208e+00 1.980000e+00 2.086000e+00 1.058246e+00 2.271238e+00
-2.550000e-01 2.091000e+00 3.874426e-01 3.212769e+00 -2.600000e-01 2.096000e+00 3.881463e-01 3.213910e+00
-2.550000e-01 2.091000e+00 3.874426e-01 3.212769e+00 -2.450000e-01 2.091000e+00 3.904918e-01 3.217357e+00
-2.400000e-01 2.086000e+00 3.896577e-01 3.216111e+00 -2.450000e-01 2.091000e+00 3.904918e-01 3.217357e+00
1.975000e+00 2.091000e+00 1.052251e+00 2.273235e+00 1.970000e+00 2.096000e+00 1.046247e+00 2.275226e+00
1.980000e+00 2.086000e+00 1.058246e+00 2.271238e+00 1.975000e+00 2.091000e+00 1.052251e+00 2.273235e+00
-2.750000e-01 2.101000e+00 3.855694e-01 3.210252e+00 -2.800000e-01 2.106000e+00 3.861854e-01 3.211201e+00
-2.750000e-01 2.101000e+00 3.855694e-01 3.210252e+00 -2.650000e-01 2.101000e+00 3.888996e-01 3.214952e+00
-2.600000e-01 2.096000e+00 3.881463e-01 3.213910e+00 -2.650000e-01 2.101000e+00 3.888996e-01 3.214952e+00
1.970000e+00 2.096000e+00 1.046247e+00 2.275226e+00 1.970000e+00 2.106000e+00 1.043284e+00 2.276185e+00
-2.950000e-01 2.111000e+00 3.832301e-01 3.207254e+00 -3.000000e-01 2.116000e+00 3.837472e-01 3.208018e+00
-2.950000e-01 2.111000e+00 3.832301e-01 3.207254e+00 -2.850000e-01 2.111000e+00 3.868456e-01 3.212048e+00
-2.800000e-01 2.106000e+00 3.861854e-01 3.211201e+00 -2.850000e-01 2.111000e+00 3.868456e-01 3.212048e+00
1.970000e+00 2.106000e+00 1.043284e+00 2.276185e+00 1.970000e+00 2.116000e+00 1.040366e+00 2.277133e+00
-3.150000e-01 2.121000e+00 3.803996e-01 3.203810e+00 -3.200000e-01 2.126000e+00 3.808078e-01 3.204398e+00
-3.150000e-01 2.121000e+00 3.803996e-01 3.203810e+00 -3.050000e-01 2.121000e+00 3.843032e-01 3.208678e+00
-3.000000e-01 2.116000e+00 3.837472e-01 3.208018e+00 -3.050000e-01 2.121000e+00 3.843032e-01 3.208678e+00
1.965000e+00 2.121000e+00 1.034385e+00 2.279038e+00 1.960000e+00 2.126000e+00 1.028397e+00 2.280935e+00
1.970000e+00 2.116000e+00 1.040366e+00 2.277133e+00 1.965000e+00 2.121000e+00 1.034385e+00 2.279038e+00
-3.350000e-01 2.131000e+00 3.770565e-01 3.199957e+00 -3.400000e-01 2.136000e+00 3.773465e-01 3.200378e+00
-3.350000e-01 2.131000e+00 3.770565e-01 3.199957e+00 -3.250000e-01 2.131000e+00 3.812492e-01 3.204881e+00
-3.200000e-01 2.126000e+00 3.808078e-01 3.204398e+00 -3.250000e-01 2.131000e+00 3.812492e-01 3.204881e+00
1.960000e+00 2.126000e+00 1.028397e+00 2.280935e+00 1.960000e+00 2.136000e+00 1.025543e+00 2.281818e+00
-3.550000e-01 2.141000e+00 3.731830e-01 3.195731e+00 -3.600000e-01 2.146000e+00 3.733466e-01 3.195996e+00
-3.550000e-01 2.141000e+00 3.731830e-01 3.195731e+00 -3.450000e-01 2.141000e+00 3.776641e-01 3.200693e+00
-3.400000e-01 2.136000e+00 3.773465e-01 3.200378e+00 -3.450000e-01 2.141000e+00 3.776641e-01 3.200693e+00
1.960000e+00 2.136000e+00 1.025543e+00 2.281818e+00 1.960000e+00 2.146000e+00 1.022737e+00 2.282696e+00
-3.750000e-01 2.151000e+00 3.687650e-01 3.191172e+00 -3.800000e-01 2.156000e+00 3.687949e-01 3.191291e+00
-3.750000e-01 2.151000e+00 3.687650e-01 3.191172e+00 -3.650000e-01 2.151000e+00 3.735322e-01 3.196154e+00
-3.600000e-01 2.146000e+00 3.733466e-01 3.195996e+00 -3.650000e-01 2.151000e+00 3.735322e-01 3.196154e+00
1.955000e+00 2.151000e+00 1.016775e+00 2.284511e+00 1.950000e+00 2.156000e+00 1.010805e+00 2.286316e+00
1.960000e+00 2.146000e+00 1.022737e+00 2.282696e+00 1.955000e+00 2.151000e+00 1.016775e+00 2.284511e+00
-3.950000e-01 2.161000e+00 3.637919e-01 3.186317e+00 -4.000000e-01 2.166000e+00 3.636821e-01 3.186301e+00
-3.950000e-01 2.161000e+00 3.637919e-01 3.186317e+00 -3.850000e-01 2.161000e+00 3.688415e-01 3.191303e+00
-3.800000e-01 2.156000e+00 3.687949e-01 3.191291e+00 -3.850000e-01 2.161000e+00 3.688415e-01 3.191303e+00
1.950000e+00 2.156000e+00 1.010805e+00 2.286316e+00 1.950000e+00 2.166000e+00 1.008068e+00 2.287136e+00
-4.050000e-01 2.171000e+00 3.635836e-01 3.186178e+00 -4.100000e-01 2.176000e+00 3.634065e-01 3.186045e+00
-4.000000e-01 2.166000e+00 3.636821e-01 3.186301e+00 -4.050000e-01 2.171000e+00 3.635836e-01 3.186178e+00
1.945000e+00 2.171000e+00 1.002118e+00 2.288889e+00 1.940000e+00 2.176000e+00 9.961596e-01 2.290631e+00
1.950000e+00 2.166000e+00 1.008068e+00 2.287136e+00 1.945000e+00 2.171000e+00 1.002118e+00 2.288889e+00
-4.250000e-01 2.181000e+00 3.577536e-01 3.180818e+00 -4.300000e-01 2.186000e+00 3.574271e-01 3.180567e+00
-4.250000e-01 2.181000e+00 3.577536e-01 3.180818e+00 -4.150000e-01 2.181000e+00 3.632372e-01 3.185805e+00
-4.100000e-01 2.176000e+00 3.634065e-01 3.186045e+00 -4.150000e-01 2.181000e+00 3.632372e-01 3.185805e+00
1.940000e+00 2.176000e+00 9.961596e-01 2.290631e+00 1.940000e+00 2.186000e+00 9.934950e-01 2.291398e+00
-4.450000e-01 2.191000e+00 3.513496e-01 3.175261e+00 -4.500000e-01 2.196000e+00 3.508704e-01 3.174903e+00
-4.450000e-01 2.191000e+00 3.513496e-01 3.175261e+00 -4.350000e-01 2.191000e+00 3.571033e-01 3.180210e+00
-4.300000e-01 2.186000e+00 3.574271e-01 3.180567e+00 -4.350000e-01 2.191000e+00 3.571033e-01 3.180210e+00
1.935000e+00 2.191000e+00 9.875584e-01 2.293089e+00 1.930000e+00 2.196000e+00 9.816134e-01 2.294769e+00
1.940000e+00 2.186000e+00 9.934950e-01 2.291398e+00 1.935000e+00 2.191000e+00 9.875584e-01 2.293089e+00
-4.650000e-01 2.201000e+00 3.443733e-01 3.169542e+00 -4.700000e-01 2.206000e+00 3.437386e-01 3.169088e+00
-4.650000e-01 2.201000e+00 3.443733e-01 3.169542e+00 -4.550000e-01 2.201000e+00 3.503887e-01 3.174440e+00
-4.500000e-01 2.196000e+00 3.508704e-01 3.174903e+00 -4.550000e-01 2.201000e+00 3.503887e-01 3.174440e+00
1.930000e+00 2.196000e+00 9.816134e-01 2.294769e+00 1.930000e+00 2.206000e+00 9.790242e-01 2.295488e+00
-4.850000e-01 2.211000e+00 3.368282e-01 3.163697e+00 -4.900000e-01 2.216000e+00 3.360368e-01 3.163158e+00
-4.850000e-01 2.211000e+00 3.368282e-01 3.163697e+00 -4.750000e-01 2.211000e+00 3.430970e-01 3.168531e+00
-4.700000e-01 2.206000e+00 3.437386e-01 3.169088e+00 -4.750000e-01 2.211000e+00 3.430970e-01 3.168531e+00
1.925000e+00 2.211000e+00 9.731029e-01 2.297118e+00 1.920000e+00 2.216000e+00 9.671730e-01 2.298736e+00
1.930000e+00 2.206000e+00 9.790242e-01 2.295488e+00 1.925000e+00 2.211000e+00 9.731029e-01 2.297118e+00
-5.050000e-01 2.221000e+00 3.287213e-01 3.157759e+00 -5.100000e-01 2.226000e+00 3.277721e-01 3.157146e+00
-5.050000e-01 2.221000e+00 3.287213e-01 3.157759e+00 -4.950000e-01 2.221000e+00 3.352339e-01 3.162518e+00
-4.900000e-01 2.216000e+00 3.360368e-01 3.163158e+00 -4.950000e-01 2.221000e+00 3.352339e-01 3.162518e+00
1.920000e+00 2.216000e+00 9.671730e-01 2.298736e+00 1.920000e+00 2.226000e+00 9.646625e-01 2.299413e+00
-5.150000e-01 2.231000e+00 3.268077e-01 3.156434e+00 -5.200000e-01 2.236000e+00 3.257714e-01 3.155739e+00
-5.100000e-01 2.226000e+00 3.277721e-01 3.157146e+00 -5.150000e-01 2.231000e+00 3.268077e-01 3.156434e+00
1.915000e+00 2.231000e+00 9.587583e-01 2.300983e+00 1.910000e+00 2.236000e+00 9.528455e-01 2.302540e+00
1.920000e+00 2.226000e+00 9.646625e-01 2.299413e+00 1.915000e+00 2.231000e+00 9.587583e-01 2.300983e+00
-5.350000e-01 2.241000e+00 3.178285e-01 3.150308e+00 -5.400000e-01 2.246000e+00 3.166332e-01 3.149555e+00
-5.350000e-01 2.241000e+00 3.178285e-01 3.150308e+00 -5.250000e-01 2.241000e+00 3.247169e-01 3.154945e+00
-5.200000e-01 2.236000e+00 3.257714e-01 3.155739e+00 -5.250000e-01 2.241000e+00 3.247169e-01 3.154945e+00
1.910000e+00 2.236000e+00 9.528455e-01 2.302540e+00 1.910000e+00 2.246000e+00 9.504167e-01 2.303178e+00
-5.550000e-01 2.251000e+00 3.083083e-01 3.144171e+00 -5.600000e-01 2.256000e+00 3.069553e-01 3.143369e+00
-5.550000e-01 2.251000e+00 3.083083e-01 3.144171e+00 -5.450000e-01 2.251000e+00 3.154162e-01 3.148707e+00
-5.400000e-01 2.246000e+00 3.166332e-01 3.149555e+00 -5.450000e-01 2.251000e+00 3.154162e-01 3.148707e+00
1.905000e+00 2.251000e+00 9.445314e-01 2.304690e+00 1.900000e+00 2.256000e+00 9.386374e-01 2.306187e+00
1.910000e+00 2.246000e+00 9.504167e-01 2.303178e+00 1.905000e+00 2.251000e+00 9.445314e-01 2.304690e+00
-5.750000e-01 2.261000e+00 2.982605e-01 3.138048e+00 -5.800000e-01 2.266000e+00 2.967515e-01 3.137208e+00
-5.750000e-01 2.261000e+00 2.982605e-01 3.138048e+00 -5.650000e-01 2.261000e+00 3.055772e-01 3.142476e+00
-5.600000e-01 2.256000e+00 3.069553e-01 3.143369e+00 -5.650000e-01 2.261000e+00 3.055772e-01 3.142476e+00
1.895000e+00 2.261000e+00 9.327579e-01 2.307661e+00 1.890000e+00 2.266000e+00 9.268696e-01 2.309121e+00
1.900000e+00 2.256000e+00 9.386374e-01 2.306187e+00 1.895000e+00 2.261000e+00 9.327579e-01 2.307661e+00
-5.850000e-01 2.271000e+00 2.952146e-01 3.136278e+00 -5.900000e-01 2.276000e+00 2.936141e-01 3.135378e+00
-5.800000e-01 2.266000e+00 2.967515e-01 3.137208e+00 -5.850000e-01 2.271000e+00 2.952146e-01 3.136278e+00
1.890000e+00 2.266000e+00 9.268696e-01 2.309121e+00 1.890000e+00 2.276000e+00 9.245556e-01 2.309683e+00
-6.050000e-01 2.281000e+00 2.843440e-01 3.130137e+00 -6.100000e-01 2.286000e+00 2.825899e-01 3.129212e+00
-6.050000e-01 2.281000e+00 2.843440e-01 3.130137e+00 -5.950000e-01 2.281000e+00 2.919832e-01 3.134389e+00
-5.900000e-01 2.276000e+00 2.936141e-01 3.135378e+00 -5.950000e-01 2.281000e+00 2.919832e-01 3.134389e+00
1.885000e+00 2.281000e+00 9.186977e-01 2.311100e+00 1.880000e+00 2.286000e+00 9.128311e-01 2.312501e+00
1.890000e+00 2.276000e+00 9.245556e-01 2.309683e+00 1.885000e+00 2.281000e+00 9.186977e-01 2.311100e+00
-6.250000e-01 2.291000e+00 2.729819e-01 3.124074e+00 -6.300000e-01 2.296000e+00 2.710775e-01 3.123132e+00
-6.250000e-01 2.291000e+00 2.729819e-01 3.124074e+00 -6.150000e-01 2.291000e+00 2.808032e-01 3.128202e+00
-6.100000e-01 2.286000e+00 2.825899e-01 3.129212e+00 -6.150000e-01 2.291000e+00 2.808032e-01 3.128202e+00
1.875000e+00 2.291000e+00 9.069803e-01 2.313881e+00 1.870000e+00 2.296000e+00 9.011208e-01 2.315246e+00
1.880000e+00 2.286000e+00 9.128311e-01 2.312501e+00 1.875000e+00 2.291000e+00 9.069803e-01 2.313881e+00
-6.450000e-01 2.301000e+00 2.611453e-01 3.118109e+00 -6.500000e-01 2.306000e+00 2.590940e-01 3.117157e+00
-6.450000e-01 2.301000e+00 2.611453e-01 3.118109e+00 -6.350000e-01 2.301000e+00 2.691381e-01 3.122109e+00
-6.300000e-01 2.296000e+00 2.710775e-01 3.123132e+00 -6.350000e-01 2.301000e+00 2.691381e-01 3.122109e+00
1.870000e+00 2.296000e+00 9.011208e-01 2.315246e+00 1.870000e+00 2.306000e+00 8.989292e-01 2.315741e+00
-6.550000e-01 2.311000e+00 2.570058e-01 3.116128e+00 -6.600000e-01 2.316000e+00 2.548637e-01 3.115137e+00
-6.500000e-01 2.306000e+00 2.590940e-01 3.117157e+00 -6.550000e-01 2.311000e+00 2.570058e-01 3.116128e+00
1.865000e+00 2.311000e+00 8.931029e-01 2.317065e+00 1.860000e+00 2.316000e+00 8.872679e-01 2.318372e+00
1.870000e+00 2.306000e+00 8.989292e-01 2.315741e+00 1.865000e+00 2.311000e+00 8.931029e-01 2.317065e+00
-6.750000e-01 2.321000e+00 2.444241e-01 3.110277e+00 -6.800000e-01 2.326000e+00 2.421399e-01 3.109288e+00
-6.750000e-01 2.321000e+00 2.444241e-01 3.110277e+00 -6.650000e-01 2.321000e+00 2.526831e-01 3.114069e+00
-6.600000e-01 2.316000e+00 2.548637e-01 3.115137e+00 -6.650000e-01 2.321000e+00 2.526831e-01 3.114069e+00
1.855000e+00 2.321000e+00 8.814503e-01 2.319659e+00 1.850000e+00 2.326000e+00 8.756239e-01 2.320929e+00
1.860000e+00 2.316000e+00 8.872679e-01 2.318372e+00 1.855000e+00 2.321000e+00 8.814503e-01 2.319659e+00
-6.950000e-01 2.331000e+00 2.314110e-01 3.104569e+00 -7.000000e-01 2.336000e+00 2.289891e-01 3.103588e+00
-6.950000e-01 2.331000e+00 2.314110e-01 3.104569e+00 -6.850000e-01 2.331000e+00 2.398158e-01 3.108226e+00
-6.800000e-01 2.326000e+00 2.421399e-01 3.109288e+00 -6.850000e-01 2.331000e+00 2.398158e-01 3.108226e+00
1.850000e+00 2.326000e+00 8.756239e-01 2.320929e+00 1.850000e+00 2.336000e+00 8.735622e-01 2.321368e+00
-7.050000e-01 2.341000e+00 2.265258e-01 3.102538e+00 -7.100000e-01 2.346000e+00 2.240158e-01 3.101530e+00
-7.000000e-01 2.336000e+00 2.289891e-01 3.103588e+00 -7.050000e-01 2.341000e+00 2.265258e-01 3.102538e+00
1.845000e+00 2.341000e+00 8.677719e-01 2.322600e+00 1.840000e+00 2.346000e+00 8.619730e-01 2.323814e+00
1.850000e+00 2.336000e+00 8.735622e-01 2.321368e+00 1.845000e+00 2.341000e+00 8.677719e-01 2.322600e+00
-7.250000e-01 2.351000e+00 2.128313e-01 3.097018e+00 -7.300000e-01 2.356000e+00 2.101892e-01 3.096028e+00
-7.250000e-01 2.351000e+00 2.128313e-01 3.097018e+00 -7.150000e-01 2.351000e+00 2.214631e-01 3.100454e+00
-7.100000e-01 2.346000e+00 2.240158e-01 3.101530e+00 -7.150000e-01 2.351000e+00 2.214631e-01 3.100454e+00
1.835000e+00 2.351000e+00 8.561929e-01 2.325010e+00 1.830000e+00 2.356000e+00 8.504042e-01 2.326187e+00
1.840000e+00 2.346000e+00 8.619730e-01 2.323814e+00 1.835000e+00 2.351000e+00 8.561929e-01 2.325010e+00
-7.350000e-01 2.361000e+00 2.075039e-01 3.094973e+00 -7.400000e-01 2.366000e+00 2.047759e-01 3.093962e+00
-7.300000e-01 2.356000e+00 2.101892e-01 3.096028e+00 -7.350000e-01 2.361000e+00 2.075039e-01 3.094973e+00
1.825000e+00 2.361000e+00 8.446347e-01 2.327347e+00 1.820000e+00 2.366000e+00 8.388568e-01 2.328487e+00
1.830000e+00 2.356000e+00 8.504042e-01 2.326187e+00 1.825000e+00 2.361000e+00 8.446347e-01 2.327347e+00
-7.550000e-01 2.371000e+00 1.931674e-01 3.089680e+00 -7.600000e-01 2.376000e+00 1.903139e-01 3.088696e+00
-7.550000e-01 2.371000e+00 1.931674e-01 3.089680e+00 -7.450000e-01 2.371000e+00 2.020035e-01 3.092889e+00
-7.400000e-01 2.366000e+00 2.047759e-01 3.093962e+00 -7.450000e-01 2.371000e+00 2.020035e-01 3.092889e+00
1.820000e+00 2.366000e+00 8.388568e-01 2.328487e+00 1.820000e+00 2.376000e+00 8.369716e-01 2.328847e+00
-7.750000e-01 2.381000e+00 1.784714e-01 3.084582e+00 -7.800000e-01 2.386000e+00 1.754969e-01 3.083629e+00
-7.750000e-01 2.381000e+00 1.784714e-01 3.084582e+00 -7.650000e-01 2.381000e+00 1.874153e-01 3.087652e+00
-7.600000e-01 2.376000e+00 1.903139e-01 3.088696e+00 -7.650000e-01 2.381000e+00 1.874153e-01 3.087652e+00
1.815000e+00 2.381000e+00 8.312336e-01 2.329954e+00 1.810000e+00 2.386000e+00 8.254872e-01 2.331040e+00
1.820000e+00 2.376000e+00 8.369716e-01 2.328847e+00 1.815000e+00 2.381000e+00 8.312336e-01 2.329954e+00
-7.850000e-01 2.391000e+00 1.724772e-01 3.082619e+00 -7.900000e-01 2.396000e+00 1.694214e-01 3.081655e+00
-7.800000e-01 2.386000e+00 1.754969e-01 3.083629e+00 -7.850000e-01 2.391000e+00 1.724772e-01 3.082619e+00
1.805000e+00 2.391000e+00 8.197614e-01 2.332111e+00 1.800000e+00 2.396000e+00 8.140274e-01 2.333160e+00
1.810000e+00 2.386000e+00 8.254872e-01 2.331040e+00 1.805000e+00 2.391000e+00 8.197614e-01 2.332111e+00
-8.050000e-01 2.401000e+00 1.572060e-01 3.077796e+00 -8.100000e-01 2.406000e+00 1.540360e-01 3.076869e+00
-8.050000e-01 2.401000e+00 1.572060e-01 3.077796e+00 -7.950000e-01 2.401000e+00 1.663195e-01 3.080636e+00
-7.900000e-01 2.396000e+00 1.694214e-01 3.081655e+00 -7.950000e-01 2.401000e+00 1.663195e-01 3.080636e+00
1.795000e+00 2.401000e+00 8.083146e-01 2.334195e+00 1.790000e+00 2.406000e+00 8.025936e-01 2.335208e+00
1.800000e+00 2.396000e+00 8.140274e-01 2.333160e+00 1.795000e+00 2.401000e+00 8.083146e-01 2.334195e+00
-8.150000e-01 2.411000e+00 1.508198e-01 3.075891e+00 -8.200000e-01 2.416000e+00 1.475715e-01 3.074959e+00
-8.100000e-01 2.406000e+00 1.540360e-01 3.076869e+00 -8.150000e-01 2.411000e+00 1.508198e-01 3.075891e+00
1.790000e+00 2.406000e+00 8.025936e-01 2.335208e+00 1.790000e+00 2.416000e+00 8.008986e-01 2.335509e+00
-8.350000e-01 2.421000e+00 1.350131e-01 3.071365e+00 -8.400000e-01 2.426000e+00 1.316575e-01 3.070477e+00
-8.350000e-01 2.421000e+00 1.350131e-01 3.071365e+00 -8.250000e-01 2.421000e+00 1.442764e-01 3.073977e+00
-8.200000e-01 2.416000e+00 1.475715e-01 3.074959e+00 -8.250000e-01 2.421000e+00 1.442764e-01 3.073977e+00
1.785000e+00 2.421000e+00 7.952214e-01 2.336493e+00 1.780000e+00 2.426000e+00 7.895362e-01 2.337454e+00
1.790000e+00 2.416000e+00 8.008986e-01 2.335509e+00 1.785000e+00 2.421000e+00 7.952214e-01 2.336493e+00
-8.450000e-01 2.431000e+00 1.282550e-01 3.069541e+00 -8.500000e-01 2.436000e+00 1.248242e-01 3.068652e+00
-8.400000e-01 2.426000e+00 1.316575e-01 3.070477e+00 -8.450000e-01 2.431000e+00 1.282550e-01 3.069541e+00
1.775000e+00 2.431000e+00 7.838736e-01 2.338403e+00 1.770000e+00 2.436000e+00 7.782031e-01 2.339328e+00
1.780000e+00 2.426000e+00 7.895362e-01 2.337454e+00 1.775000e+00 2.431000e+00 7.838736e-01 2.338403e+00
-8.650000e-01 2.441000e+00 1.119517e-01 3.065333e+00 -8.700000e-01 2.446000e+00 1.084201e-01 3.064492e+00
-8.650000e-01 2.441000e+00 1.119517e-01 3.065333e+00 -8.550000e-01 2.441000e+00 1.213462e-01 3.067717e+00
-8.500000e-01 2.436000e+00 1.248242e-01 3.068652e+00 -8.550000e-01 2.441000e+00 1.213462e-01 3.067717e+00
1.765000e+00 2.441000e+00 7.725557e-01 2.340240e+00 1.760000e+00 2.446000e+00 7.669005e-01 2.341129e+00
1.770000e+00 2.436000e+00 7.782031e-01 2.339328e+00 1.765000e+00 2.441000e+00 7.725557e-01 2.340240e+00
-8.750000e-01 2.451000e+00 1.048418e-01 3.063609e+00 -8.800000e-01 2.456000e+00 1.012385e-01 3.062772e+00
-8.700000e-01 2.446000e+00 1.084201e-01 3.064492e+00 -8.750000e-01 2.451000e+00 1.048418e-01 3.063609e+00
1.755000e+00 2.451000e+00 7.612691e-01 2.342006e+00 1.750000e+00 2.456000e+00 7.556300e-01 2.342859e+00
1.760000e+00 2.446000e+00 7.669005e-01 2.341129e+00 1.755000e+00 2.451000e+00 7.612691e-01 2.342006e+00
-8.950000e-01 2.461000e+00 8.807925e-02 3.059733e+00 -9.000000e-01 2.466000e+00 8.438191e-02 3.058949e+00
-8.950000e-01 2.461000e+00 8.807925e-02 3.059733e+00 -8.850000e-01 2.461000e+00 9.758799e-02 3.061893e+00
-8.800000e-01 2.456000e+00 1.012385e-01 3.062772e+00 -8.850000e-01 2.461000e+00 9.758799e-02 3.061893e+00
1.745000e+00 2.461000e+00 7.500150e-01 2.343700e+00 1.740000e+00 2.466000e+00 7.443926e-01 2.344516e+00
1.750000e+00 2.456000e+00 7.556300e-01 2.342859e+00 1.745000e+00 2.461000e+00 7.500150e-01 2.343700e+00
-9.050000e-01 2.471000e+00 8.063790e-02 3.058126e+00 -9.100000e-01 2.476000e+00 7.687214e-02 3.057349e+00
-9.000000e-01 2.466000e+00 8.438191e-02 3.058949e+00 -9.050000e-01 2.471000e+00 8.063790e-02 3.058126e+00
1.735000e+00 2.471000e+00 7.387948e-01 2.345321e+00 1.730000e+00 2.476000e+00 7.331897e-01 2.346101e+00
1.740000e+00 2.466000e+00 7.443926e-01 2.344516e+00 1.735000e+00 2.471000e+00 7.387948e-01 2.345321e+00
-9.250000e-01 2.481000e+00 6.345220e-02 3.054595e+00 -9.300000e-01 2.486000e+00 5.959887e-02 3.053874e+00
-9.250000e-01 2.481000e+00 6.345220e-02 3.054595e+00 -9.150000e-01 2.481000e+00 7.305946e-02 3.056535e+00
-9.100000e-01 2.476000e+00 7.687214e-02 3.057349e+00 -9.150000e-01 2.481000e+00 7.305946e-02 3.056535e+00
1.725000e+00 2.481000e+00 7.276098e-01 2.346871e+00 1.720000e+00 2.486000e+00 7.220228e-01 2.347615e+00
1.730000e+00 2.476000e+00 7.331897e-01 2.346101e+00 1.725000e+00 2.481000e+00 7.276098e-01 2.346871e+00
-9.350000e-01 2.491000e+00 5.569929e-02 3.053118e+00 -9.400000e-01 2.496000e+00 5.178088e-02 3.052408e+00
-9.300000e-01 2.486000e+00 5.959887e-02 3.053874e+00 -9.350000e-01 2.491000e+00 5.569929e-02 3.053118e+00
1.715000e+00 2.491000e+00 7.164615e-01 2.348349e+00 1.710000e+00 2.496000e+00 7.108932e-01 2.349057e+00
1.720000e+00 2.486000e+00 7.220228e-01 2.347615e+00 1.715000e+00 2.491000e+00 7.164615e-01 2.348349e+00
-9.450000e-01 2.501000e+00 4.781621e-02 3.051665e+00 -9.500000e-01 2.506000e+00 4.383378e-02 3.050968e+00
-9.400000e-01 2.496000e+00 5.178088e-02 3.052408e+00 -9.450000e-01 2.501000e+00 4.781621e-02 3.051665e+00
1.710000e+00 2.496000e+00 7.108932e-01 2.349057e+00 1.710000e+00 2.506000e+00 7.096527e-01 2.349213e+00
-9.650000e-01 2.511000e+00 3.007976e-02 3.048604e+00 -9.700000e-01 2.516000e+00 2.601829e-02 3.047967e+00
-9.650000e-01 2.511000e+00 3.007976e-02 3.048604e+00 -9.550000e-01 2.511000e+00 3.980498e-02 3.050239e+00
-9.500000e-01 2.506000e+00 4.383378e-02 3.050968e+00 -9.550000e-01 2.511000e+00 3.980498e-02 3.050239e+00
1.705000e+00 2.511000e+00 7.041373e-01 2.349903e+00 1.700000e+00 2.516000e+00 6.986153e-01 2.350566e+00
1.710000e+00 2.506000e+00 7.096527e-01 2.349213e+00 1.705000e+00 2.511000e+00 7.041373e-01 2.349903e+00
-9.750000e-01 2.521000e+00 2.191135e-02 3.047300e+00 -9.800000e-01 2.526000e+00 1.778938e-02 3.046679e+00
-9.700000e-01 2.516000e+00 2.601829e-02 3.047967e+00 -9.750000e-01 2.521000e+00 2.191135e-02 3.047300e+00
1.695000e+00 2.521000e+00 6.931203e-01 2.351221e+00 1.690000e+00 2.526000e+00 6.876192e-01 2.351848e+00
1.700000e+00 2.516000e+00 6.986153e-01 2.350566e+00 1.695000e+00 2.521000e+00 6.931203e-01 2.351221e+00
-9.950000e-01 2.531000e+00 3.830557e-03 3.044600e+00 -9.850000e-01 2.531000e+00 1.362182e-02 3.046028e+00
-9.800000e-01 2.526000e+00 1.778938e-02 3.046679e+00 -9.850000e-01 2.531000e+00 1.362182e-02 3.046028e+00
1.685000e+00 2.531000e+00 6.821454e-01 2.352468e+00 1.680000e+00 2.536000e+00 6.766656e-01 2.353061e+00
1.690000e+00 2.526000e+00 6.876192e-01 2.351848e+00 1.685000e+00 2.531000e+00 6.821454e-01 2.352468e+00
1.675000e+00 2.541000e+00 6.712139e-01 2.353647e+00 1.670000e+00 2.546000e+00 6.657564e-01 2.354204e+00
1.680000e+00 2.536000e+00 6.766656e-01 2.353061e+00 1.675000e+00 2.541000e+00 6.712139e-01 2.353647e+00
1.665000e+00 2.551000e+00 6.603275e-01 2.354756e+00 1.660000e+00 2.556000e+00 6.548928e-01 2.355278e+00
1.670000e+00 2.546000e+00 6.657564e-01 2.354204e+00 1.665000e+00 2.551000e+00 6.603275e-01 2.354756e+00
1.655000e+00 2.561000e+00 6.494875e-01 2.355795e+00 1.650000e+00 2.566000e+00 6.440767e-01 2.356283e+00
1.660000e+00 2.556000e+00 6.548928e-01 2.355278e+00 1.655000e+00 2.561000e+00 6.494875e-01 2.355795e+00
1.645000e+00 2.571000e+00 6.386957e-01 2.356766e+00 1.640000e+00 2.576000e+00 6.333095e-01 2.357220e+00
1.650000e+00 2.566000e+00 6.440767e-01 2.356283e+00 1.645000e+00 2.571000e+00 6.386957e-01 2.356766e+00
1.635000e+00 2.581000e+00 6.279537e-01 2.357669e+00 1.630000e+00 2.586000e+00 6.225929e-01 2.358088e+00
1.640000e+00 2.576000e+00 6.333095e-01 2.357220e+00 1.635000e+00 2.581000e+00 6.279537e-01 2.357669e+00
1.625000e+00 2.591000e+00 6.172630e-01 2.358504e+00 1.620000e+00 2.596000e+00 6.119286e-01 2.358889e+00
1.630000e+00 2.586000e+00 6.225929e-01 2.358088e+00 1.625000e+00 2.591000e+00 6.172630e-01 2.358504e+00
1.605000e+00 2.601000e+00 5.966689e-01 2.359931e+00 1.600000e+00 2.606000e+00 5.913573e-01 2.360250e+00
1.605000e+00 2.601000e+00 5.966689e-01 2.359931e+00 1.615000e+00 2.601000e+00 6.066253e-01 2.359272e+00
1.620000e+00 2.596000e+00 6.119286e-01 2.358889e+00 1.615000e+00 2.601000e+00 6.066253e-01 2.359272e+00
1.595000e+00 2.611000e+00 5.860779e-01 2.360568e+00 1.590000e+00 2.616000e+00 5.807944e-01 2.360853e+00
1.600000e+00 2.606000e+00 5.913573e-01 2.360250e+00 1.595000e+00 2.611000e+00 5.860779e-01 2.360568e+00
1.585000e+00 2.621000e+00 5.755438e-01 2.361137e+00 1.580000e+00 2.626000e+00 5.702897e-01 2.361389e+00
1.590000e+00 2.616000e+00 5.807944e-01 2.360853e+00 1.585000e+00 2.621000e+00 5.755438e-01 2.361137e+00
1.575000e+00 2.631000e+00 5.650688e-01 2.361640e+00 1.570000e+00 2.636000e+00 5.598448e-01 2.361859e+00
1.580000e+00 2.626000e+00 5.702897e-01 2.361389e+00 1.575000e+00 2.631000e+00 5.650688e-01 2.361640e+00
1.565000e+00 2.641000e+00 5.546544e-01 2.362078e+00 1.560000e+00 2.646000e+00 5.494614e-01 2.362263e+00
1.570000e+00 2.636000e+00 5.598448e-01 2.361859e+00 1.565000e+00 2.641000e+00 5.546544e-01 2.362078e+00
1.555000e+00 2.651000e+00 5.443026e-01 2.362450e+00 1.550000e+00 2.656000e+00 5.391415e-01 2.362602e+00
1.560000e+00 2.646000e+00 5.494614e-01 2.362263e+00 1.555000e+00 2.651000e+00 5.443026e-01 2.362450e+00
1.545000e+00 2.661000e+00 5.340151e-01 2.362757e+00 1.540000e+00 2.666000e+00 5.288868e-01 2.362877e+00
1.550000e+00 2.656000e+00 5.391415e-01 2.362602e+00 1.545000e+00 2.661000e+00 5.340151e-01 2.362757e+00
1.535000e+00 2.671000e+00 5.237937e-01 2.363001e+00 1.530000e+00 2.676000e+00 5.186993e-01 2.363089e+00
1.540000e+00 2.666000e+00 5.288868e-01 2.362877e+00 1.535000e+00 2.671000e+00 5.237937e-01 2.363001e+00
1.525000e+00 2.681000e+00 5.136405e-01 2.363182e+00 1.520000e+00 2.686000e+00 5.085809e-01 2.363238e+00
1.530000e+00 2.676000e+00 5.186993e-01 2.363089e+00 1.525000e+00 2.681000e+00 5.136405e-01 2.363182e+00
1.505000e+00 2.691000e+00 4.935578e-01 2.363349e+00 1.500000e+00 2.696000e+00 4.885336e-01 2.363338e+00
1.505000e+00 2.691000e+00 4.935578e-01 2.363349e+00 1.515000e+00 2.691000e+00 5.035575e-01 2.363301e+00
1.520000e+00 2.686000e+00 5.085809e-01 2.363238e+00 1.515000e+00 2.691000e+00 5.035575e-01 2.363301e+00
1.495000e+00 2.701000e+00 4.835466e-01 2.363333e+00 1.490000e+00 2.706000e+00 4.785597e-01 2.363291e+00
1.500000e+00 2.696000e+00 4.885336e-01 2.363338e+00 1.495000e+00 2.701000e+00 4.835466e-01 2.363333e+00
1.485000e+00 2.711000e+00 4.736103e-01 2.363257e+00 1.480000e+00 2.716000e+00 4.686618e-01 2.363184e+00
1.490000e+00 2.706000e+00 4.785597e-01 2.363291e+00 1.485000e+00 2.711000e+00 4.736103e-01 2.363257e+00
1.475000e+00 2.721000e+00 4.637512e-01 2.363120e+00 1.470000e+00 2.726000e+00 4.588420e-01 2.363018e+00
1.480000e+00 2.716000e+00 4.686618e-01 2.363184e+00 1.475000e+00 2.721000e+00 4.637512e-01 2.363120e+00
1.465000e+00 2.731000e+00 4.539712e-01 2.362926e+00 1.460000e+00 2.736000e+00 4.491024e-01 2.362795e+00
1.470000e+00 2.726000e+00 4.588420e-01 2.363018e+00 1.465000e+00 2.731000e+00 4.539712e-01 2.362926e+00
1.445000e+00 2.741000e+00 4.342838e-01 2.362340e+00 1.440000e+00 2.746000e+00 4.294590e-01 2.362140e+00
1.445000e+00 2.741000e+00 4.342838e-01 2.362340e+00 1.455000e+00 2.741000e+00 4.442724e-01 2.362674e+00
1.460000e+00 2.736000e+00 4.491024e-01 2.362795e+00 1.455000e+00 2.741000e+00 4.442724e-01 2.362674e+00
1.435000e+00 2.751000e+00 4.246741e-01 2.361953e+00 1.430000e+00 2.756000e+00 4.198927e-01 2.361725e+00
1.440000e+00 2.746000e+00 4.294590e-01 2.362140e+00 1.435000e+00 2.751000e+00 4.246741e-01 2.361953e+00
1.425000e+00 2.761000e+00 4.151514e-01 2.361510e+00 1.420000e+00 2.766000e+00 4.104141e-01 2.361255e+00
1.430000e+00 2.756000e+00 4.198927e-01 2.361725e+00 1.425000e+00 2.761000e+00 4.151514e-01 2.361510e+00
1.415000e+00 2.771000e+00 4.057174e-01 2.361013e+00 1.410000e+00 2.776000e+00 4.010257e-01 2.360731e+00
1.420000e+00 2.766000e+00 4.104141e-01 2.361255e+00 1.415000e+00 2.771000e+00 4.057174e-01 2.361013e+00
1.395000e+00 2.781000e+00 3.864192e-01 2.359800e+00 1.390000e+00 2.786000e+00 3.817794e-01 2.359450e+00
1.395000e+00 2.781000e+00 3.864192e-01 2.359800e+00 1.405000e+00 2.781000e+00 3.963747e-01 2.360464e+00
1.410000e+00 2.776000e+00 4.010257e-01 2.360731e+00 1.405000e+00 2.781000e+00 3.963747e-01 2.360464e+00
1.385000e+00 2.791000e+00 3.771817e-01 2.359117e+00 1.380000e+00 2.796000e+00 3.725903e-01 2.358741e+00
1.390000e+00 2.786000e+00 3.817794e-01 2.359450e+00 1.385000e+00 2.791000e+00 3.771817e-01 2.359117e+00
1.375000e+00 2.801000e+00 3.680412e-01 2.358383e+00 1.370000e+00 2.806000e+00 3.634993e-01 2.357983e+00
1.380000e+00 2.796000e+00 3.725903e-01 2.358741e+00 1.375000e+00 2.801000e+00 3.680412e-01 2.358383e+00
1.355000e+00 2.811000e+00 3.490875e-01 2.356672e+00 1.350000e+00 2.816000e+00 3.446046e-01 2.356205e+00
1.355000e+00 2.811000e+00 3.490875e-01 2.356672e+00 1.365000e+00 2.811000e+00 3.590000e-01 2.357602e+00
1.370000e+00 2.806000e+00 3.634993e-01 2.357983e+00 1.365000e+00 2.811000e+00 3.590000e-01 2.357602e+00
1.345000e+00 2.821000e+00 3.401651e-01 2.355759e+00 1.340000e+00 2.826000e+00 3.357349e-01 2.355269e+00
1.350000e+00 2.816000e+00 3.446046e-01 2.356205e+00 1.345000e+00 2.821000e+00 3.401651e-01 2.355759e+00
1.335000e+00 2.831000e+00 3.313485e-01 2.354801e+00 1.330000e+00 2.836000e+00 3.269722e-01 2.354289e+00
1.340000e+00 2.826000e+00 3.357349e-01 2.355269e+00 1.335000e+00 2.831000e+00 3.313485e-01 2.354801e+00
1.315000e+00 2.841000e+00 3.127882e-01 2.352591e+00 1.310000e+00 2.846000e+00 3.084784e-01 2.352014e+00
1.315000e+00 2.841000e+00 3.127882e-01 2.352591e+00 1.325000e+00 2.841000e+00 3.226398e-01 2.353800e+00
1.330000e+00 2.836000e+00 3.269722e-01 2.354289e+00 1.325000e+00 2.841000e+00 3.226398e-01 2.353800e+00
1.305000e+00 2.851000e+00 3.042132e-01 2.351461e+00 1.300000e+00 2.856000e+00 2.999604e-01 2.350864e+00
1.310000e+00 2.846000e+00 3.084784e-01 2.352014e+00 1.305000e+00 2.851000e+00 3.042132e-01 2.351461e+00
1.295000e+00 2.861000e+00 2.957526e-01 2.350293e+00 1.290000e+00 2.866000e+00 2.915582e-01 2.349677e+00
1.300000e+00 2.856000e+00 2.999604e-01 2.350864e+00 1.295000e+00 2.861000e+00 2.957526e-01 2.350293e+00
1.275000e+00 2.871000e+00 2.776393e-01 2.347589e+00 1.270000e+00 2.876000e+00 2.735192e-01 2.346910e+00
1.275000e+00 2.871000e+00 2.776393e-01 2.347589e+00 1.285000e+00 2.871000e+00 2.874089e-01 2.349089e+00
1.290000e+00 2.866000e+00 2.915582e-01 2.349677e+00 1.285000e+00 2.871000e+00 2.874089e-01 2.349089e+00
1.265000e+00 2.881000e+00 2.694450e-01 2.346261e+00 1.260000e+00 2.886000e+00 2.653867e-01 2.345566e+00
1.270000e+00 2.876000e+00 2.735192e-01 2.346910e+00 1.265000e+00 2.881000e+00 2.694450e-01 2.346261e+00
1.245000e+00 2.891000e+00 2.516749e-01 2.343193e+00 1.240000e+00 2.896000e+00 2.476971e-01 2.342437e+00
1.245000e+00 2.891000e+00 2.516749e-01 2.343193e+00 1.255000e+00 2.891000e+00 2.613742e-01 2.344902e+00
1.260000e+00 2.886000e+00 2.653867e-01 2.345566e+00 1.255000e+00 2.891000e+00 2.613742e-01 2.344902e+00
1.235000e+00 2.901000e+00 2.437658e-01 2.341714e+00 1.230000e+00 2.906000e+00 2.398532e-01 2.340944e+00
1.240000e+00 2.896000e+00 2.476971e-01 2.342437e+00 1.235000e+00 2.901000e+00 2.437658e-01 2.341714e+00
1.225000e+00 2.911000e+00 2.359872e-01 2.340209e+00 1.220000e+00 2.916000e+00 2.321410e-01 2.339428e+00
1.230000e+00 2.906000e+00 2.398532e-01 2.340944e+00 1.225000e+00 2.911000e+00 2.359872e-01 2.340209e+00
1.205000e+00 2.921000e+00 2.187667e-01 2.336666e+00 1.200000e+00 2.926000e+00 2.150098e-01 2.335828e+00
1.205000e+00 2.921000e+00 2.187667e-01 2.336666e+00 1.215000e+00 2.921000e+00 2.283412e-01 2.338683e+00
1.220000e+00 2.916000e+00 2.321410e-01 2.339428e+00 1.215000e+00 2.921000e+00 2.283412e-01 2.338683e+00
1.195000e+00 2.931000e+00 2.112997e-01 2.335029e+00 1.190000e+00 2.936000e+00 2.076127e-01 2.334182e+00
1.200000e+00 2.926000e+00 2.150098e-01 2.335828e+00 1.195000e+00 2.931000e+00 2.112997e-01 2.335029e+00
1.175000e+00 2.941000e+00 1.945017e-01 2.331138e+00 1.170000e+00 2.946000e+00 1.909106e-01 2.330238e+00
1.175000e+00 2.941000e+00 1.945017e-01 2.331138e+00 1.185000e+00 2.941000e+00 2.039724e-01 2.333376e+00
1.190000e+00 2.936000e+00 2.076127e-01 2.334182e+00 1.185000e+00 2.941000e+00 2.039724e-01 2.333376e+00
1.165000e+00 2.951000e+00 1.873666e-01 2.329381e+00 1.160000e+00 2.956000e+00 1.838488e-01 2.328477e+00
1.170000e+00 2.946000e+00 1.909106e-01 2.330238e+00 1.165000e+00 2.951000e+00 1.873666e-01 2.329381e+00
1.503303e-01 2.697529e+00 -8.561369e-01 2.363335e+00 1.503303e-01 2.697529e+00 -8.530284e-01 2.273111e+00
1.503303e-01 2.697529e+00 -8.530284e-01 2.273111e+00 1.503303e-01 2.697529e+00 -8.443352e-01 2.190050e+00
1.503303e-01 2.697529e+00 -8.443352e-01 2.190050e+00 1.503303e-01 2.697529e+00 -8.308763e-01 2.113541e+00
1.503303e-01 2.697529e+00 -8.308763e-01 2.113541e+00 1.503303e-01 2.697529e+00 -8.133164e-01 2.043001e+00
1.503303e-01 2.697529e+00 -8.133164e-01 2.043001e+00 1.503303e-01 2.697529e+00 -7.921914e-01 1.977911e+00
1.503303e-01 2.697529e+00 -7.921914e-01 1.977911e+00 1.503303e-01 2.697529e+00 -7.679332e-01 1.917818e+00
1.503303e-01 2.697529e+00 -7.679332e-01 1.917818e+00 1.503303e-01 2.697529e+00 -7.408909e-01 1.862335e+00
1.503303e-01 2.697529e+00 -7.408909e-01 1.862335e+00 1.503303e-01 2.697529e+00 -7.113476e-01 1.811137e+00
1.503303e-01 2.697529e+00 -7.113476e-01 1.811137e+00 1.503303e-01 2.697529e+00 -6.795335e-01 1.763950e+00
1.503303e-01 2.697529e+00 -6.795335e-01 1.763950e+00 1.503303e-01 2.697529e+00 -6.456367e-01 1.720548e+00
1.503303e-01 2.697529e+00 -6.456367e-01 1.720548e+00 1.503303e-01 2.697529e+00 -6.098105e-01 1.680747e+00
1.503303e-01 2.697529e+00 -6.098105e-01 1.680747e+00 1.503303e-01 2.697529e+00 -5.721803e-01 1.644399e+00
1.503303e-01 2.697529e+00 -5.721803e-01 1.644399e+00 1.503303e-01 2.697529e+00 -5.328474e-01 1.611388e+00
1.503303e-01 2.697529e+00 -5.328474e-01 1.611388e+00 1.503303e-01 2.697529e+00 -4.918938e-01 1.581629e+00
1.503303e-01 2.697529e+00 -4.918938e-01 1.581629e+00 1.503303e-01 2.697529e+00 -4.493839e-01 1.555064e+00
1.503303e-01 2.697529e+00 -4.493839e-01 1.555064e+00 1.503303e-01 2.697529e+00 -4.053677e-01 1.531659e+00
1.503303e-01 2.697529e+00 -4.053677e-01 1.531659e+00 1.503303e-01 2.697529e+00 -3.598816e-01 1.511407e+00
1.503303e-01 2.697529e+00 -3.598816e-01 1.511407e+00 1.503303e-01 2.697529e+00 -3.129503e-01 1.494327e+00
1.503303e-01 2.697529e+00 -3.129503e-01 1.494327e+00 1.503303e-01 2.697529e+00 -2.645874e-01 1.480462e+00
1.503303e-01 2.697529e+00 -2.645874e-01 1.480462e+00 1.503303e-01 2.697529e+00 -2.147958e-01 1.469883e+00
1.503303e-01 2.697529e+00 -2.147958e-01 1.469883e+00 1.503303e-01 2.697529e+00 -1.635687e-01 1.462689e+00
1.503303e-01 2.697529e+00 -1.635687e-01 1.462689e+00 1.503303e-01 2.697529e+00 -1.108894e-01 1.459013e+00
1.503303e-01 2.697529e+00 -1.108894e-01 1.459013e+00 1.503303e-01 2.697529e+00 -5.673147e-02 1.459021e+00
1.503303e-01 2.697529e+00 -5.673147e-02 1.459021e+00 1.503303e-01 2.697529e+00 -1.058860e-03 1.462925e+00
1.503303e-01 2.697529e+00 -1.058860e-03 1.462925e+00 1.503303e-01 2.697529e+00 5.617382e-02 1.470981e+00
1.503303e-01 2.697529e+00 5.617382e-02 1.470981e+00 1.503303e-01 2.697529e+00 1.150209e-01 1.483505e+00
1.503303e-01 2.697529e+00 1.150209e-01 1.483505e+00 1.503303e-01 2.697529e+00 1.755447e-01 1.500878e+00
1.503303e-01 2.697529e+00 1.755447e-01 1.500878e+00 1.503303e-01 2.697529e+00 2.378128e-01 1.523564e+00
1.503303e-01 2.697529e+00 2.378128e-01 1.523564e+00 1.503303e-01 2.697529e+00 3.018940e-01 1.552121e+00
1.503303e-01 2.697529e+00 3.018940e-01 1.552121e+00 1.503303e-01 2.697529e+00 3.678493e-01 1.587223e+00
1.503303e-01 2.697529e+00 3.678493e-01 1.587223e+00 1.503303e-01 2.697529e+00 4.357167e-01 1.629671e+00
1.503303e-01 2.697529e+00 4.357167e-01 1.629671e+00 1.503303e-01 2.697529e+00 5.054830e-01 1.680407e+00
1.503303e-01 2.697529e+00 5.054830e-01 1.680407e+00 1.503303e-01 2.697529e+00 5.770364e-01 1.740506e+00
1.503303e-01 2.697529e+00 5.770364e-01 1.740506e+00 1.503303e-01 2.697529e+00 6.500869e-01 1.811120e+00
1.503303e-01 2.697529e+00 6.500869e-01 1.811120e+00 1.503303e-01 2.697529e+00 7.240440e-01 1.893338e+00
1.503303e-01 2.697529e+00 7.240440e-01 1.893338e+00 1.503303e-01 2.697529e+00 7.978524e-01 1.987896e+00
1.503303e-01 2.697529e+00 7.978524e-01 1.987896e+00 1.503303e-01 2.697529e+00 8.698315e-01 2.094695e+00
1.503303e-01 2.697529e+00 8.698315e-01 2.094695e+00 1.503303e-01 2.697529e+00 9.376531e-01 2.212229e+00
1.503303e-01 2.697529e+00 9.376531e-01 2.212229e+00 1.503303e-01 2.697529e+00 9.986415e-01 2.337291e+00
1.503303e-01 2.697529e+00 9.986415e-01 2.337291e+00 1.503303e-01 2.697529e+00 1.050425e+00 2.465409e+00
1.503303e-01 2.697529e+00 1.050425e+00 2.465409e+00 1.503303e-01 2.697529e+00 1.091594e+00 2.591988e+00
1.503303e-01 2.697529e+00 1.091594e+00 2.591988e+00 1.503303e-01 2.697529e+00 1.121930e+00 2.713445e+00
1.503303e-01 2.697529e+00 1.121930e+00 2.713445e+00 1.503303e-01 2.697529e+00 1.142124e+00 2.827654e+00
1.503303e-01 2.697529e+00 1.142124e+00 2.827654e+00 1.503303e-01 2.697529e+00 1.153329e+00 2.933758e+00
1.503303e-01 2.697529e+00 1.153329e+00 2.933758e+00 1.503303e-01 2.697529e+00 1.156797e+00 3.031723e+00
1.503303e-01 2.697529e+00 1.156797e+00 3.031723e+00 1.503303e-01 2.697529e+00 1.153689e+00 3.121947e+00
1.503303e-01 2.697529e+00 1.153689e+00 3.121947e+00 1.503303e-01 2.697529e+00 1.144996e+00 3.205007e+00
1.503303e-01 2.697529e+00 1.144996e+00 3.205007e+00 1.503303e-01 2.697529e+00 1.131537e+00 3.281517e+00
1.503303e-01 2.697529e+00 1.131537e+00 3.281517e+00 1.503303e-01 2.697529e+00 1.113977e+00 3.352056e+00
1.503303e-01 2.697529e+00 1.113977e+00 3.352056e+00 1.503303e-01 2.697529e+00 1.092852e+00 3.417146e+00
1.503303e-01 2.697529e+00 1.092852e+00 3.417146e+00 1.503303e-01 2.697529e+00 1.068594e+00 3.477239e+00
1.503303e-01 2.697529e+00 1.068594e+00 3.477239e+00 1.503303e-01 2.697529e+00 1.041552e+00 3.532722e+00
1.503303e-01 2.697529e+00 1.041552e+00 3.532722e+00 1.503303e-01 2.697529e+00 1.012008e+00 3.583921e+00
1.503303e-01 2.697529e+00 1.012008e+00 3.583921e+00 1.503303e-01 2.697529e+00 9.801941e-01 3.631108e+00
1.503303e-01 2.697529e+00 9.801941e-01 3.631108e+00 1.503303e-01 2.697529e+00 9.462973e-01 3.674510e+00
1.503303e-01 2.697529e+00 9.462973e-01 3.674510e+00 1.503303e-01 2.697529e+00 9.104712e-01 3.714310e+00
1.503303e-01 2.697529e+00 9.104712e-01 3.714310e+00 1.503303e-01 2.697529e+00 8.728409e-01 3.750658e+00
1.503303e-01 2.697529e+00 8.728409e-01 3.750658e+00 1.503303e-01 2.697529e+00 8.335080e-01 3.783669e+00
1.503303e-01 2.697529e+00 8.335080e-01 3.783669e+00 1.503303e-01 2.697529e+00 7.925544e-01 3.813428e+00
1.503303e-01 2.697529e+00 7.925544e-01 3.813428e+00 1.503303e-01 2.697529e+00 7.500445e-01 3.839994e+00
1.503303e-01 2.697529e+00 7.500445e-01 3.839994e+00 1.503303e-01 2.697529e+00 7.060283e-01 3.863399e+00
1.503303e-01 2.697529e+00 7.060283e-01 3.863399e+00 1.503303e-01 2.697529e+00 6.605422e-01 3.883650e+00
1.503303e-01 2.697529e+00 6.605422e-01 3.883650e+00 1.503303e-01 2.697529e+00 6.136109e-01 3.900730e+00
1.503303e-01 2.697529e+00 6.136109e-01 3.900730e+00 1.503303e-01 2.697529e+00 5.652480e-01 3.914595e+00
1.503303e-01 2.697529e+00 5.652480e-01 3.914595e+00 1.503303e-01 2.697529e+00 5.154564e-01 3.925174e+00
1.503303e-01 2.697529e+00 5.154564e-01 3.925174e+00 1.503303e-01 2.697529e+00 4.642294e-01 3.932368e+00
1.503303e-01 2.697529e+00 4.642294e-01 3.932368e+00 1.503303e-01 2.697529e+00 4.115500e-01 3.936045e+00
1.503303e-01 2.697529e+00 4.115500e-01 3.936045e+00 1.503303e-01 2.697529e+00 3.573921e-01 3.936036e+00
1.503303e-01 2.697529e+00 3.573921e-01 3.936036e+00 1.503303e-01 2.697529e+00 3.017195e-01 3.932133e+00
1.503303e-01 2.697529e+00 3.017195e-01 3.932133e+00 1.503303e-01 2.697529e+00 2.444868e-01 3.924076e+00
1.503303e-01 2.697529e+00 2.444868e-01 3.924076e+00 1.503303e-01 2.697529e+00 1.856397e-01 3.911553e+00
1.503303e-01 2.697529e+00 1.856397e-01 3.911553e+00 1.503303e-01 2.697529e+00 1.251159e-01 3.894179e+00
1.503303e-01 2.697529e+00 1.251159e-01 3.894179e+00 1.503303e-01 2.697529e+00 6.284783e-02 3.871493e+00
1.503303e-01 2.697529e+00 6.284783e-02 3.871493e+00 1.503303e-01 2.697529e+00 -1.233365e-03 3.842936e+00
1.503303e-01 2.697529e+00 -1.233365e-03 3.842936e+00 1.503303e-01 2.697529e+00 -6.718872e-02 3.807834e+00
1.503303e-01 2.697529e+00 -6.718872e-02 3.807834e+00 1.503303e-01 2.697529e+00 -1.350561e-01 3.765387e+00
1.503303e-01 2.697529e+00 -1.350561e-01 3.765387e+00 1.503303e-01 2.697529e+00 -2.048224e-01 3.714650e+00
1.503303e-01 2.697529e+00 -2.048224e-01 3.714650e+00 1.503303e-01 2.697529e+00 -2.763757e-01 3.654552e+00
1.503303e-01 2.697529e+00 -2.763757e-01 3.654552e+00 1.503303e-01 2.697529e+00 -3.494263e-01 3.583938e+00
1.503303e-01 2.697529e+00 -3.494263e-01 3.583938e+00 1.503303e-01 2.697529e+00 -4.233834e-01 3.501719e+00
1.503303e-01 2.697529e+00 -4.233834e-01 3.501719e+00 1.503303e-01 2.697529e+00 -4.971917e-01 3.407161e+00
1.503303e-01 2.697529e+00 -4.971917e-01 3.407161e+00 1.503303e-01 2.697529e+00 -5.691708e-01 3.300363e+00
1.503303e-01 2.697529e+00 -5.691708e-01 3.300363e+00 1.503303e-01 2.697529e+00 -6.369925e-01 3.182829e+00
1.503303e-01 2.697529e+00 -6.369925e-01 3.182829e+00 1.503303e-01 2.697529e+00 -6.979809e-01 3.057766e+00
1.503303e-01 2.697529e+00 -6.979809e-01 3.057766e+00 1.503303e-01 2.697529e+00 -7.497639e-01 2.929649e+00
1.503303e-01 2.697529e+00 -7.497639e-01 2.929649e+00 1.503303e-01 2.697529e+00 -7.909336e-01 2.803069e+00
1.503303e-01 2.697529e+00 -7.909336e-01 2.803069e+00 1.503303e-01 2.697529e+00 -8.212690e-01 2.681613e+00
1.503303e-01 2.697529e+00 -8.212690e-01 2.681613e+00 1.503303e-01 2.697529e+00 -8.414629e-01 2.567403e+00
1.503303e-01 2.697529e+00 -8.414629e-01 2.567403e+00 1.503303e-01 2.697529e+00 -8.526679e-01 2.461299e+00
1.503303e-01 2.697529e+00 -8.526679e-01 2.461299e+00 1.503303e-01 2.697529e+00 -8.561369e-01 2.363335e+00
