-7.110000e-01 2.280000e+00 -6.387433e-01 2.502561e+00 -7.160000e-01 2.285000e+00 -6.378173e-01 2.505470e+00
-7.110000e-01 2.280000e+00 -6.387433e-01 2.502561e+00 -7.010000e-01 2.280000e+00 -6.377924e-01 2.505422e+00
-7.010000e-01 2.280000e+00 -6.377924e-01 2.505422e+00 -6.910000e-01 2.280000e+00 -6.370994e-01 2.508025e+00
-6.910000e-01 2.280000e+00 -6.370994e-01 2.508025e+00 -6.810000e-01 2.280000e+00 -6.366325e-01 2.510341e+00
-6.810000e-01 2.280000e+00 -6.366325e-01 2.510341e+00 -6.710000e-01 2.280000e+00 -6.363555e-01 2.512349e+00
-6.710000e-01 2.280000e+00 -6.363555e-01 2.512349e+00 -6.610000e-01 2.280000e+00 -6.362280e-01 2.514026e+00
-6.610000e-01 2.280000e+00 -6.362280e-01 2.514026e+00 -6.510000e-01 2.280000e+00 -6.362066e-01 2.515356e+00
-6.510000e-01 2.280000e+00 -6.362066e-01 2.515356e+00 -6.410000e-01 2.280000e+00 -6.362455e-01 2.516328e+00
-6.410000e-01 2.280000e+00 -6.362455e-01 2.516328e+00 -6.310000e-01 2.280000e+00 -6.362977e-01 2.516933e+00
-6.310000e-01 2.280000e+00 -6.362977e-01 2.516933e+00 -6.210000e-01 2.280000e+00 -6.363163e-01 2.517169e+00
-6.210000e-01 2.280000e+00 -6.363163e-01 2.517169e+00 -6.110000e-01 2.280000e+00 -6.362551e-01 2.517041e+00
-6.110000e-01 2.280000e+00 -6.362551e-01 2.517041e+00 -6.060000e-01 2.285000e+00 -6.364051e-01 2.521784e+00
-7.310000e-01 2.290000e+00 -6.380385e-01 2.504731e+00 -7.360000e-01 2.295000e+00 -6.370624e-01 2.507088e+00
-7.310000e-01 2.290000e+00 -6.380385e-01 2.504731e+00 -7.210000e-01 2.290000e+00 -6.366837e-01 2.508224e+00
-7.160000e-01 2.285000e+00 -6.378173e-01 2.505470e+00 -7.210000e-01 2.290000e+00 -6.366837e-01 2.508224e+00
-6.060000e-01 2.285000e+00 -6.364051e-01 2.521784e+00 -6.010000e-01 2.290000e+00 -6.367559e-01 2.526507e+00
-6.010000e-01 2.290000e+00 -6.367559e-01 2.526507e+00 -5.910000e-01 2.290000e+00 -6.367554e-01 2.525614e+00
-5.910000e-01 2.290000e+00 -6.367554e-01 2.525614e+00 -5.810000e-01 2.290000e+00 -6.365331e-01 2.524369e+00
-5.810000e-01 2.290000e+00 -6.365331e-01 2.524369e+00 -5.760000e-01 2.295000e+00 -6.370780e-01 2.528451e+00
-7.510000e-01 2.300000e+00 -6.378542e-01 2.505242e+00 -7.560000e-01 2.305000e+00 -6.369745e-01 2.507077e+00
-7.510000e-01 2.300000e+00 -6.378542e-01 2.505242e+00 -7.410000e-01 2.300000e+00 -6.359019e-01 2.509257e+00
-7.360000e-01 2.295000e+00 -6.370624e-01 2.507088e+00 -7.410000e-01 2.300000e+00 -6.359019e-01 2.509257e+00
-5.760000e-01 2.295000e+00 -6.370780e-01 2.528451e+00 -5.710000e-01 2.300000e+00 -6.378447e-01 2.532459e+00
-5.710000e-01 2.300000e+00 -6.378447e-01 2.532459e+00 -5.610000e-01 2.300000e+00 -6.373724e-01 2.530446e+00
-5.610000e-01 2.300000e+00 -6.373724e-01 2.530446e+00 -5.560000e-01 2.305000e+00 -6.381128e-01 2.534005e+00
-7.610000e-01 2.310000e+00 -6.359479e-01 2.508699e+00 -7.660000e-01 2.315000e+00 -6.351069e-01 2.510185e+00
-7.560000e-01 2.305000e+00 -6.369745e-01 2.507077e+00 -7.610000e-01 2.310000e+00 -6.359479e-01 2.508699e+00
-5.560000e-01 2.305000e+00 -6.381128e-01 2.534005e+00 -5.510000e-01 2.310000e+00 -6.390765e-01 2.537447e+00
-5.510000e-01 2.310000e+00 -6.390765e-01 2.537447e+00 -5.460000e-01 2.315000e+00 -6.399733e-01 2.540665e+00
-7.710000e-01 2.320000e+00 -6.341433e-01 2.511444e+00 -7.760000e-01 2.325000e+00 -6.333983e-01 2.512595e+00
-7.660000e-01 2.315000e+00 -6.351069e-01 2.510185e+00 -7.710000e-01 2.320000e+00 -6.341433e-01 2.511444e+00
-5.460000e-01 2.315000e+00 -6.399733e-01 2.540665e+00 -5.410000e-01 2.320000e+00 -6.410948e-01 2.543735e+00
-5.410000e-01 2.320000e+00 -6.410948e-01 2.543735e+00 -5.310000e-01 2.320000e+00 -6.399540e-01 2.540565e+00
-5.310000e-01 2.320000e+00 -6.399540e-01 2.540565e+00 -5.260000e-01 2.325000e+00 -6.408331e-01 2.543208e+00
-7.810000e-01 2.330000e+00 -6.325601e-01 2.513508e+00 -7.860000e-01 2.335000e+00 -6.319686e-01 2.514344e+00
-7.760000e-01 2.325000e+00 -6.333983e-01 2.512595e+00 -7.810000e-01 2.330000e+00 -6.325601e-01 2.513508e+00
-5.260000e-01 2.325000e+00 -6.408331e-01 2.543208e+00 -5.210000e-01 2.330000e+00 -6.419106e-01 2.545663e+00
-5.210000e-01 2.330000e+00 -6.419106e-01 2.545663e+00 -5.160000e-01 2.335000e+00 -6.428139e-01 2.547927e+00
-7.910000e-01 2.340000e+00 -6.313171e-01 2.514938e+00 -7.960000e-01 2.345000e+00 -6.309341e-01 2.515489e+00
-7.860000e-01 2.335000e+00 -6.319686e-01 2.514344e+00 -7.910000e-01 2.340000e+00 -6.313171e-01 2.514938e+00
-5.160000e-01 2.335000e+00 -6.428139e-01 2.547927e+00 -5.110000e-01 2.340000e+00 -6.438990e-01 2.549974e+00
-5.110000e-01 2.340000e+00 -6.438990e-01 2.549974e+00 -5.060000e-01 2.345000e+00 -6.447698e-01 2.551851e+00
-8.010000e-01 2.350000e+00 -6.305267e-01 2.515801e+00 -8.060000e-01 2.355000e+00 -6.304020e-01 2.516107e+00
-7.960000e-01 2.345000e+00 -6.309341e-01 2.515489e+00 -8.010000e-01 2.350000e+00 -6.305267e-01 2.515801e+00
-5.060000e-01 2.345000e+00 -6.447698e-01 2.551851e+00 -5.010000e-01 2.350000e+00 -6.457985e-01 2.553486e+00
-5.010000e-01 2.350000e+00 -6.457985e-01 2.553486e+00 -4.960000e-01 2.355000e+00 -6.465759e-01 2.554978e+00
-8.060000e-01 2.355000e+00 -6.304020e-01 2.516107e+00 -8.060000e-01 2.365000e+00 -6.253844e-01 2.521273e+00
-4.960000e-01 2.355000e+00 -6.465759e-01 2.554978e+00 -4.910000e-01 2.360000e+00 -6.474803e-01 2.556208e+00
-4.910000e-01 2.360000e+00 -6.474803e-01 2.556208e+00 -4.860000e-01 2.365000e+00 -6.481017e-01 2.557328e+00
-8.110000e-01 2.370000e+00 -6.253026e-01 2.521111e+00 -8.160000e-01 2.375000e+00 -6.255257e-01 2.520999e+00
-8.060000e-01 2.365000e+00 -6.253844e-01 2.521273e+00 -8.110000e-01 2.370000e+00 -6.253026e-01 2.521111e+00
-4.860000e-01 2.365000e+00 -6.481017e-01 2.557328e+00 -4.810000e-01 2.370000e+00 -6.488133e-01 2.558171e+00
-4.810000e-01 2.370000e+00 -6.488133e-01 2.558171e+00 -4.760000e-01 2.375000e+00 -6.492173e-01 2.558944e+00
-8.160000e-01 2.375000e+00 -6.255257e-01 2.520999e+00 -8.160000e-01 2.385000e+00 -6.205245e-01 2.525338e+00
-4.760000e-01 2.375000e+00 -6.492173e-01 2.558944e+00 -4.710000e-01 2.380000e+00 -6.496704e-01 2.559433e+00
-4.710000e-01 2.380000e+00 -6.496704e-01 2.559433e+00 -4.660000e-01 2.385000e+00 -6.498001e-01 2.559894e+00
-8.210000e-01 2.390000e+00 -6.209060e-01 2.524791e+00 -8.260000e-01 2.395000e+00 -6.215965e-01 2.524352e+00
-8.160000e-01 2.385000e+00 -6.205245e-01 2.525338e+00 -8.210000e-01 2.390000e+00 -6.209060e-01 2.524791e+00
-4.660000e-01 2.385000e+00 -6.498001e-01 2.559894e+00 -4.660000e-01 2.395000e+00 -6.547736e-01 2.565224e+00
-8.260000e-01 2.395000e+00 -6.215965e-01 2.524352e+00 -8.260000e-01 2.405000e+00 -6.167944e-01 2.527897e+00
-4.660000e-01 2.395000e+00 -6.547736e-01 2.565224e+00 -4.610000e-01 2.400000e+00 -6.548920e-01 2.565105e+00
-4.610000e-01 2.400000e+00 -6.548920e-01 2.565105e+00 -4.560000e-01 2.405000e+00 -6.546599e-01 2.565027e+00
-8.310000e-01 2.410000e+00 -6.177557e-01 2.527090e+00 -8.360000e-01 2.415000e+00 -6.190102e-01 2.526444e+00
-8.260000e-01 2.405000e+00 -6.167944e-01 2.527897e+00 -8.310000e-01 2.410000e+00 -6.177557e-01 2.527090e+00
-4.560000e-01 2.405000e+00 -6.546599e-01 2.565027e+00 -4.510000e-01 2.410000e+00 -6.543642e-01 2.564668e+00
-4.510000e-01 2.410000e+00 -6.543642e-01 2.564668e+00 -4.460000e-01 2.415000e+00 -6.537271e-01 2.564394e+00
-8.360000e-01 2.415000e+00 -6.190102e-01 2.526444e+00 -8.360000e-01 2.425000e+00 -6.145897e-01 2.529281e+00
-4.460000e-01 2.415000e+00 -6.537271e-01 2.564394e+00 -4.460000e-01 2.425000e+00 -6.585391e-01 2.568141e+00
-8.360000e-01 2.425000e+00 -6.145897e-01 2.529281e+00 -8.360000e-01 2.435000e+00 -6.102867e-01 2.531744e+00
-4.460000e-01 2.425000e+00 -6.585391e-01 2.568141e+00 -4.410000e-01 2.430000e+00 -6.576591e-01 2.567356e+00
-4.410000e-01 2.430000e+00 -6.576591e-01 2.567356e+00 -4.360000e-01 2.435000e+00 -6.564501e-01 2.566725e+00
-8.360000e-01 2.435000e+00 -6.102867e-01 2.531744e+00 -8.360000e-01 2.445000e+00 -6.061372e-01 2.533836e+00
-4.360000e-01 2.435000e+00 -6.564501e-01 2.566725e+00 -4.360000e-01 2.445000e+00 -6.609224e-01 2.569498e+00
-8.360000e-01 2.445000e+00 -6.061372e-01 2.533836e+00 -8.360000e-01 2.455000e+00 -6.021791e-01 2.535564e+00
-4.360000e-01 2.445000e+00 -6.609224e-01 2.569498e+00 -4.310000e-01 2.450000e+00 -6.593382e-01 2.568446e+00
-4.310000e-01 2.450000e+00 -6.593382e-01 2.568446e+00 -4.260000e-01 2.455000e+00 -6.574621e-01 2.567610e+00
-8.410000e-01 2.460000e+00 -6.045095e-01 2.534393e+00 -8.460000e-01 2.465000e+00 -6.070641e-01 2.533478e+00
-8.360000e-01 2.455000e+00 -6.021791e-01 2.535564e+00 -8.410000e-01 2.460000e+00 -6.045095e-01 2.534393e+00
-4.260000e-01 2.455000e+00 -6.574621e-01 2.567610e+00 -4.260000e-01 2.465000e+00 -6.613700e-01 2.569526e+00
-8.460000e-01 2.465000e+00 -6.070641e-01 2.533478e+00 -8.460000e-01 2.475000e+00 -6.038650e-01 2.534809e+00
-4.260000e-01 2.465000e+00 -6.613700e-01 2.569526e+00 -4.210000e-01 2.470000e+00 -6.590163e-01 2.568401e+00
-4.210000e-01 2.470000e+00 -6.590163e-01 2.568401e+00 -4.160000e-01 2.475000e+00 -6.564272e-01 2.567532e+00
-8.460000e-01 2.475000e+00 -6.038650e-01 2.534809e+00 -8.460000e-01 2.485000e+00 -6.009613e-01 2.535871e+00
-4.160000e-01 2.475000e+00 -6.564272e-01 2.567532e+00 -4.160000e-01 2.485000e+00 -6.595885e-01 2.568784e+00
-8.460000e-01 2.485000e+00 -6.009613e-01 2.535871e+00 -8.460000e-01 2.495000e+00 -5.983851e-01 2.536693e+00
-4.160000e-01 2.485000e+00 -6.595885e-01 2.568784e+00 -4.160000e-01 2.495000e+00 -6.624466e-01 2.569631e+00
-8.460000e-01 2.495000e+00 -5.983851e-01 2.536693e+00 -8.460000e-01 2.505000e+00 -5.961658e-01 2.537310e+00
-4.160000e-01 2.495000e+00 -6.624466e-01 2.569631e+00 -4.110000e-01 2.500000e+00 -6.590324e-01 2.568612e+00
-4.110000e-01 2.500000e+00 -6.590324e-01 2.568612e+00 -4.060000e-01 2.505000e+00 -6.554726e-01 2.567877e+00
-8.460000e-01 2.505000e+00 -5.961658e-01 2.537310e+00 -8.460000e-01 2.515000e+00 -5.943294e-01 2.537762e+00
-4.060000e-01 2.505000e+00 -6.554726e-01 2.567877e+00 -4.060000e-01 2.515000e+00 -6.574064e-01 2.568394e+00
-8.460000e-01 2.515000e+00 -5.943294e-01 2.537762e+00 -8.460000e-01 2.525000e+00 -5.928968e-01 2.538093e+00
-4.060000e-01 2.515000e+00 -6.574064e-01 2.568394e+00 -4.060000e-01 2.525000e+00 -6.589386e-01 2.568639e+00
-8.460000e-01 2.525000e+00 -5.928968e-01 2.538093e+00 -8.460000e-01 2.535000e+00 -5.918836e-01 2.538349e+00
-4.060000e-01 2.525000e+00 -6.589386e-01 2.568639e+00 -4.060000e-01 2.535000e+00 -6.600387e-01 2.568657e+00
-8.460000e-01 2.535000e+00 -5.918836e-01 2.538349e+00 -8.410000e-01 2.540000e+00 -5.866114e-01 2.538756e+00
-8.410000e-01 2.540000e+00 -5.866114e-01 2.538756e+00 -8.360000e-01 2.545000e+00 -5.813144e-01 2.538965e+00
-4.060000e-01 2.535000e+00 -6.600387e-01 2.568657e+00 -4.010000e-01 2.540000e+00 -6.553836e-01 2.568257e+00
-4.010000e-01 2.540000e+00 -6.553836e-01 2.568257e+00 -3.960000e-01 2.545000e+00 -6.506977e-01 2.568107e+00
-8.360000e-01 2.545000e+00 -5.813144e-01 2.538965e+00 -8.360000e-01 2.555000e+00 -5.811478e-01 2.538768e+00
-3.960000e-01 2.545000e+00 -6.506977e-01 2.568107e+00 -3.960000e-01 2.555000e+00 -6.508525e-01 2.568282e+00
-8.360000e-01 2.555000e+00 -5.811478e-01 2.538768e+00 -8.360000e-01 2.565000e+00 -5.814502e-01 2.538652e+00
-3.960000e-01 2.555000e+00 -6.508525e-01 2.568282e+00 -3.960000e-01 2.565000e+00 -6.505659e-01 2.568397e+00
-8.360000e-01 2.565000e+00 -5.814502e-01 2.538652e+00 -8.360000e-01 2.575000e+00 -5.822100e-01 2.538671e+00
-3.960000e-01 2.565000e+00 -6.505659e-01 2.568397e+00 -3.960000e-01 2.575000e+00 -6.498362e-01 2.568504e+00
-8.360000e-01 2.575000e+00 -5.822100e-01 2.538671e+00 -8.360000e-01 2.585000e+00 -5.834083e-01 2.538876e+00
-3.960000e-01 2.575000e+00 -6.498362e-01 2.568504e+00 -3.960000e-01 2.585000e+00 -6.486687e-01 2.568652e+00
-8.360000e-01 2.585000e+00 -5.834083e-01 2.538876e+00 -8.310000e-01 2.590000e+00 -5.793521e-01 2.538291e+00
-8.310000e-01 2.590000e+00 -5.793521e-01 2.538291e+00 -8.260000e-01 2.595000e+00 -5.753919e-01 2.537423e+00
-3.960000e-01 2.585000e+00 -6.486687e-01 2.568652e+00 -3.960000e-01 2.595000e+00 -6.470755e-01 2.568894e+00
-8.260000e-01 2.595000e+00 -5.753919e-01 2.537423e+00 -8.260000e-01 2.605000e+00 -5.775694e-01 2.537755e+00
-3.960000e-01 2.595000e+00 -6.470755e-01 2.568894e+00 -3.960000e-01 2.605000e+00 -6.450748e-01 2.569277e+00
-8.260000e-01 2.605000e+00 -5.775694e-01 2.537755e+00 -8.260000e-01 2.615000e+00 -5.801206e-01 2.538432e+00
-3.960000e-01 2.605000e+00 -6.450748e-01 2.569277e+00 -3.960000e-01 2.615000e+00 -6.426905e-01 2.569844e+00
-8.260000e-01 2.615000e+00 -5.801206e-01 2.538432e+00 -8.260000e-01 2.625000e+00 -5.830022e-01 2.539487e+00
-3.960000e-01 2.615000e+00 -6.426905e-01 2.569844e+00 -3.960000e-01 2.625000e+00 -6.399507e-01 2.570636e+00
-8.260000e-01 2.625000e+00 -5.830022e-01 2.539487e+00 -8.210000e-01 2.630000e+00 -5.801735e-01 2.538632e+00
-8.210000e-01 2.630000e+00 -5.801735e-01 2.538632e+00 -8.160000e-01 2.635000e+00 -5.775592e-01 2.537511e+00
-3.960000e-01 2.625000e+00 -6.399507e-01 2.570636e+00 -3.960000e-01 2.635000e+00 -6.368873e-01 2.571686e+00
-8.160000e-01 2.635000e+00 -5.775592e-01 2.537511e+00 -8.160000e-01 2.645000e+00 -5.812392e-01 2.539154e+00
-3.960000e-01 2.635000e+00 -6.368873e-01 2.571686e+00 -3.960000e-01 2.645000e+00 -6.335348e-01 2.573023e+00
-8.160000e-01 2.645000e+00 -5.812392e-01 2.539154e+00 -8.110000e-01 2.650000e+00 -5.791301e-01 2.538272e+00
-8.110000e-01 2.650000e+00 -5.791301e-01 2.538272e+00 -8.060000e-01 2.655000e+00 -5.772969e-01 2.537157e+00
-3.960000e-01 2.645000e+00 -6.335348e-01 2.573023e+00 -3.960000e-01 2.655000e+00 -6.299287e-01 2.574671e+00
-8.060000e-01 2.655000e+00 -5.772969e-01 2.537157e+00 -8.060000e-01 2.665000e+00 -5.816129e-01 2.539602e+00
-3.960000e-01 2.655000e+00 -6.299287e-01 2.574671e+00 -3.960000e-01 2.665000e+00 -6.261052e-01 2.576647e+00
-8.060000e-01 2.665000e+00 -5.816129e-01 2.539602e+00 -8.010000e-01 2.670000e+00 -5.801961e-01 2.538869e+00
-8.010000e-01 2.670000e+00 -5.801961e-01 2.538869e+00 -7.960000e-01 2.675000e+00 -5.791000e-01 2.537958e+00
-4.010000e-01 2.670000e+00 -6.280592e-01 2.575805e+00 -4.060000e-01 2.675000e+00 -6.297512e-01 2.574744e+00
-3.960000e-01 2.665000e+00 -6.261052e-01 2.576647e+00 -4.010000e-01 2.670000e+00 -6.280592e-01 2.575805e+00
-7.960000e-01 2.675000e+00 -5.791000e-01 2.537958e+00 -7.960000e-01 2.685000e+00 -5.838364e-01 2.541352e+00
-4.060000e-01 2.675000e+00 -6.297512e-01 2.574744e+00 -4.060000e-01 2.685000e+00 -6.253297e-01 2.577282e+00
-7.960000e-01 2.685000e+00 -5.838364e-01 2.541352e+00 -7.910000e-01 2.690000e+00 -5.830313e-01 2.540930e+00
-7.910000e-01 2.690000e+00 -5.830313e-01 2.540930e+00 -7.860000e-01 2.695000e+00 -5.825681e-01 2.540399e+00
-4.060000e-01 2.685000e+00 -6.253297e-01 2.577282e+00 -4.060000e-01 2.695000e+00 -6.208041e-01 2.580203e+00
-7.860000e-01 2.695000e+00 -5.825681e-01 2.540399e+00 -7.810000e-01 2.700000e+00 -5.821933e-01 2.540144e+00
-7.810000e-01 2.700000e+00 -5.821933e-01 2.540144e+00 -7.760000e-01 2.705000e+00 -5.821752e-01 2.539824e+00
-4.110000e-01 2.700000e+00 -6.219299e-01 2.579557e+00 -4.160000e-01 2.705000e+00 -6.227551e-01 2.578758e+00
-4.060000e-01 2.695000e+00 -6.208041e-01 2.580203e+00 -4.110000e-01 2.700000e+00 -6.219299e-01 2.579557e+00
-7.760000e-01 2.705000e+00 -5.821752e-01 2.539824e+00 -7.760000e-01 2.715000e+00 -5.871984e-01 2.544802e+00
-4.160000e-01 2.705000e+00 -6.227551e-01 2.578758e+00 -4.160000e-01 2.715000e+00 -6.178770e-01 2.582414e+00
-7.760000e-01 2.715000e+00 -5.871984e-01 2.544802e+00 -7.710000e-01 2.720000e+00 -5.872385e-01 2.545065e+00
-7.710000e-01 2.720000e+00 -5.872385e-01 2.545065e+00 -7.660000e-01 2.725000e+00 -5.876148e-01 2.545336e+00
-4.160000e-01 2.715000e+00 -6.178770e-01 2.582414e+00 -4.160000e-01 2.725000e+00 -6.130049e-01 2.586458e+00
-7.660000e-01 2.725000e+00 -5.876148e-01 2.545336e+00 -7.610000e-01 2.730000e+00 -5.879621e-01 2.545898e+00
-7.610000e-01 2.730000e+00 -5.879621e-01 2.545898e+00 -7.560000e-01 2.735000e+00 -5.886339e-01 2.546512e+00
-4.210000e-01 2.730000e+00 -6.134855e-01 2.586246e+00 -4.260000e-01 2.735000e+00 -6.136645e-01 2.585960e+00
-4.160000e-01 2.725000e+00 -6.130049e-01 2.586458e+00 -4.210000e-01 2.730000e+00 -6.134855e-01 2.586246e+00
-7.560000e-01 2.735000e+00 -5.886339e-01 2.546512e+00 -7.510000e-01 2.740000e+00 -5.892325e-01 2.547414e+00
-7.510000e-01 2.740000e+00 -5.892325e-01 2.547414e+00 -7.460000e-01 2.745000e+00 -5.901342e-01 2.548411e+00
-4.260000e-01 2.735000e+00 -6.136645e-01 2.585960e+00 -4.260000e-01 2.745000e+00 -6.086953e-01 2.590803e+00
-7.460000e-01 2.745000e+00 -5.901342e-01 2.548411e+00 -7.410000e-01 2.750000e+00 -5.909221e-01 2.549685e+00
-7.410000e-01 2.750000e+00 -5.909221e-01 2.549685e+00 -7.360000e-01 2.755000e+00 -5.919833e-01 2.551092e+00
-4.310000e-01 2.750000e+00 -6.087801e-01 2.590961e+00 -4.360000e-01 2.755000e+00 -6.085769e-01 2.591101e+00
-4.260000e-01 2.745000e+00 -6.086953e-01 2.590803e+00 -4.310000e-01 2.750000e+00 -6.087801e-01 2.590961e+00
-7.360000e-01 2.755000e+00 -5.919833e-01 2.551092e+00 -7.310000e-01 2.760000e+00 -5.928956e-01 2.552756e+00
-7.310000e-01 2.760000e+00 -5.928956e-01 2.552756e+00 -7.260000e-01 2.765000e+00 -5.940450e-01 2.554584e+00
-4.410000e-01 2.760000e+00 -6.083725e-01 2.591474e+00 -4.460000e-01 2.765000e+00 -6.078888e-01 2.591865e+00
-4.360000e-01 2.755000e+00 -6.085769e-01 2.591101e+00 -4.410000e-01 2.760000e+00 -6.083725e-01 2.591474e+00
-7.260000e-01 2.765000e+00 -5.940450e-01 2.554584e+00 -7.210000e-01 2.770000e+00 -5.950174e-01 2.556646e+00
-7.210000e-01 2.770000e+00 -5.950174e-01 2.556646e+00 -7.160000e-01 2.775000e+00 -5.961862e-01 2.558895e+00
-4.510000e-01 2.770000e+00 -6.074400e-01 2.592496e+00 -4.560000e-01 2.775000e+00 -6.067285e-01 2.593181e+00
-4.460000e-01 2.765000e+00 -6.078888e-01 2.591865e+00 -4.510000e-01 2.770000e+00 -6.074400e-01 2.592496e+00
-7.160000e-01 2.775000e+00 -5.961862e-01 2.558895e+00 -7.110000e-01 2.780000e+00 -5.971576e-01 2.561351e+00
-7.110000e-01 2.780000e+00 -5.971576e-01 2.561351e+00 -7.060000e-01 2.785000e+00 -5.982828e-01 2.564011e+00
-4.610000e-01 2.780000e+00 -6.060869e-01 2.594106e+00 -4.660000e-01 2.785000e+00 -6.052063e-01 2.595118e+00
-4.560000e-01 2.775000e+00 -6.067285e-01 2.593181e+00 -4.610000e-01 2.780000e+00 -6.060869e-01 2.594106e+00
-7.060000e-01 2.785000e+00 -5.982828e-01 2.564011e+00 -7.010000e-01 2.790000e+00 -5.991977e-01 2.566847e+00
-7.010000e-01 2.790000e+00 -5.991977e-01 2.566847e+00 -6.960000e-01 2.795000e+00 -6.002240e-01 2.569897e+00
-4.710000e-01 2.790000e+00 -6.044279e-01 2.596366e+00 -4.760000e-01 2.795000e+00 -6.034402e-01 2.597730e+00
-4.660000e-01 2.785000e+00 -6.052063e-01 2.595118e+00 -4.710000e-01 2.790000e+00 -6.044279e-01 2.596366e+00
-6.960000e-01 2.795000e+00 -6.002240e-01 2.569897e+00 -6.910000e-01 2.800000e+00 -6.010341e-01 2.573093e+00
-6.910000e-01 2.800000e+00 -6.010341e-01 2.573093e+00 -6.810000e-01 2.800000e+00 -6.003013e-01 2.570594e+00
-6.810000e-01 2.800000e+00 -6.003013e-01 2.570594e+00 -6.760000e-01 2.805000e+00 -6.012252e-01 2.574235e+00
-4.810000e-01 2.800000e+00 -6.025827e-01 2.599317e+00 -4.860000e-01 2.805000e+00 -6.015499e-01 2.601047e+00
-4.760000e-01 2.795000e+00 -6.034402e-01 2.597730e+00 -4.810000e-01 2.800000e+00 -6.025827e-01 2.599317e+00
-6.760000e-01 2.805000e+00 -6.012252e-01 2.574235e+00 -6.710000e-01 2.810000e+00 -6.019234e-01 2.577979e+00
-6.710000e-01 2.810000e+00 -6.019234e-01 2.577979e+00 -6.610000e-01 2.810000e+00 -6.015843e-01 2.576229e+00
-6.610000e-01 2.810000e+00 -6.015843e-01 2.576229e+00 -6.560000e-01 2.815000e+00 -6.022633e-01 2.580420e+00
-5.010000e-01 2.810000e+00 -6.025442e-01 2.599069e+00 -5.060000e-01 2.815000e+00 -6.014062e-01 2.601350e+00
-5.010000e-01 2.810000e+00 -6.025442e-01 2.599069e+00 -4.910000e-01 2.810000e+00 -6.006701e-01 2.602984e+00
-4.860000e-01 2.805000e+00 -6.015499e-01 2.601047e+00 -4.910000e-01 2.810000e+00 -6.006701e-01 2.602984e+00
-6.560000e-01 2.815000e+00 -6.022633e-01 2.580420e+00 -6.510000e-01 2.820000e+00 -6.027237e-01 2.584672e+00
-6.510000e-01 2.820000e+00 -6.027237e-01 2.584672e+00 -6.410000e-01 2.820000e+00 -6.025591e-01 2.583695e+00
-6.410000e-01 2.820000e+00 -6.025591e-01 2.583695e+00 -6.310000e-01 2.820000e+00 -6.025822e-01 2.583077e+00
-6.310000e-01 2.820000e+00 -6.025822e-01 2.583077e+00 -6.260000e-01 2.825000e+00 -6.027886e-01 2.587949e+00
-5.210000e-01 2.820000e+00 -6.017689e-01 2.600437e+00 -5.260000e-01 2.825000e+00 -6.006844e-01 2.603299e+00
-5.210000e-01 2.820000e+00 -6.017689e-01 2.600437e+00 -5.110000e-01 2.820000e+00 -6.004559e-01 2.603813e+00
-5.060000e-01 2.815000e+00 -6.014062e-01 2.601350e+00 -5.110000e-01 2.820000e+00 -6.004559e-01 2.603813e+00
-6.260000e-01 2.825000e+00 -6.027886e-01 2.587949e+00 -6.210000e-01 2.830000e+00 -6.028037e-01 2.592830e+00
-6.210000e-01 2.830000e+00 -6.028037e-01 2.592830e+00 -6.110000e-01 2.830000e+00 -6.026969e-01 2.592958e+00
-6.110000e-01 2.830000e+00 -6.026969e-01 2.592958e+00 -6.010000e-01 2.830000e+00 -6.026368e-01 2.593445e+00
-6.010000e-01 2.830000e+00 -6.026368e-01 2.593445e+00 -5.910000e-01 2.830000e+00 -6.025779e-01 2.594292e+00
-5.910000e-01 2.830000e+00 -6.025779e-01 2.594292e+00 -5.810000e-01 2.830000e+00 -6.024746e-01 2.595494e+00
-5.810000e-01 2.830000e+00 -6.024746e-01 2.595494e+00 -5.710000e-01 2.830000e+00 -6.022822e-01 2.597039e+00
-5.710000e-01 2.830000e+00 -6.022822e-01 2.597039e+00 -5.610000e-01 2.830000e+00 -6.019577e-01 2.598914e+00
-5.610000e-01 2.830000e+00 -6.019577e-01 2.598914e+00 -5.510000e-01 2.830000e+00 -6.014608e-01 2.601099e+00
-5.510000e-01 2.830000e+00 -6.014608e-01 2.601099e+00 -5.410000e-01 2.830000e+00 -6.007551e-01 2.603573e+00
-5.410000e-01 2.830000e+00 -6.007551e-01 2.603573e+00 -5.310000e-01 2.830000e+00 -5.998079e-01 2.606309e+00
-5.260000e-01 2.825000e+00 -6.006844e-01 2.603299e+00 -5.310000e-01 2.830000e+00 -5.998079e-01 2.606309e+00
-6.195485e-01 2.553527e+00 -8.694058e-01 2.568261e+00 -6.195485e-01 2.553527e+00 -8.688775e-01 2.553164e+00
-6.195485e-01 2.553527e+00 -8.688775e-01 2.553164e+00 -6.195485e-01 2.553527e+00 -8.672767e-01 2.537945e+00
-6.195485e-01 2.553527e+00 -8.672767e-01 2.537945e+00 -6.195485e-01 2.553527e+00 -8.645785e-01 2.522651e+00
-6.195485e-01 2.553527e+00 -8.645785e-01 2.522651e+00 -6.195485e-01 2.553527e+00 -8.607577e-01 2.507333e+00
-6.195485e-01 2.553527e+00 -8.607577e-01 2.507333e+00 -6.195485e-01 2.553527e+00 -8.557899e-01 2.492049e+00
-6.195485e-01 2.553527e+00 -8.557899e-01 2.492049e+00 -6.195485e-01 2.553527e+00 -8.496519e-01 2.476862e+00
-6.195485e-01 2.553527e+00 -8.496519e-01 2.476862e+00 -6.195485e-01 2.553527e+00 -8.423243e-01 2.461843e+00
-6.195485e-01 2.553527e+00 -8.423243e-01 2.461843e+00 -6.195485e-01 2.553527e+00 -8.337925e-01 2.447070e+00
-6.195485e-01 2.553527e+00 -8.337925e-01 2.447070e+00 -6.195485e-01 2.553527e+00 -8.240497e-01 2.432629e+00
-6.195485e-01 2.553527e+00 -8.240497e-01 2.432629e+00 -6.195485e-01 2.553527e+00 -8.130991e-01 2.418616e+00
-6.195485e-01 2.553527e+00 -8.130991e-01 2.418616e+00 -6.195485e-01 2.553527e+00 -8.009574e-01 2.405135e+00
-6.195485e-01 2.553527e+00 -8.009574e-01 2.405135e+00 -6.195485e-01 2.553527e+00 -7.876574e-01 2.392294e+00
-6.195485e-01 2.553527e+00 -7.876574e-01 2.392294e+00 -6.195485e-01 2.553527e+00 -7.732510e-01 2.380208e+00
-6.195485e-01 2.553527e+00 -7.732510e-01 2.380208e+00 -6.195485e-01 2.553527e+00 -7.578111e-01 2.368992e+00
-6.195485e-01 2.553527e+00 -7.578111e-01 2.368992e+00 -6.195485e-01 2.553527e+00 -7.414331e-01 2.358759e+00
-6.195485e-01 2.553527e+00 -7.414331e-01 2.358759e+00 -6.195485e-01 2.553527e+00 -7.242338e-01 2.349615e+00
-6.195485e-01 2.553527e+00 -7.242338e-01 2.349615e+00 -6.195485e-01 2.553527e+00 -7.063493e-01 2.341652e+00
-6.195485e-01 2.553527e+00 -7.063493e-01 2.341652e+00 -6.195485e-01 2.553527e+00 -6.879313e-01 2.334949e+00
-6.195485e-01 2.553527e+00 -6.879313e-01 2.334949e+00 -6.195485e-01 2.553527e+00 -6.691411e-01 2.329560e+00
-6.195485e-01 2.553527e+00 -6.691411e-01 2.329560e+00 -6.195485e-01 2.553527e+00 -6.501435e-01 2.325521e+00
-6.195485e-01 2.553527e+00 -6.501435e-01 2.325521e+00 -6.195485e-01 2.553527e+00 -6.311006e-01 2.322844e+00
-6.195485e-01 2.553527e+00 -6.311006e-01 2.322844e+00 -6.195485e-01 2.553527e+00 -6.121658e-01 2.321518e+00
-6.195485e-01 2.553527e+00 -6.121658e-01 2.321518e+00 -6.195485e-01 2.553527e+00 -5.934800e-01 2.321516e+00
-6.195485e-01 2.553527e+00 -5.934800e-01 2.321516e+00 -6.195485e-01 2.553527e+00 -5.751679e-01 2.322795e+00
-6.195485e-01 2.553527e+00 -5.751679e-01 2.322795e+00 -6.195485e-01 2.553527e+00 -5.573374e-01 2.325298e+00
-6.195485e-01 2.553527e+00 -5.573374e-01 2.325298e+00 -6.195485e-01 2.553527e+00 -5.400794e-01 2.328965e+00
-6.195485e-01 2.553527e+00 -5.400794e-01 2.328965e+00 -6.195485e-01 2.553527e+00 -5.234685e-01 2.333725e+00
-6.195485e-01 2.553527e+00 -5.234685e-01 2.333725e+00 -6.195485e-01 2.553527e+00 -5.075649e-01 2.339512e+00
-6.195485e-01 2.553527e+00 -5.075649e-01 2.339512e+00 -6.195485e-01 2.553527e+00 -4.924166e-01 2.346254e+00
-6.195485e-01 2.553527e+00 -4.924166e-01 2.346254e+00 -6.195485e-01 2.553527e+00 -4.780609e-01 2.353885e+00
-6.195485e-01 2.553527e+00 -4.780609e-01 2.353885e+00 -6.195485e-01 2.553527e+00 -4.645270e-01 2.362340e+00
-6.195485e-01 2.553527e+00 -4.645270e-01 2.362340e+00 -6.195485e-01 2.553527e+00 -4.518372e-01 2.371558e+00
-6.195485e-01 2.553527e+00 -4.518372e-01 2.371558e+00 -6.195485e-01 2.553527e+00 -4.400095e-01 2.381481e+00
-6.195485e-01 2.553527e+00 -4.400095e-01 2.381481e+00 -6.195485e-01 2.553527e+00 -4.290578e-01 2.392055e+00
-6.195485e-01 2.553527e+00 -4.290578e-01 2.392055e+00 -6.195485e-01 2.553527e+00 -4.189942e-01 2.403230e+00
-6.195485e-01 2.553527e+00 -4.189942e-01 2.403230e+00 -6.195485e-01 2.553527e+00 -4.098292e-01 2.414960e+00
-6.195485e-01 2.553527e+00 -4.098292e-01 2.414960e+00 -6.195485e-01 2.553527e+00 -4.015730e-01 2.427199e+00
-6.195485e-01 2.553527e+00 -4.015730e-01 2.427199e+00 -6.195485e-01 2.553527e+00 -3.942356e-01 2.439907e+00
-6.195485e-01 2.553527e+00 -3.942356e-01 2.439907e+00 -6.195485e-01 2.553527e+00 -3.878281e-01 2.453044e+00
-6.195485e-01 2.553527e+00 -3.878281e-01 2.453044e+00 -6.195485e-01 2.553527e+00 -3.823624e-01 2.466571e+00
-6.195485e-01 2.553527e+00 -3.823624e-01 2.466571e+00 -6.195485e-01 2.553527e+00 -3.778520e-01 2.480454e+00
-6.195485e-01 2.553527e+00 -3.778520e-01 2.480454e+00 -6.195485e-01 2.553527e+00 -3.743118e-01 2.494654e+00
-6.195485e-01 2.553527e+00 -3.743118e-01 2.494654e+00 -6.195485e-01 2.553527e+00 -3.717588e-01 2.509135e+00
-6.195485e-01 2.553527e+00 -3.717588e-01 2.509135e+00 -6.195485e-01 2.553527e+00 -3.702118e-01 2.523861e+00
-6.195485e-01 2.553527e+00 -3.702118e-01 2.523861e+00 -6.195485e-01 2.553527e+00 -3.696912e-01 2.538793e+00
-6.195485e-01 2.553527e+00 -3.696912e-01 2.538793e+00 -6.195485e-01 2.553527e+00 -3.702195e-01 2.553890e+00
-6.195485e-01 2.553527e+00 -3.702195e-01 2.553890e+00 -6.195485e-01 2.553527e+00 -3.718203e-01 2.569110e+00
-6.195485e-01 2.553527e+00 -3.718203e-01 2.569110e+00 -6.195485e-01 2.553527e+00 -3.745185e-01 2.584404e+00
-6.195485e-01 2.553527e+00 -3.745185e-01 2.584404e+00 -6.195485e-01 2.553527e+00 -3.783393e-01 2.599721e+00
-6.195485e-01 2.553527e+00 -3.783393e-01 2.599721e+00 -6.195485e-01 2.553527e+00 -3.833071e-01 2.615005e+00
-6.195485e-01 2.553527e+00 -3.833071e-01 2.615005e+00 -6.195485e-01 2.553527e+00 -3.894450e-01 2.630192e+00
-6.195485e-01 2.553527e+00 -3.894450e-01 2.630192e+00 -6.195485e-01 2.553527e+00 -3.967727e-01 2.645212e+00
-6.195485e-01 2.553527e+00 -3.967727e-01 2.645212e+00 -6.195485e-01 2.553527e+00 -4.053045e-01 2.659985e+00
-6.195485e-01 2.553527e+00 -4.053045e-01 2.659985e+00 -6.195485e-01 2.553527e+00 -4.150473e-01 2.674425e+00
-6.195485e-01 2.553527e+00 -4.150473e-01 2.674425e+00 -6.195485e-01 2.553527e+00 -4.259979e-01 2.688438e+00
-6.195485e-01 2.553527e+00 -4.259979e-01 2.688438e+00 -6.195485e-01 2.553527e+00 -4.381396e-01 2.701920e+00
-6.195485e-01 2.553527e+00 -4.381396e-01 2.701920e+00 -6.195485e-01 2.553527e+00 -4.514396e-01 2.714761e+00
-6.195485e-01 2.553527e+00 -4.514396e-01 2.714761e+00 -6.195485e-01 2.553527e+00 -4.658460e-01 2.726847e+00
-6.195485e-01 2.553527e+00 -4.658460e-01 2.726847e+00 -6.195485e-01 2.553527e+00 -4.812858e-01 2.738063e+00
-6.195485e-01 2.553527e+00 -4.812858e-01 2.738063e+00 -6.195485e-01 2.553527e+00 -4.976639e-01 2.748296e+00
-6.195485e-01 2.553527e+00 -4.976639e-01 2.748296e+00 -6.195485e-01 2.553527e+00 -5.148632e-01 2.757440e+00
-6.195485e-01 2.553527e+00 -5.148632e-01 2.757440e+00 -6.195485e-01 2.553527e+00 -5.327477e-01 2.765402e+00
-6.195485e-01 2.553527e+00 -5.327477e-01 2.765402e+00 -6.195485e-01 2.553527e+00 -5.511657e-01 2.772106e+00
-6.195485e-01 2.553527e+00 -5.511657e-01 2.772106e+00 -6.195485e-01 2.553527e+00 -5.699559e-01 2.777494e+00
-6.195485e-01 2.553527e+00 -5.699559e-01 2.777494e+00 -6.195485e-01 2.553527e+00 -5.889535e-01 2.781533e+00
-6.195485e-01 2.553527e+00 -5.889535e-01 2.781533e+00 -6.195485e-01 2.553527e+00 -6.079964e-01 2.784211e+00
-6.195485e-01 2.553527e+00 -6.079964e-01 2.784211e+00 -6.195485e-01 2.553527e+00 -6.269312e-01 2.785537e+00
-6.195485e-01 2.553527e+00 -6.269312e-01 2.785537e+00 -6.195485e-01 2.553527e+00 -6.456170e-01 2.785538e+00
-6.195485e-01 2.553527e+00 -6.456170e-01 2.785538e+00 -6.195485e-01 2.553527e+00 -6.639291e-01 2.784260e+00
-6.195485e-01 2.553527e+00 -6.639291e-01 2.784260e+00 -6.195485e-01 2.553527e+00 -6.817596e-01 2.781756e+00
-6.195485e-01 2.553527e+00 -6.817596e-01 2.781756e+00 -6.195485e-01 2.553527e+00 -6.990176e-01 2.778090e+00
-6.195485e-01 2.553527e+00 -6.990176e-01 2.778090e+00 -6.195485e-01 2.553527e+00 -7.156285e-01 2.773329e+00
-6.195485e-01 2.553527e+00 -7.156285e-01 2.773329e+00 -6.195485e-01 2.553527e+00 -7.315320e-01 2.767543e+00
-6.195485e-01 2.553527e+00 -7.315320e-01 2.767543e+00 -6.195485e-01 2.553527e+00 -7.466804e-01 2.760800e+00
-6.195485e-01 2.553527e+00 -7.466804e-01 2.760800e+00 -6.195485e-01 2.553527e+00 -7.610361e-01 2.753169e+00
-6.195485e-01 2.553527e+00 -7.610361e-01 2.753169e+00 -6.195485e-01 2.553527e+00 -7.745700e-01 2.744714e+00
-6.195485e-01 2.553527e+00 -7.745700e-01 2.744714e+00 -6.195485e-01 2.553527e+00 -7.872598e-01 2.735497e+00
-6.195485e-01 2.553527e+00 -7.872598e-01 2.735497e+00 -6.195485e-01 2.553527e+00 -7.990875e-01 2.725574e+00
-6.195485e-01 2.553527e+00 -7.990875e-01 2.725574e+00 -6.195485e-01 2.553527e+00 -8.100392e-01 2.714999e+00
-6.195485e-01 2.553527e+00 -8.100392e-01 2.714999e+00 -6.195485e-01 2.553527e+00 -8.201028e-01 2.703824e+00
-6.195485e-01 2.553527e+00 -8.201028e-01 2.703824e+00 -6.195485e-01 2.553527e+00 -8.292678e-01 2.692095e+00
-6.195485e-01 2.553527e+00 -8.292678e-01 2.692095e+00 -6.195485e-01 2.553527e+00 -8.375240e-01 2.679855e+00
-6.195485e-01 2.553527e+00 -8.375240e-01 2.679855e+00 -6.195485e-01 2.553527e+00 -8.448614e-01 2.667148e+00
-6.195485e-01 2.553527e+00 -8.448614e-01 2.667148e+00 -6.195485e-01 2.553527e+00 -8.512689e-01 2.654011e+00
-6.195485e-01 2.553527e+00 -8.512689e-01 2.654011e+00 -6.195485e-01 2.553527e+00 -8.567346e-01 2.640483e+00
-6.195485e-01 2.553527e+00 -8.567346e-01 2.640483e+00 -6.195485e-01 2.553527e+00 -8.612450e-01 2.626601e+00
-6.195485e-01 2.553527e+00 -8.612450e-01 2.626601e+00 -6.195485e-01 2.553527e+00 -8.647852e-01 2.612401e+00
-6.195485e-01 2.553527e+00 -8.647852e-01 2.612401e+00 -6.195485e-01 2.553527e+00 -8.673381e-01 2.597919e+00
-6.195485e-01 2.553527e+00 -8.673381e-01 2.597919e+00 -6.195485e-01 2.553527e+00 -8.688852e-01 2.583193e+00
-6.195485e-01 2.553527e+00 -8.688852e-01 2.583193e+00 -6.195485e-01 2.553527e+00 -8.694058e-01 2.568261e+00
