7.920000e-01 -2.610000e+00 7.917327e-01 -2.600602e+00 7.870000e-01 -2.605000e+00 7.835439e-01 -2.601645e+00
7.970000e-01 -2.605000e+00 7.877815e-01 -2.604900e+00 7.920000e-01 -2.600000e+00 7.795927e-01 -2.605943e+00
8.020000e-01 -2.610000e+00 7.934703e-01 -2.607272e+00 7.970000e-01 -2.605000e+00 7.877815e-01 -2.604900e+00
7.770000e-01 -2.595000e+00 7.858418e-01 -2.595477e+00 7.720000e-01 -2.590000e+00 7.801041e-01 -2.593202e+00
7.920000e-01 -2.600000e+00 7.795927e-01 -2.605943e+00 7.870000e-01 -2.595000e+00 7.777992e-01 -2.604309e+00
7.670000e-01 -2.585000e+00 7.752006e-01 -2.588108e+00 7.620000e-01 -2.580000e+00 7.695276e-01 -2.584245e+00
7.720000e-01 -2.590000e+00 7.801041e-01 -2.593202e+00 7.670000e-01 -2.585000e+00 7.752006e-01 -2.588108e+00
7.770000e-01 -2.585000e+00 7.791703e-01 -2.594162e+00 7.720000e-01 -2.580000e+00 7.742668e-01 -2.589067e+00
7.820000e-01 -2.590000e+00 7.816410e-01 -2.599774e+00 7.770000e-01 -2.585000e+00 7.791703e-01 -2.594162e+00
7.620000e-01 -2.580000e+00 7.695276e-01 -2.584245e+00 7.670000e-01 -2.575000e+00 7.703029e-01 -2.583474e+00
7.720000e-01 -2.580000e+00 7.742668e-01 -2.589067e+00 7.670000e-01 -2.575000e+00 7.703029e-01 -2.583474e+00
7.866980e-01 -2.600001e+00 7.820222e-01 -2.607524e+00 7.866980e-01 -2.600001e+00 7.824605e-01 -2.607398e+00
7.866980e-01 -2.600001e+00 7.824605e-01 -2.607398e+00 7.866980e-01 -2.600001e+00 7.829810e-01 -2.607208e+00
7.866980e-01 -2.600001e+00 7.829810e-01 -2.607208e+00 7.866980e-01 -2.600001e+00 7.836033e-01 -2.606930e+00
7.866980e-01 -2.600001e+00 7.836033e-01 -2.606930e+00 7.866980e-01 -2.600001e+00 7.843536e-01 -2.606530e+00
7.866980e-01 -2.600001e+00 7.843536e-01 -2.606530e+00 7.866980e-01 -2.600001e+00 7.852665e-01 -2.605957e+00
7.866980e-01 -2.600001e+00 7.852665e-01 -2.605957e+00 7.866980e-01 -2.600001e+00 7.863814e-01 -2.605145e+00
7.866980e-01 -2.600001e+00 7.863814e-01 -2.605145e+00 7.866980e-01 -2.600001e+00 7.877167e-01 -2.604022e+00
7.866980e-01 -2.600001e+00 7.877167e-01 -2.604022e+00 7.866980e-01 -2.600001e+00 7.891937e-01 -2.602594e+00
7.866980e-01 -2.600001e+00 7.891937e-01 -2.602594e+00 7.866980e-01 -2.600001e+00 7.905860e-01 -2.601049e+00
7.866980e-01 -2.600001e+00 7.905860e-01 -2.601049e+00 7.866980e-01 -2.600001e+00 7.916937e-01 -2.599634e+00
7.866980e-01 -2.600001e+00 7.916937e-01 -2.599634e+00 7.866980e-01 -2.600001e+00 7.924938e-01 -2.598452e+00
7.866980e-01 -2.600001e+00 7.924938e-01 -2.598452e+00 7.866980e-01 -2.600001e+00 7.930527e-01 -2.597487e+00
7.866980e-01 -2.600001e+00 7.930527e-01 -2.597487e+00 7.866980e-01 -2.600001e+00 7.934387e-01 -2.596698e+00
7.866980e-01 -2.600001e+00 7.934387e-01 -2.596698e+00 7.866980e-01 -2.600001e+00 7.937026e-01 -2.596047e+00
7.866980e-01 -2.600001e+00 7.937026e-01 -2.596047e+00 7.866980e-01 -2.600001e+00 7.938794e-01 -2.595506e+00
7.866980e-01 -2.600001e+00 7.938794e-01 -2.595506e+00 7.866980e-01 -2.600001e+00 7.939932e-01 -2.595051e+00
7.866980e-01 -2.600001e+00 7.939932e-01 -2.595051e+00 7.866980e-01 -2.600001e+00 7.940611e-01 -2.594668e+00
7.866980e-01 -2.600001e+00 7.913738e-01 -2.592477e+00 7.866980e-01 -2.600001e+00 7.909355e-01 -2.592604e+00
7.866980e-01 -2.600001e+00 7.909355e-01 -2.592604e+00 7.866980e-01 -2.600001e+00 7.904150e-01 -2.592794e+00
7.866980e-01 -2.600001e+00 7.904150e-01 -2.592794e+00 7.866980e-01 -2.600001e+00 7.897928e-01 -2.593072e+00
7.866980e-01 -2.600001e+00 7.897928e-01 -2.593072e+00 7.866980e-01 -2.600001e+00 7.890424e-01 -2.593472e+00
7.866980e-01 -2.600001e+00 7.890424e-01 -2.593472e+00 7.866980e-01 -2.600001e+00 7.881295e-01 -2.594044e+00
7.866980e-01 -2.600001e+00 7.881295e-01 -2.594044e+00 7.866980e-01 -2.600001e+00 7.870147e-01 -2.594857e+00
7.866980e-01 -2.600001e+00 7.870147e-01 -2.594857e+00 7.866980e-01 -2.600001e+00 7.856793e-01 -2.595980e+00
7.866980e-01 -2.600001e+00 7.856793e-01 -2.595980e+00 7.866980e-01 -2.600001e+00 7.842023e-01 -2.597408e+00
7.866980e-01 -2.600001e+00 7.842023e-01 -2.597408e+00 7.866980e-01 -2.600001e+00 7.828101e-01 -2.598953e+00
7.866980e-01 -2.600001e+00 7.828101e-01 -2.598953e+00 7.866980e-01 -2.600001e+00 7.817024e-01 -2.600367e+00
7.866980e-01 -2.600001e+00 7.817024e-01 -2.600367e+00 7.866980e-01 -2.600001e+00 7.809022e-01 -2.601550e+00
7.866980e-01 -2.600001e+00 7.809022e-01 -2.601550e+00 7.866980e-01 -2.600001e+00 7.803434e-01 -2.602514e+00
7.866980e-01 -2.600001e+00 7.803434e-01 -2.602514e+00 7.866980e-01 -2.600001e+00 7.799573e-01 -2.603303e+00
7.866980e-01 -2.600001e+00 7.799573e-01 -2.603303e+00 7.866980e-01 -2.600001e+00 7.796934e-01 -2.603954e+00
7.866980e-01 -2.600001e+00 7.796934e-01 -2.603954e+00 7.866980e-01 -2.600001e+00 7.795167e-01 -2.604496e+00
7.866980e-01 -2.600001e+00 7.795167e-01 -2.604496e+00 7.866980e-01 -2.600001e+00 7.794028e-01 -2.604950e+00
7.866980e-01 -2.600001e+00 7.794028e-01 -2.604950e+00 7.866980e-01 -2.600001e+00 7.793349e-01 -2.605333e+00
