-1.900000e+00 1.155000e+00 -1.685298e+00 1.399914e+00 -1.905000e+00 1.160000e+00 -1.686127e+00 1.399382e+00
-1.900000e+00 1.155000e+00 -1.685298e+00 1.399914e+00 -1.890000e+00 1.155000e+00 -1.678981e+00 1.404705e+00
-1.890000e+00 1.155000e+00 -1.678981e+00 1.404705e+00 -1.880000e+00 1.155000e+00 -1.672761e+00 1.409527e+00
-1.880000e+00 1.155000e+00 -1.672761e+00 1.409527e+00 -1.870000e+00 1.155000e+00 -1.666640e+00 1.414376e+00
-1.870000e+00 1.155000e+00 -1.666640e+00 1.414376e+00 -1.860000e+00 1.155000e+00 -1.660617e+00 1.419249e+00
-1.860000e+00 1.155000e+00 -1.660617e+00 1.419249e+00 -1.850000e+00 1.155000e+00 -1.654695e+00 1.424142e+00
-1.850000e+00 1.155000e+00 -1.654695e+00 1.424142e+00 -1.840000e+00 1.155000e+00 -1.648874e+00 1.429051e+00
-1.840000e+00 1.155000e+00 -1.648874e+00 1.429051e+00 -1.830000e+00 1.155000e+00 -1.643154e+00 1.433970e+00
-1.830000e+00 1.155000e+00 -1.643154e+00 1.433970e+00 -1.820000e+00 1.155000e+00 -1.637537e+00 1.438897e+00
-1.820000e+00 1.155000e+00 -1.637537e+00 1.438897e+00 -1.810000e+00 1.155000e+00 -1.632021e+00 1.443825e+00
-1.810000e+00 1.155000e+00 -1.632021e+00 1.443825e+00 -1.800000e+00 1.155000e+00 -1.626609e+00 1.448751e+00
-1.800000e+00 1.155000e+00 -1.626609e+00 1.448751e+00 -1.795000e+00 1.160000e+00 -1.621496e+00 1.453632e+00
-1.950000e+00 1.165000e+00 -1.713715e+00 1.379850e+00 -1.955000e+00 1.170000e+00 -1.714889e+00 1.379149e+00
-1.950000e+00 1.165000e+00 -1.713715e+00 1.379850e+00 -1.940000e+00 1.165000e+00 -1.706880e+00 1.384483e+00
-1.940000e+00 1.165000e+00 -1.706880e+00 1.384483e+00 -1.930000e+00 1.165000e+00 -1.700138e+00 1.389169e+00
-1.930000e+00 1.165000e+00 -1.700138e+00 1.389169e+00 -1.920000e+00 1.165000e+00 -1.693490e+00 1.393904e+00
-1.920000e+00 1.165000e+00 -1.693490e+00 1.393904e+00 -1.910000e+00 1.165000e+00 -1.686940e+00 1.398686e+00
-1.905000e+00 1.160000e+00 -1.686127e+00 1.399382e+00 -1.910000e+00 1.165000e+00 -1.686940e+00 1.398686e+00
-1.795000e+00 1.160000e+00 -1.621496e+00 1.453632e+00 -1.790000e+00 1.165000e+00 -1.616319e+00 1.458442e+00
-1.790000e+00 1.165000e+00 -1.616319e+00 1.458442e+00 -1.780000e+00 1.165000e+00 -1.611126e+00 1.463488e+00
-1.780000e+00 1.165000e+00 -1.611126e+00 1.463488e+00 -1.770000e+00 1.165000e+00 -1.606042e+00 1.468520e+00
-1.770000e+00 1.165000e+00 -1.606042e+00 1.468520e+00 -1.760000e+00 1.165000e+00 -1.601067e+00 1.473534e+00
-1.760000e+00 1.165000e+00 -1.601067e+00 1.473534e+00 -1.750000e+00 1.165000e+00 -1.596201e+00 1.478524e+00
-1.750000e+00 1.165000e+00 -1.596201e+00 1.478524e+00 -1.740000e+00 1.165000e+00 -1.591443e+00 1.483483e+00
-1.740000e+00 1.165000e+00 -1.591443e+00 1.483483e+00 -1.730000e+00 1.165000e+00 -1.586793e+00 1.488405e+00
-1.730000e+00 1.165000e+00 -1.586793e+00 1.488405e+00 -1.725000e+00 1.170000e+00 -1.582082e+00 1.493664e+00
-1.970000e+00 1.175000e+00 -1.723153e+00 1.373768e+00 -1.975000e+00 1.180000e+00 -1.724494e+00 1.372976e+00
-1.970000e+00 1.175000e+00 -1.723153e+00 1.373768e+00 -1.960000e+00 1.175000e+00 -1.716076e+00 1.378317e+00
-1.955000e+00 1.170000e+00 -1.714889e+00 1.379149e+00 -1.960000e+00 1.175000e+00 -1.716076e+00 1.378317e+00
-1.725000e+00 1.170000e+00 -1.582082e+00 1.493664e+00 -1.720000e+00 1.175000e+00 -1.577308e+00 1.498871e+00
-1.720000e+00 1.175000e+00 -1.577308e+00 1.498871e+00 -1.710000e+00 1.175000e+00 -1.572923e+00 1.503876e+00
-1.710000e+00 1.175000e+00 -1.572923e+00 1.503876e+00 -1.700000e+00 1.175000e+00 -1.568650e+00 1.508829e+00
-1.700000e+00 1.175000e+00 -1.568650e+00 1.508829e+00 -1.690000e+00 1.175000e+00 -1.564488e+00 1.513723e+00
-1.690000e+00 1.175000e+00 -1.564488e+00 1.513723e+00 -1.685000e+00 1.180000e+00 -1.560049e+00 1.519178e+00
-1.990000e+00 1.185000e+00 -1.733184e+00 1.367645e+00 -1.995000e+00 1.190000e+00 -1.734711e+00 1.366808e+00
-1.990000e+00 1.185000e+00 -1.733184e+00 1.367645e+00 -1.980000e+00 1.185000e+00 -1.725862e+00 1.372071e+00
-1.975000e+00 1.180000e+00 -1.724494e+00 1.372976e+00 -1.980000e+00 1.185000e+00 -1.725862e+00 1.372071e+00
-1.685000e+00 1.180000e+00 -1.560049e+00 1.519178e+00 -1.680000e+00 1.185000e+00 -1.555550e+00 1.524595e+00
-1.680000e+00 1.185000e+00 -1.555550e+00 1.524595e+00 -1.670000e+00 1.185000e+00 -1.551683e+00 1.529542e+00
-1.670000e+00 1.185000e+00 -1.551683e+00 1.529542e+00 -1.660000e+00 1.185000e+00 -1.547931e+00 1.534410e+00
-1.660000e+00 1.185000e+00 -1.547931e+00 1.534410e+00 -1.650000e+00 1.185000e+00 -1.544292e+00 1.539192e+00
-1.650000e+00 1.185000e+00 -1.544292e+00 1.539192e+00 -1.645000e+00 1.190000e+00 -1.540185e+00 1.544838e+00
-2.000000e+00 1.195000e+00 -1.736279e+00 1.365877e+00 -2.005000e+00 1.200000e+00 -1.737928e+00 1.364993e+00
-1.995000e+00 1.190000e+00 -1.734711e+00 1.366808e+00 -2.000000e+00 1.195000e+00 -1.736279e+00 1.365877e+00
-1.645000e+00 1.190000e+00 -1.540185e+00 1.544838e+00 -1.640000e+00 1.195000e+00 -1.536024e+00 1.550463e+00
-1.640000e+00 1.195000e+00 -1.536024e+00 1.550463e+00 -1.630000e+00 1.195000e+00 -1.532710e+00 1.555255e+00
-1.630000e+00 1.195000e+00 -1.532710e+00 1.555255e+00 -1.620000e+00 1.195000e+00 -1.529509e+00 1.559937e+00
-1.620000e+00 1.195000e+00 -1.529509e+00 1.559937e+00 -1.610000e+00 1.195000e+00 -1.526420e+00 1.564502e+00
-1.610000e+00 1.195000e+00 -1.526420e+00 1.564502e+00 -1.605000e+00 1.200000e+00 -1.522711e+00 1.570318e+00
-2.010000e+00 1.205000e+00 -1.739627e+00 1.364029e+00 -2.015000e+00 1.210000e+00 -1.741408e+00 1.363120e+00
-2.005000e+00 1.200000e+00 -1.737928e+00 1.364993e+00 -2.010000e+00 1.205000e+00 -1.739627e+00 1.364029e+00
-1.605000e+00 1.200000e+00 -1.522711e+00 1.570318e+00 -1.600000e+00 1.205000e+00 -1.518960e+00 1.576131e+00
-1.600000e+00 1.205000e+00 -1.518960e+00 1.576131e+00 -1.590000e+00 1.205000e+00 -1.516222e+00 1.580647e+00
-1.590000e+00 1.205000e+00 -1.516222e+00 1.580647e+00 -1.580000e+00 1.205000e+00 -1.513592e+00 1.585017e+00
-1.580000e+00 1.205000e+00 -1.513592e+00 1.585017e+00 -1.575000e+00 1.210000e+00 -1.510222e+00 1.590935e+00
-2.015000e+00 1.210000e+00 -1.741408e+00 1.363120e+00 -2.015000e+00 1.220000e+00 -1.737274e+00 1.365307e+00
-1.575000e+00 1.210000e+00 -1.510222e+00 1.590935e+00 -1.570000e+00 1.215000e+00 -1.506823e+00 1.596865e+00
-1.570000e+00 1.215000e+00 -1.506823e+00 1.596865e+00 -1.560000e+00 1.215000e+00 -1.504565e+00 1.601131e+00
-1.560000e+00 1.215000e+00 -1.504565e+00 1.601131e+00 -1.550000e+00 1.215000e+00 -1.502407e+00 1.605219e+00
-1.550000e+00 1.215000e+00 -1.502407e+00 1.605219e+00 -1.545000e+00 1.220000e+00 -1.499426e+00 1.611211e+00
-2.020000e+00 1.225000e+00 -1.739180e+00 1.364280e+00 -2.025000e+00 1.230000e+00 -1.741169e+00 1.363322e+00
-2.015000e+00 1.220000e+00 -1.737274e+00 1.365307e+00 -2.020000e+00 1.225000e+00 -1.739180e+00 1.364280e+00
-1.545000e+00 1.220000e+00 -1.499426e+00 1.611211e+00 -1.540000e+00 1.225000e+00 -1.496433e+00 1.617227e+00
-1.540000e+00 1.225000e+00 -1.496433e+00 1.617227e+00 -1.530000e+00 1.225000e+00 -1.494661e+00 1.621142e+00
-1.530000e+00 1.225000e+00 -1.494661e+00 1.621142e+00 -1.520000e+00 1.225000e+00 -1.492975e+00 1.624844e+00
-1.520000e+00 1.225000e+00 -1.492975e+00 1.624844e+00 -1.515000e+00 1.230000e+00 -1.490433e+00 1.630862e+00
-2.025000e+00 1.230000e+00 -1.741169e+00 1.363322e+00 -2.025000e+00 1.240000e+00 -1.737226e+00 1.365271e+00
-1.515000e+00 1.230000e+00 -1.490433e+00 1.630862e+00 -1.510000e+00 1.235000e+00 -1.487903e+00 1.636918e+00
-1.510000e+00 1.235000e+00 -1.487903e+00 1.636918e+00 -1.500000e+00 1.235000e+00 -1.486604e+00 1.640363e+00
-1.500000e+00 1.235000e+00 -1.486604e+00 1.640363e+00 -1.490000e+00 1.235000e+00 -1.485370e+00 1.643557e+00
-1.490000e+00 1.235000e+00 -1.485370e+00 1.643557e+00 -1.485000e+00 1.240000e+00 -1.483313e+00 1.649535e+00
-2.025000e+00 1.240000e+00 -1.737226e+00 1.365271e+00 -2.025000e+00 1.250000e+00 -1.733349e+00 1.367098e+00
-1.485000e+00 1.240000e+00 -1.483313e+00 1.649535e+00 -1.480000e+00 1.245000e+00 -1.481297e+00 1.655560e+00
-1.480000e+00 1.245000e+00 -1.481297e+00 1.655560e+00 -1.470000e+00 1.245000e+00 -1.480432e+00 1.658399e+00
-1.470000e+00 1.245000e+00 -1.480432e+00 1.658399e+00 -1.465000e+00 1.250000e+00 -1.478740e+00 1.664319e+00
-2.025000e+00 1.250000e+00 -1.733349e+00 1.367098e+00 -2.025000e+00 1.260000e+00 -1.729547e+00 1.368812e+00
-1.465000e+00 1.250000e+00 -1.478740e+00 1.664319e+00 -1.460000e+00 1.255000e+00 -1.477113e+00 1.670288e+00
-1.460000e+00 1.255000e+00 -1.477113e+00 1.670288e+00 -1.450000e+00 1.255000e+00 -1.476600e+00 1.672695e+00
-1.450000e+00 1.255000e+00 -1.476600e+00 1.672695e+00 -1.440000e+00 1.255000e+00 -1.476088e+00 1.674783e+00
-1.440000e+00 1.255000e+00 -1.476088e+00 1.674783e+00 -1.435000e+00 1.260000e+00 -1.474942e+00 1.680499e+00
-2.025000e+00 1.260000e+00 -1.729547e+00 1.368812e+00 -2.025000e+00 1.270000e+00 -1.725830e+00 1.370428e+00
-1.435000e+00 1.260000e+00 -1.474942e+00 1.680499e+00 -1.430000e+00 1.265000e+00 -1.473901e+00 1.686260e+00
-1.430000e+00 1.265000e+00 -1.473901e+00 1.686260e+00 -1.420000e+00 1.265000e+00 -1.473669e+00 1.687801e+00
-1.420000e+00 1.265000e+00 -1.473669e+00 1.687801e+00 -1.415000e+00 1.270000e+00 -1.472929e+00 1.693322e+00
-2.025000e+00 1.270000e+00 -1.725830e+00 1.370428e+00 -2.025000e+00 1.280000e+00 -1.722206e+00 1.371957e+00
-1.415000e+00 1.270000e+00 -1.472929e+00 1.693322e+00 -1.410000e+00 1.275000e+00 -1.472324e+00 1.698880e+00
-1.410000e+00 1.275000e+00 -1.472324e+00 1.698880e+00 -1.400000e+00 1.275000e+00 -1.472309e+00 1.699788e+00
-1.400000e+00 1.275000e+00 -1.472309e+00 1.699788e+00 -1.390000e+00 1.275000e+00 -1.472185e+00 1.700328e+00
-1.390000e+00 1.275000e+00 -1.472185e+00 1.700328e+00 -1.385000e+00 1.280000e+00 -1.471966e+00 1.705415e+00
-2.025000e+00 1.280000e+00 -1.722206e+00 1.371957e+00 -2.025000e+00 1.290000e+00 -1.718683e+00 1.373414e+00
-1.385000e+00 1.280000e+00 -1.471966e+00 1.705415e+00 -1.380000e+00 1.285000e+00 -1.471924e+00 1.710508e+00
-1.380000e+00 1.285000e+00 -1.471924e+00 1.710508e+00 -1.370000e+00 1.285000e+00 -1.471867e+00 1.710324e+00
-1.370000e+00 1.285000e+00 -1.471867e+00 1.710324e+00 -1.365000e+00 1.290000e+00 -1.472014e+00 1.715034e+00
-2.025000e+00 1.290000e+00 -1.718683e+00 1.373414e+00 -2.025000e+00 1.300000e+00 -1.715269e+00 1.374812e+00
-1.365000e+00 1.290000e+00 -1.472014e+00 1.715034e+00 -1.360000e+00 1.295000e+00 -1.472367e+00 1.719720e+00
-1.360000e+00 1.295000e+00 -1.472367e+00 1.719720e+00 -1.350000e+00 1.295000e+00 -1.472251e+00 1.718757e+00
-1.350000e+00 1.295000e+00 -1.472251e+00 1.718757e+00 -1.345000e+00 1.300000e+00 -1.472719e+00 1.723009e+00
-2.025000e+00 1.300000e+00 -1.715269e+00 1.374812e+00 -2.020000e+00 1.305000e+00 -1.709249e+00 1.377137e+00
-2.020000e+00 1.305000e+00 -1.709249e+00 1.377137e+00 -2.015000e+00 1.310000e+00 -1.703209e+00 1.379451e+00
-1.345000e+00 1.300000e+00 -1.472719e+00 1.723009e+00 -1.340000e+00 1.305000e+00 -1.473416e+00 1.727199e+00
-1.340000e+00 1.305000e+00 -1.473416e+00 1.727199e+00 -1.330000e+00 1.305000e+00 -1.473092e+00 1.725431e+00
-1.330000e+00 1.305000e+00 -1.473092e+00 1.725431e+00 -1.325000e+00 1.310000e+00 -1.473813e+00 1.729151e+00
-2.015000e+00 1.310000e+00 -1.703209e+00 1.379451e+00 -2.015000e+00 1.320000e+00 -1.699937e+00 1.380646e+00
-1.325000e+00 1.310000e+00 -1.473813e+00 1.729151e+00 -1.320000e+00 1.315000e+00 -1.474774e+00 1.732762e+00
-1.320000e+00 1.315000e+00 -1.474774e+00 1.732762e+00 -1.310000e+00 1.315000e+00 -1.474081e+00 1.730200e+00
-1.310000e+00 1.315000e+00 -1.474081e+00 1.730200e+00 -1.305000e+00 1.320000e+00 -1.474962e+00 1.733331e+00
-2.015000e+00 1.320000e+00 -1.699937e+00 1.380646e+00 -2.010000e+00 1.325000e+00 -1.693926e+00 1.382802e+00
-2.010000e+00 1.325000e+00 -1.693926e+00 1.382802e+00 -2.005000e+00 1.330000e+00 -1.687892e+00 1.384941e+00
-1.305000e+00 1.320000e+00 -1.474962e+00 1.733331e+00 -1.300000e+00 1.325000e+00 -1.476080e+00 1.736300e+00
-1.300000e+00 1.325000e+00 -1.476080e+00 1.736300e+00 -1.290000e+00 1.325000e+00 -1.474854e+00 1.733001e+00
-1.290000e+00 1.325000e+00 -1.474854e+00 1.733001e+00 -1.285000e+00 1.330000e+00 -1.475784e+00 1.735508e+00
-2.005000e+00 1.330000e+00 -1.687892e+00 1.384941e+00 -2.005000e+00 1.340000e+00 -1.684790e+00 1.385965e+00
-1.285000e+00 1.330000e+00 -1.475784e+00 1.735508e+00 -1.280000e+00 1.335000e+00 -1.476935e+00 1.737803e+00
-1.280000e+00 1.335000e+00 -1.476935e+00 1.737803e+00 -1.270000e+00 1.335000e+00 -1.475030e+00 1.733869e+00
-1.270000e+00 1.335000e+00 -1.475030e+00 1.733869e+00 -1.265000e+00 1.340000e+00 -1.475890e+00 1.735749e+00
-2.005000e+00 1.340000e+00 -1.684790e+00 1.385965e+00 -2.000000e+00 1.345000e+00 -1.678798e+00 1.387955e+00
-2.000000e+00 1.345000e+00 -1.678798e+00 1.387955e+00 -1.995000e+00 1.350000e+00 -1.672782e+00 1.389921e+00
-1.265000e+00 1.340000e+00 -1.475890e+00 1.735749e+00 -1.260000e+00 1.345000e+00 -1.476939e+00 1.737371e+00
-1.260000e+00 1.345000e+00 -1.476939e+00 1.737371e+00 -1.250000e+00 1.345000e+00 -1.474241e+00 1.732941e+00
-1.250000e+00 1.345000e+00 -1.474241e+00 1.732941e+00 -1.245000e+00 1.350000e+00 -1.474912e+00 1.734224e+00
-1.995000e+00 1.350000e+00 -1.672782e+00 1.389921e+00 -1.995000e+00 1.360000e+00 -1.669878e+00 1.390807e+00
-1.245000e+00 1.350000e+00 -1.474912e+00 1.734224e+00 -1.240000e+00 1.355000e+00 -1.475731e+00 1.735216e+00
-1.240000e+00 1.355000e+00 -1.475731e+00 1.735216e+00 -1.230000e+00 1.355000e+00 -1.472171e+00 1.730453e+00
-1.230000e+00 1.355000e+00 -1.472171e+00 1.730453e+00 -1.225000e+00 1.360000e+00 -1.472551e+00 1.731198e+00
-1.995000e+00 1.360000e+00 -1.669878e+00 1.390807e+00 -1.990000e+00 1.365000e+00 -1.663919e+00 1.392636e+00
-1.990000e+00 1.365000e+00 -1.663919e+00 1.392636e+00 -1.985000e+00 1.370000e+00 -1.657935e+00 1.394433e+00
-1.225000e+00 1.360000e+00 -1.472551e+00 1.731198e+00 -1.220000e+00 1.365000e+00 -1.473030e+00 1.731632e+00
-1.220000e+00 1.365000e+00 -1.473030e+00 1.731632e+00 -1.210000e+00 1.365000e+00 -1.468586e+00 1.726704e+00
-1.210000e+00 1.365000e+00 -1.468586e+00 1.726704e+00 -1.205000e+00 1.370000e+00 -1.468595e+00 1.726992e+00
-1.985000e+00 1.370000e+00 -1.657935e+00 1.394433e+00 -1.985000e+00 1.380000e+00 -1.655255e+00 1.395218e+00
-1.205000e+00 1.370000e+00 -1.468595e+00 1.726992e+00 -1.200000e+00 1.375000e+00 -1.468651e+00 1.726965e+00
-1.200000e+00 1.375000e+00 -1.468651e+00 1.726965e+00 -1.195000e+00 1.380000e+00 -1.468466e+00 1.726904e+00
-1.985000e+00 1.380000e+00 -1.655255e+00 1.395218e+00 -1.980000e+00 1.385000e+00 -1.649343e+00 1.396892e+00
-1.980000e+00 1.385000e+00 -1.649343e+00 1.396892e+00 -1.975000e+00 1.390000e+00 -1.643404e+00 1.398526e+00
-1.195000e+00 1.380000e+00 -1.468466e+00 1.726904e+00 -1.190000e+00 1.385000e+00 -1.468297e+00 1.726521e+00
-1.190000e+00 1.385000e+00 -1.468297e+00 1.726521e+00 -1.180000e+00 1.385000e+00 -1.462513e+00 1.721569e+00
-1.180000e+00 1.385000e+00 -1.462513e+00 1.721569e+00 -1.175000e+00 1.390000e+00 -1.461863e+00 1.721198e+00
-1.975000e+00 1.390000e+00 -1.643404e+00 1.398526e+00 -1.970000e+00 1.395000e+00 -1.637507e+00 1.400103e+00
-1.970000e+00 1.395000e+00 -1.637507e+00 1.400103e+00 -1.965000e+00 1.400000e+00 -1.631583e+00 1.401637e+00
-1.175000e+00 1.390000e+00 -1.461863e+00 1.721198e+00 -1.170000e+00 1.395000e+00 -1.461185e+00 1.720520e+00
-1.170000e+00 1.395000e+00 -1.461185e+00 1.720520e+00 -1.160000e+00 1.395000e+00 -1.454624e+00 1.715780e+00
-1.160000e+00 1.395000e+00 -1.454624e+00 1.715780e+00 -1.155000e+00 1.400000e+00 -1.453497e+00 1.715196e+00
-1.965000e+00 1.400000e+00 -1.631583e+00 1.401637e+00 -1.960000e+00 1.405000e+00 -1.625705e+00 1.403116e+00
-1.960000e+00 1.405000e+00 -1.625705e+00 1.403116e+00 -1.955000e+00 1.410000e+00 -1.619799e+00 1.404548e+00
-1.155000e+00 1.400000e+00 -1.453497e+00 1.715196e+00 -1.150000e+00 1.405000e+00 -1.452305e+00 1.714328e+00
-1.150000e+00 1.405000e+00 -1.452305e+00 1.714328e+00 -1.145000e+00 1.410000e+00 -1.450904e+00 1.713536e+00
-1.955000e+00 1.410000e+00 -1.619799e+00 1.404548e+00 -1.955000e+00 1.420000e+00 -1.617557e+00 1.405066e+00
-1.145000e+00 1.410000e+00 -1.450904e+00 1.713536e+00 -1.140000e+00 1.415000e+00 -1.449415e+00 1.712471e+00
-1.140000e+00 1.415000e+00 -1.449415e+00 1.712471e+00 -1.130000e+00 1.415000e+00 -1.441779e+00 1.708213e+00
-1.130000e+00 1.415000e+00 -1.441779e+00 1.708213e+00 -1.125000e+00 1.420000e+00 -1.439908e+00 1.707349e+00
-1.955000e+00 1.420000e+00 -1.617557e+00 1.405066e+00 -1.950000e+00 1.425000e+00 -1.611754e+00 1.406400e+00
-1.950000e+00 1.425000e+00 -1.611754e+00 1.406400e+00 -1.945000e+00 1.430000e+00 -1.605925e+00 1.407680e+00
-1.125000e+00 1.420000e+00 -1.439908e+00 1.707349e+00 -1.120000e+00 1.425000e+00 -1.437926e+00 1.706242e+00
-1.120000e+00 1.425000e+00 -1.437926e+00 1.706242e+00 -1.110000e+00 1.425000e+00 -1.429761e+00 1.702385e+00
-1.110000e+00 1.425000e+00 -1.429761e+00 1.702385e+00 -1.105000e+00 1.430000e+00 -1.427451e+00 1.701515e+00
-1.945000e+00 1.430000e+00 -1.605925e+00 1.407680e+00 -1.940000e+00 1.435000e+00 -1.600153e+00 1.408917e+00
-1.940000e+00 1.435000e+00 -1.600153e+00 1.408917e+00 -1.935000e+00 1.440000e+00 -1.594355e+00 1.410095e+00
-1.105000e+00 1.430000e+00 -1.427451e+00 1.701515e+00 -1.100000e+00 1.435000e+00 -1.425017e+00 1.700434e+00
-1.100000e+00 1.435000e+00 -1.425017e+00 1.700434e+00 -1.095000e+00 1.440000e+00 -1.422439e+00 1.699484e+00
-1.935000e+00 1.440000e+00 -1.594355e+00 1.410095e+00 -1.930000e+00 1.445000e+00 -1.588618e+00 1.411234e+00
-1.930000e+00 1.445000e+00 -1.588618e+00 1.411234e+00 -1.925000e+00 1.450000e+00 -1.582855e+00 1.412309e+00
-1.095000e+00 1.440000e+00 -1.422439e+00 1.699484e+00 -1.090000e+00 1.445000e+00 -1.419725e+00 1.698339e+00
-1.090000e+00 1.445000e+00 -1.419725e+00 1.698339e+00 -1.080000e+00 1.445000e+00 -1.410866e+00 1.695168e+00
-1.080000e+00 1.445000e+00 -1.410866e+00 1.695168e+00 -1.075000e+00 1.450000e+00 -1.407906e+00 1.694301e+00
-1.925000e+00 1.450000e+00 -1.582855e+00 1.412309e+00 -1.920000e+00 1.455000e+00 -1.577158e+00 1.413349e+00
-1.920000e+00 1.455000e+00 -1.577158e+00 1.413349e+00 -1.915000e+00 1.460000e+00 -1.571436e+00 1.414321e+00
-1.075000e+00 1.450000e+00 -1.407906e+00 1.694301e+00 -1.070000e+00 1.455000e+00 -1.404805e+00 1.693268e+00
-1.070000e+00 1.455000e+00 -1.404805e+00 1.693268e+00 -1.065000e+00 1.460000e+00 -1.401600e+00 1.692379e+00
-1.915000e+00 1.460000e+00 -1.571436e+00 1.414321e+00 -1.910000e+00 1.465000e+00 -1.565784e+00 1.415263e+00
-1.910000e+00 1.465000e+00 -1.565784e+00 1.415263e+00 -1.905000e+00 1.470000e+00 -1.560108e+00 1.416131e+00
-1.065000e+00 1.460000e+00 -1.401600e+00 1.692379e+00 -1.060000e+00 1.465000e+00 -1.398249e+00 1.691340e+00
-1.060000e+00 1.465000e+00 -1.398249e+00 1.691340e+00 -1.050000e+00 1.465000e+00 -1.388902e+00 1.688877e+00
-1.050000e+00 1.465000e+00 -1.388902e+00 1.688877e+00 -1.045000e+00 1.470000e+00 -1.385378e+00 1.688128e+00
-1.905000e+00 1.470000e+00 -1.560108e+00 1.416131e+00 -1.900000e+00 1.475000e+00 -1.554506e+00 1.416973e+00
-1.900000e+00 1.475000e+00 -1.554506e+00 1.416973e+00 -1.895000e+00 1.480000e+00 -1.548882e+00 1.417738e+00
-1.045000e+00 1.470000e+00 -1.385378e+00 1.688128e+00 -1.040000e+00 1.475000e+00 -1.381711e+00 1.687255e+00
-1.040000e+00 1.475000e+00 -1.381711e+00 1.687255e+00 -1.035000e+00 1.480000e+00 -1.377974e+00 1.686525e+00
-1.895000e+00 1.480000e+00 -1.548882e+00 1.417738e+00 -1.890000e+00 1.485000e+00 -1.543337e+00 1.418481e+00
-1.890000e+00 1.485000e+00 -1.543337e+00 1.418481e+00 -1.885000e+00 1.490000e+00 -1.537771e+00 1.419143e+00
-1.035000e+00 1.480000e+00 -1.377974e+00 1.686525e+00 -1.030000e+00 1.485000e+00 -1.374091e+00 1.685685e+00
-1.030000e+00 1.485000e+00 -1.374091e+00 1.685685e+00 -1.025000e+00 1.490000e+00 -1.370151e+00 1.684990e+00
-1.885000e+00 1.490000e+00 -1.537771e+00 1.419143e+00 -1.880000e+00 1.495000e+00 -1.532288e+00 1.419787e+00
-1.880000e+00 1.495000e+00 -1.532288e+00 1.419787e+00 -1.875000e+00 1.500000e+00 -1.526786e+00 1.420346e+00
-1.025000e+00 1.490000e+00 -1.370151e+00 1.684990e+00 -1.020000e+00 1.495000e+00 -1.366064e+00 1.684198e+00
-1.020000e+00 1.495000e+00 -1.366064e+00 1.684198e+00 -1.010000e+00 1.495000e+00 -1.356296e+00 1.682698e+00
-1.010000e+00 1.495000e+00 -1.356296e+00 1.682698e+00 -1.005000e+00 1.500000e+00 -1.352119e+00 1.682189e+00
-1.875000e+00 1.500000e+00 -1.526786e+00 1.420346e+00 -1.870000e+00 1.505000e+00 -1.521373e+00 1.420893e+00
-1.870000e+00 1.505000e+00 -1.521373e+00 1.420893e+00 -1.865000e+00 1.510000e+00 -1.515943e+00 1.421349e+00
-1.005000e+00 1.500000e+00 -1.352119e+00 1.682189e+00 -1.000000e+00 1.505000e+00 -1.347804e+00 1.681601e+00
-1.000000e+00 1.505000e+00 -1.347804e+00 1.681601e+00 -9.950000e-01 1.510000e+00 -1.343456e+00 1.681150e+00
-1.865000e+00 1.510000e+00 -1.515943e+00 1.421349e+00 -1.860000e+00 1.515000e+00 -1.510606e+00 1.421800e+00
-1.860000e+00 1.515000e+00 -1.510606e+00 1.421800e+00 -1.855000e+00 1.520000e+00 -1.505255e+00 1.422156e+00
-9.950000e-01 1.510000e+00 -1.343456e+00 1.681150e+00 -9.900000e-01 1.515000e+00 -1.338972e+00 1.680632e+00
-9.900000e-01 1.515000e+00 -1.338972e+00 1.680632e+00 -9.850000e-01 1.520000e+00 -1.334463e+00 1.680248e+00
-1.855000e+00 1.520000e+00 -1.505255e+00 1.422156e+00 -1.850000e+00 1.525000e+00 -1.500001e+00 1.422512e+00
-1.850000e+00 1.525000e+00 -1.500001e+00 1.422512e+00 -1.845000e+00 1.530000e+00 -1.494736e+00 1.422768e+00
-9.850000e-01 1.520000e+00 -1.334463e+00 1.680248e+00 -9.800000e-01 1.525000e+00 -1.329821e+00 1.679809e+00
-9.800000e-01 1.525000e+00 -1.329821e+00 1.679809e+00 -9.700000e-01 1.525000e+00 -1.319863e+00 1.679171e+00
-9.700000e-01 1.525000e+00 -1.319863e+00 1.679171e+00 -9.650000e-01 1.530000e+00 -1.315188e+00 1.678987e+00
-1.845000e+00 1.530000e+00 -1.494736e+00 1.422768e+00 -1.840000e+00 1.535000e+00 -1.489574e+00 1.423033e+00
-1.840000e+00 1.535000e+00 -1.489574e+00 1.423033e+00 -1.835000e+00 1.540000e+00 -1.484405e+00 1.423192e+00
-9.650000e-01 1.530000e+00 -1.315188e+00 1.678987e+00 -9.600000e-01 1.535000e+00 -1.310390e+00 1.678761e+00
-9.600000e-01 1.535000e+00 -1.310390e+00 1.678761e+00 -9.550000e-01 1.540000e+00 -1.305582e+00 1.678656e+00
-1.835000e+00 1.540000e+00 -1.484405e+00 1.423192e+00 -1.830000e+00 1.545000e+00 -1.479342e+00 1.423367e+00
-1.830000e+00 1.545000e+00 -1.479342e+00 1.423367e+00 -1.820000e+00 1.545000e+00 -1.469345e+00 1.423502e+00
-1.820000e+00 1.545000e+00 -1.469345e+00 1.423502e+00 -1.815000e+00 1.550000e+00 -1.464276e+00 1.423455e+00
-9.550000e-01 1.540000e+00 -1.305582e+00 1.678656e+00 -9.500000e-01 1.545000e+00 -1.300655e+00 1.678518e+00
-9.500000e-01 1.545000e+00 -1.300655e+00 1.678518e+00 -9.450000e-01 1.550000e+00 -1.295724e+00 1.678498e+00
-1.815000e+00 1.550000e+00 -1.464276e+00 1.423455e+00 -1.810000e+00 1.555000e+00 -1.459323e+00 1.423430e+00
-1.810000e+00 1.555000e+00 -1.459323e+00 1.423430e+00 -1.805000e+00 1.560000e+00 -1.454372e+00 1.423288e+00
-9.450000e-01 1.550000e+00 -1.295724e+00 1.678498e+00 -9.400000e-01 1.555000e+00 -1.290678e+00 1.678452e+00
-9.400000e-01 1.555000e+00 -1.290678e+00 1.678452e+00 -9.350000e-01 1.560000e+00 -1.285633e+00 1.678520e+00
-1.805000e+00 1.560000e+00 -1.454372e+00 1.423288e+00 -1.800000e+00 1.565000e+00 -1.449541e+00 1.423178e+00
-1.800000e+00 1.565000e+00 -1.449541e+00 1.423178e+00 -1.795000e+00 1.570000e+00 -1.444719e+00 1.422946e+00
-9.350000e-01 1.560000e+00 -1.285633e+00 1.678520e+00 -9.300000e-01 1.565000e+00 -1.280478e+00 1.678571e+00
-9.300000e-01 1.565000e+00 -1.280478e+00 1.678571e+00 -9.200000e-01 1.565000e+00 -1.270488e+00 1.678881e+00
-9.200000e-01 1.565000e+00 -1.270488e+00 1.678881e+00 -9.150000e-01 1.570000e+00 -1.265346e+00 1.679146e+00
-1.795000e+00 1.570000e+00 -1.444719e+00 1.422946e+00 -1.790000e+00 1.575000e+00 -1.440019e+00 1.422756e+00
-1.790000e+00 1.575000e+00 -1.440019e+00 1.422756e+00 -1.785000e+00 1.580000e+00 -1.435335e+00 1.422440e+00
-9.150000e-01 1.570000e+00 -1.265346e+00 1.679146e+00 -9.100000e-01 1.575000e+00 -1.260101e+00 1.679402e+00
-9.100000e-01 1.575000e+00 -1.260101e+00 1.679402e+00 -9.050000e-01 1.580000e+00 -1.254866e+00 1.679758e+00
-1.785000e+00 1.580000e+00 -1.435335e+00 1.422440e+00 -1.780000e+00 1.585000e+00 -1.430778e+00 1.422175e+00
-1.780000e+00 1.585000e+00 -1.430778e+00 1.422175e+00 -1.770000e+00 1.585000e+00 -1.420853e+00 1.421321e+00
-1.770000e+00 1.585000e+00 -1.420853e+00 1.421321e+00 -1.765000e+00 1.590000e+00 -1.416342e+00 1.420793e+00
-9.050000e-01 1.580000e+00 -1.254866e+00 1.679758e+00 -9.000000e-01 1.585000e+00 -1.249534e+00 1.680111e+00
-9.000000e-01 1.585000e+00 -1.249534e+00 1.680111e+00 -8.950000e-01 1.590000e+00 -1.244215e+00 1.680561e+00
-1.765000e+00 1.590000e+00 -1.416342e+00 1.420793e+00 -1.760000e+00 1.595000e+00 -1.411967e+00 1.420331e+00
-1.760000e+00 1.595000e+00 -1.411967e+00 1.420331e+00 -1.755000e+00 1.600000e+00 -1.407625e+00 1.419731e+00
-8.950000e-01 1.590000e+00 -1.244215e+00 1.680561e+00 -8.900000e-01 1.595000e+00 -1.238802e+00 1.681014e+00
-8.900000e-01 1.595000e+00 -1.238802e+00 1.681014e+00 -8.850000e-01 1.600000e+00 -1.233406e+00 1.681559e+00
-1.755000e+00 1.600000e+00 -1.407625e+00 1.419731e+00 -1.750000e+00 1.605000e+00 -1.403421e+00 1.419208e+00
-1.750000e+00 1.605000e+00 -1.403421e+00 1.419208e+00 -1.745000e+00 1.610000e+00 -1.399260e+00 1.418546e+00
-8.850000e-01 1.600000e+00 -1.233406e+00 1.681559e+00 -8.800000e-01 1.605000e+00 -1.227921e+00 1.682113e+00
-8.800000e-01 1.605000e+00 -1.227921e+00 1.682113e+00 -8.750000e-01 1.610000e+00 -1.222455e+00 1.682754e+00
-1.745000e+00 1.610000e+00 -1.399260e+00 1.418546e+00 -1.740000e+00 1.615000e+00 -1.395238e+00 1.417973e+00
-1.740000e+00 1.615000e+00 -1.395238e+00 1.417973e+00 -1.730000e+00 1.615000e+00 -1.385553e+00 1.416230e+00
-1.730000e+00 1.615000e+00 -1.385553e+00 1.416230e+00 -1.725000e+00 1.620000e+00 -1.381641e+00 1.415371e+00
-8.750000e-01 1.610000e+00 -1.222455e+00 1.682754e+00 -8.700000e-01 1.615000e+00 -1.216904e+00 1.683410e+00
-8.700000e-01 1.615000e+00 -1.216904e+00 1.683410e+00 -8.650000e-01 1.620000e+00 -1.211375e+00 1.684149e+00
-1.725000e+00 1.620000e+00 -1.381641e+00 1.415371e+00 -1.720000e+00 1.625000e+00 -1.377875e+00 1.414622e+00
-1.720000e+00 1.625000e+00 -1.377875e+00 1.414622e+00 -1.715000e+00 1.630000e+00 -1.374178e+00 1.413727e+00
-8.650000e-01 1.620000e+00 -1.211375e+00 1.684149e+00 -8.600000e-01 1.625000e+00 -1.205765e+00 1.684908e+00
-8.600000e-01 1.625000e+00 -1.205765e+00 1.684908e+00 -8.550000e-01 1.630000e+00 -1.200178e+00 1.685744e+00
-1.715000e+00 1.630000e+00 -1.374178e+00 1.413727e+00 -1.710000e+00 1.635000e+00 -1.370626e+00 1.412955e+00
-1.710000e+00 1.635000e+00 -1.370626e+00 1.412955e+00 -1.700000e+00 1.635000e+00 -1.361255e+00 1.410528e+00
-1.700000e+00 1.635000e+00 -1.361255e+00 1.410528e+00 -1.695000e+00 1.640000e+00 -1.357874e+00 1.409463e+00
-8.550000e-01 1.630000e+00 -1.200178e+00 1.685744e+00 -8.500000e-01 1.635000e+00 -1.194516e+00 1.686606e+00
-8.500000e-01 1.635000e+00 -1.194516e+00 1.686606e+00 -8.450000e-01 1.640000e+00 -1.188878e+00 1.687541e+00
-1.695000e+00 1.640000e+00 -1.357874e+00 1.409463e+00 -1.690000e+00 1.645000e+00 -1.354640e+00 1.408546e+00
-1.690000e+00 1.645000e+00 -1.354640e+00 1.408546e+00 -1.685000e+00 1.650000e+00 -1.351509e+00 1.407484e+00
-8.450000e-01 1.640000e+00 -1.188878e+00 1.687541e+00 -8.400000e-01 1.645000e+00 -1.183169e+00 1.688506e+00
-8.400000e-01 1.645000e+00 -1.183169e+00 1.688506e+00 -8.350000e-01 1.650000e+00 -1.177484e+00 1.689539e+00
-1.685000e+00 1.650000e+00 -1.351509e+00 1.407484e+00 -1.680000e+00 1.655000e+00 -1.348521e+00 1.406587e+00
-1.680000e+00 1.655000e+00 -1.348521e+00 1.406587e+00 -1.670000e+00 1.655000e+00 -1.339631e+00 1.403442e+00
-1.670000e+00 1.655000e+00 -1.339631e+00 1.403442e+00 -1.665000e+00 1.660000e+00 -1.336887e+00 1.402262e+00
-8.350000e-01 1.650000e+00 -1.177484e+00 1.689539e+00 -8.300000e-01 1.655000e+00 -1.171734e+00 1.690606e+00
-8.300000e-01 1.655000e+00 -1.171734e+00 1.690606e+00 -8.250000e-01 1.660000e+00 -1.166009e+00 1.691737e+00
-1.665000e+00 1.660000e+00 -1.336887e+00 1.402262e+00 -1.660000e+00 1.665000e+00 -1.334282e+00 1.401276e+00
-1.660000e+00 1.665000e+00 -1.334282e+00 1.401276e+00 -1.655000e+00 1.670000e+00 -1.331819e+00 1.400157e+00
-8.250000e-01 1.660000e+00 -1.166009e+00 1.691737e+00 -8.200000e-01 1.665000e+00 -1.160222e+00 1.692906e+00
-8.200000e-01 1.665000e+00 -1.160222e+00 1.692906e+00 -8.150000e-01 1.670000e+00 -1.154460e+00 1.694135e+00
-1.655000e+00 1.670000e+00 -1.331819e+00 1.400157e+00 -1.650000e+00 1.675000e+00 -1.329484e+00 1.399247e+00
-1.650000e+00 1.675000e+00 -1.329484e+00 1.399247e+00 -1.640000e+00 1.675000e+00 -1.321283e+00 1.395405e+00
-1.640000e+00 1.675000e+00 -1.321283e+00 1.395405e+00 -1.635000e+00 1.680000e+00 -1.319275e+00 1.394253e+00
-8.150000e-01 1.670000e+00 -1.154460e+00 1.694135e+00 -8.100000e-01 1.675000e+00 -1.148642e+00 1.695405e+00
-8.100000e-01 1.675000e+00 -1.148642e+00 1.695405e+00 -8.050000e-01 1.680000e+00 -1.142849e+00 1.696730e+00
-1.635000e+00 1.680000e+00 -1.319275e+00 1.394253e+00 -1.630000e+00 1.685000e+00 -1.317381e+00 1.393344e+00
-1.630000e+00 1.685000e+00 -1.317381e+00 1.393344e+00 -1.625000e+00 1.690000e+00 -1.315671e+00 1.392329e+00
-8.050000e-01 1.680000e+00 -1.142849e+00 1.696730e+00 -8.050000e-01 1.690000e+00 -1.140642e+00 1.697263e+00
-1.625000e+00 1.690000e+00 -1.315671e+00 1.392329e+00 -1.620000e+00 1.695000e+00 -1.314055e+00 1.391571e+00
-1.620000e+00 1.695000e+00 -1.314055e+00 1.391571e+00 -1.610000e+00 1.695000e+00 -1.306775e+00 1.387132e+00
-1.610000e+00 1.695000e+00 -1.306775e+00 1.387132e+00 -1.605000e+00 1.700000e+00 -1.305566e+00 1.386209e+00
-8.050000e-01 1.690000e+00 -1.140642e+00 1.697263e+00 -8.000000e-01 1.695000e+00 -1.134745e+00 1.698684e+00
-8.000000e-01 1.695000e+00 -1.134745e+00 1.698684e+00 -7.950000e-01 1.700000e+00 -1.128876e+00 1.700152e+00
-1.605000e+00 1.700000e+00 -1.305566e+00 1.386209e+00 -1.600000e+00 1.705000e+00 -1.304424e+00 1.385572e+00
-1.600000e+00 1.705000e+00 -1.304424e+00 1.385572e+00 -1.590000e+00 1.705000e+00 -1.297827e+00 1.380821e+00
-1.590000e+00 1.705000e+00 -1.297827e+00 1.380821e+00 -1.585000e+00 1.710000e+00 -1.297137e+00 1.380082e+00
-7.950000e-01 1.700000e+00 -1.128876e+00 1.700152e+00 -7.900000e-01 1.705000e+00 -1.122960e+00 1.701674e+00
-7.900000e-01 1.705000e+00 -1.122960e+00 1.701674e+00 -7.850000e-01 1.710000e+00 -1.117071e+00 1.703241e+00
-1.585000e+00 1.710000e+00 -1.297137e+00 1.380082e+00 -1.580000e+00 1.715000e+00 -1.296480e+00 1.379653e+00
-1.580000e+00 1.715000e+00 -1.296480e+00 1.379653e+00 -1.575000e+00 1.720000e+00 -1.296059e+00 1.379207e+00
-7.850000e-01 1.710000e+00 -1.117071e+00 1.703241e+00 -7.800000e-01 1.715000e+00 -1.111140e+00 1.704863e+00
-7.800000e-01 1.715000e+00 -1.111140e+00 1.704863e+00 -7.750000e-01 1.720000e+00 -1.105235e+00 1.706525e+00
-1.575000e+00 1.720000e+00 -1.296059e+00 1.379207e+00 -1.570000e+00 1.725000e+00 -1.295640e+00 1.379072e+00
-1.570000e+00 1.725000e+00 -1.295640e+00 1.379072e+00 -1.560000e+00 1.725000e+00 -1.290307e+00 1.374108e+00
-1.560000e+00 1.725000e+00 -1.290307e+00 1.374108e+00 -1.555000e+00 1.730000e+00 -1.290368e+00 1.374016e+00
-7.750000e-01 1.720000e+00 -1.105235e+00 1.706525e+00 -7.750000e-01 1.730000e+00 -1.102585e+00 1.707316e+00
-1.555000e+00 1.730000e+00 -1.290368e+00 1.374016e+00 -1.550000e+00 1.735000e+00 -1.290384e+00 1.374244e+00
-1.550000e+00 1.735000e+00 -1.290384e+00 1.374244e+00 -1.540000e+00 1.735000e+00 -1.285920e+00 1.369276e+00
-1.540000e+00 1.735000e+00 -1.285920e+00 1.369276e+00 -1.535000e+00 1.740000e+00 -1.286414e+00 1.369646e+00
-7.750000e-01 1.730000e+00 -1.102585e+00 1.707316e+00 -7.700000e-01 1.735000e+00 -1.096607e+00 1.709100e+00
-7.700000e-01 1.735000e+00 -1.096607e+00 1.709100e+00 -7.650000e-01 1.740000e+00 -1.090654e+00 1.710916e+00
-1.535000e+00 1.740000e+00 -1.286414e+00 1.369646e+00 -1.530000e+00 1.745000e+00 -1.286811e+00 1.370331e+00
-1.530000e+00 1.745000e+00 -1.286811e+00 1.370331e+00 -1.520000e+00 1.745000e+00 -1.283244e+00 1.365520e+00
-1.520000e+00 1.745000e+00 -1.283244e+00 1.365520e+00 -1.515000e+00 1.750000e+00 -1.284088e+00 1.366451e+00
-7.650000e-01 1.740000e+00 -1.090654e+00 1.710916e+00 -7.650000e-01 1.750000e+00 -1.087779e+00 1.711804e+00
-1.515000e+00 1.750000e+00 -1.284088e+00 1.366451e+00 -1.510000e+00 1.755000e+00 -1.284785e+00 1.367677e+00
-1.510000e+00 1.755000e+00 -1.284785e+00 1.367677e+00 -1.500000e+00 1.755000e+00 -1.282095e+00 1.363195e+00
-1.500000e+00 1.755000e+00 -1.282095e+00 1.363195e+00 -1.495000e+00 1.760000e+00 -1.283179e+00 1.364762e+00
-7.650000e-01 1.750000e+00 -1.087779e+00 1.711804e+00 -7.600000e-01 1.755000e+00 -1.081767e+00 1.713755e+00
-7.600000e-01 1.755000e+00 -1.081767e+00 1.713755e+00 -7.550000e-01 1.760000e+00 -1.075780e+00 1.715731e+00
-1.495000e+00 1.760000e+00 -1.283179e+00 1.364762e+00 -1.490000e+00 1.765000e+00 -1.284072e+00 1.366591e+00
-1.490000e+00 1.765000e+00 -1.284072e+00 1.366591e+00 -1.480000e+00 1.765000e+00 -1.282191e+00 1.362604e+00
-1.480000e+00 1.765000e+00 -1.282191e+00 1.362604e+00 -1.475000e+00 1.770000e+00 -1.283384e+00 1.364851e+00
-7.550000e-01 1.760000e+00 -1.075780e+00 1.715731e+00 -7.550000e-01 1.770000e+00 -1.072704e+00 1.716752e+00
-1.475000e+00 1.770000e+00 -1.283384e+00 1.364851e+00 -1.470000e+00 1.775000e+00 -1.284354e+00 1.367316e+00
-1.470000e+00 1.775000e+00 -1.284354e+00 1.367316e+00 -1.460000e+00 1.775000e+00 -1.283167e+00 1.363968e+00
-1.460000e+00 1.775000e+00 -1.283167e+00 1.363968e+00 -1.455000e+00 1.780000e+00 -1.284332e+00 1.366900e+00
-7.550000e-01 1.770000e+00 -1.072704e+00 1.716752e+00 -7.500000e-01 1.775000e+00 -1.066673e+00 1.718875e+00
-7.500000e-01 1.775000e+00 -1.066673e+00 1.718875e+00 -7.450000e-01 1.780000e+00 -1.060665e+00 1.721017e+00
-1.455000e+00 1.780000e+00 -1.284332e+00 1.366900e+00 -1.450000e+00 1.785000e+00 -1.285257e+00 1.369997e+00
-1.450000e+00 1.785000e+00 -1.285257e+00 1.369997e+00 -1.440000e+00 1.785000e+00 -1.284615e+00 1.367394e+00
-1.440000e+00 1.785000e+00 -1.284615e+00 1.367394e+00 -1.435000e+00 1.790000e+00 -1.285624e+00 1.370978e+00
-7.450000e-01 1.780000e+00 -1.060665e+00 1.721017e+00 -7.450000e-01 1.790000e+00 -1.057416e+00 1.722205e+00
-1.435000e+00 1.790000e+00 -1.285624e+00 1.370978e+00 -1.430000e+00 1.795000e+00 -1.286390e+00 1.374675e+00
-1.430000e+00 1.795000e+00 -1.286390e+00 1.374675e+00 -1.420000e+00 1.795000e+00 -1.286127e+00 1.372876e+00
-1.420000e+00 1.795000e+00 -1.286127e+00 1.372876e+00 -1.415000e+00 1.800000e+00 -1.286871e+00 1.377049e+00
-7.450000e-01 1.790000e+00 -1.057416e+00 1.722205e+00 -7.400000e-01 1.795000e+00 -1.051378e+00 1.724503e+00
-7.400000e-01 1.795000e+00 -1.051378e+00 1.724503e+00 -7.350000e-01 1.800000e+00 -1.045360e+00 1.726812e+00
-1.415000e+00 1.800000e+00 -1.286871e+00 1.377049e+00 -1.410000e+00 1.805000e+00 -1.287383e+00 1.381286e+00
-1.410000e+00 1.805000e+00 -1.287383e+00 1.381286e+00 -1.400000e+00 1.805000e+00 -1.287333e+00 1.380304e+00
-1.400000e+00 1.805000e+00 -1.287333e+00 1.380304e+00 -1.395000e+00 1.810000e+00 -1.287729e+00 1.384982e+00
-7.350000e-01 1.800000e+00 -1.045360e+00 1.726812e+00 -7.350000e-01 1.810000e+00 -1.041967e+00 1.728199e+00
-1.395000e+00 1.810000e+00 -1.287729e+00 1.384982e+00 -1.390000e+00 1.815000e+00 -1.287916e+00 1.389684e+00
-1.390000e+00 1.815000e+00 -1.287916e+00 1.389684e+00 -1.380000e+00 1.815000e+00 -1.287928e+00 1.389492e+00
-1.380000e+00 1.815000e+00 -1.287928e+00 1.389492e+00 -1.375000e+00 1.820000e+00 -1.287925e+00 1.394584e+00
-7.350000e-01 1.810000e+00 -1.041967e+00 1.728199e+00 -7.350000e-01 1.820000e+00 -1.038463e+00 1.729641e+00
-1.375000e+00 1.820000e+00 -1.287925e+00 1.394584e+00 -1.370000e+00 1.825000e+00 -1.287740e+00 1.399669e+00
-1.370000e+00 1.825000e+00 -1.287740e+00 1.399669e+00 -1.360000e+00 1.825000e+00 -1.287686e+00 1.400212e+00
-1.360000e+00 1.825000e+00 -1.287686e+00 1.400212e+00 -1.355000e+00 1.830000e+00 -1.287256e+00 1.405626e+00
-7.350000e-01 1.820000e+00 -1.038463e+00 1.729641e+00 -7.350000e-01 1.830000e+00 -1.034857e+00 1.731154e+00
-1.355000e+00 1.830000e+00 -1.287256e+00 1.405626e+00 -1.350000e+00 1.835000e+00 -1.286677e+00 1.411013e+00
-1.350000e+00 1.835000e+00 -1.286677e+00 1.411013e+00 -1.340000e+00 1.835000e+00 -1.286453e+00 1.412216e+00
-1.340000e+00 1.835000e+00 -1.286453e+00 1.412216e+00 -1.330000e+00 1.835000e+00 -1.286290e+00 1.413773e+00
-1.330000e+00 1.835000e+00 -1.286290e+00 1.413773e+00 -1.325000e+00 1.840000e+00 -1.285272e+00 1.419542e+00
-7.350000e-01 1.830000e+00 -1.034857e+00 1.731154e+00 -7.350000e-01 1.840000e+00 -1.031156e+00 1.732750e+00
-1.325000e+00 1.840000e+00 -1.285272e+00 1.419542e+00 -1.320000e+00 1.845000e+00 -1.284148e+00 1.425265e+00
-1.320000e+00 1.845000e+00 -1.284148e+00 1.425265e+00 -1.310000e+00 1.845000e+00 -1.283698e+00 1.427376e+00
-1.310000e+00 1.845000e+00 -1.283698e+00 1.427376e+00 -1.305000e+00 1.850000e+00 -1.282256e+00 1.433281e+00
-7.350000e-01 1.840000e+00 -1.031156e+00 1.732750e+00 -7.350000e-01 1.850000e+00 -1.027368e+00 1.734444e+00
-1.305000e+00 1.850000e+00 -1.282256e+00 1.433281e+00 -1.300000e+00 1.855000e+00 -1.280737e+00 1.439139e+00
-1.300000e+00 1.855000e+00 -1.280737e+00 1.439139e+00 -1.290000e+00 1.855000e+00 -1.279959e+00 1.441716e+00
-1.290000e+00 1.855000e+00 -1.279959e+00 1.441716e+00 -1.280000e+00 1.855000e+00 -1.279150e+00 1.444587e+00
-1.280000e+00 1.855000e+00 -1.279150e+00 1.444587e+00 -1.275000e+00 1.860000e+00 -1.277145e+00 1.450620e+00
-7.350000e-01 1.850000e+00 -1.027368e+00 1.734444e+00 -7.350000e-01 1.860000e+00 -1.023503e+00 1.736246e+00
-1.275000e+00 1.860000e+00 -1.277145e+00 1.450620e+00 -1.270000e+00 1.865000e+00 -1.275098e+00 1.456606e+00
-1.270000e+00 1.865000e+00 -1.275098e+00 1.456606e+00 -1.260000e+00 1.865000e+00 -1.273915e+00 1.459834e+00
-1.260000e+00 1.865000e+00 -1.273915e+00 1.459834e+00 -1.255000e+00 1.870000e+00 -1.271550e+00 1.465882e+00
-7.350000e-01 1.860000e+00 -1.023503e+00 1.736246e+00 -7.350000e-01 1.870000e+00 -1.019571e+00 1.738170e+00
-1.255000e+00 1.870000e+00 -1.271550e+00 1.465882e+00 -1.250000e+00 1.875000e+00 -1.269164e+00 1.471890e+00
-1.250000e+00 1.875000e+00 -1.269164e+00 1.471890e+00 -1.240000e+00 1.875000e+00 -1.267602e+00 1.475404e+00
-1.240000e+00 1.875000e+00 -1.267602e+00 1.475404e+00 -1.230000e+00 1.875000e+00 -1.265960e+00 1.479144e+00
-1.230000e+00 1.875000e+00 -1.265960e+00 1.479144e+00 -1.225000e+00 1.880000e+00 -1.263118e+00 1.485176e+00
-7.400000e-01 1.875000e+00 -1.021573e+00 1.737203e+00 -7.450000e-01 1.880000e+00 -1.023491e+00 1.736165e+00
-7.350000e-01 1.870000e+00 -1.019571e+00 1.738170e+00 -7.400000e-01 1.875000e+00 -1.021573e+00 1.737203e+00
-1.225000e+00 1.880000e+00 -1.263118e+00 1.485176e+00 -1.220000e+00 1.885000e+00 -1.260280e+00 1.491178e+00
-1.220000e+00 1.885000e+00 -1.260280e+00 1.491178e+00 -1.210000e+00 1.885000e+00 -1.258255e+00 1.495117e+00
-1.210000e+00 1.885000e+00 -1.258255e+00 1.495117e+00 -1.200000e+00 1.885000e+00 -1.256135e+00 1.499245e+00
-1.200000e+00 1.885000e+00 -1.256135e+00 1.499245e+00 -1.195000e+00 1.890000e+00 -1.252871e+00 1.505206e+00
-7.450000e-01 1.880000e+00 -1.023491e+00 1.736165e+00 -7.450000e-01 1.890000e+00 -1.019364e+00 1.738321e+00
-1.195000e+00 1.890000e+00 -1.252871e+00 1.505206e+00 -1.190000e+00 1.895000e+00 -1.249629e+00 1.511151e+00
-1.190000e+00 1.895000e+00 -1.249629e+00 1.511151e+00 -1.180000e+00 1.895000e+00 -1.247135e+00 1.515405e+00
-1.180000e+00 1.895000e+00 -1.247135e+00 1.515405e+00 -1.170000e+00 1.895000e+00 -1.244536e+00 1.519815e+00
-1.170000e+00 1.895000e+00 -1.244536e+00 1.519815e+00 -1.165000e+00 1.900000e+00 -1.240904e+00 1.525670e+00
-7.500000e-01 1.895000e+00 -1.021155e+00 1.737398e+00 -7.550000e-01 1.900000e+00 -1.022863e+00 1.736419e+00
-7.450000e-01 1.890000e+00 -1.019364e+00 1.738321e+00 -7.500000e-01 1.895000e+00 -1.021155e+00 1.737398e+00
-1.165000e+00 1.900000e+00 -1.240904e+00 1.525670e+00 -1.160000e+00 1.905000e+00 -1.237309e+00 1.531523e+00
-1.160000e+00 1.905000e+00 -1.237309e+00 1.531523e+00 -1.150000e+00 1.905000e+00 -1.234354e+00 1.536000e+00
-1.150000e+00 1.905000e+00 -1.234354e+00 1.536000e+00 -1.140000e+00 1.905000e+00 -1.231290e+00 1.540603e+00
-1.140000e+00 1.905000e+00 -1.231290e+00 1.540603e+00 -1.130000e+00 1.905000e+00 -1.228114e+00 1.545325e+00
-1.130000e+00 1.905000e+00 -1.228114e+00 1.545325e+00 -1.125000e+00 1.910000e+00 -1.224053e+00 1.551001e+00
-7.600000e-01 1.905000e+00 -1.024520e+00 1.735518e+00 -7.650000e-01 1.910000e+00 -1.026095e+00 1.734570e+00
-7.550000e-01 1.900000e+00 -1.022863e+00 1.736419e+00 -7.600000e-01 1.905000e+00 -1.024520e+00 1.735518e+00
-1.125000e+00 1.910000e+00 -1.224053e+00 1.551001e+00 -1.120000e+00 1.915000e+00 -1.220043e+00 1.556694e+00
-1.120000e+00 1.915000e+00 -1.220043e+00 1.556694e+00 -1.110000e+00 1.915000e+00 -1.216535e+00 1.561421e+00
-1.110000e+00 1.915000e+00 -1.216535e+00 1.561421e+00 -1.100000e+00 1.915000e+00 -1.212915e+00 1.566240e+00
-1.100000e+00 1.915000e+00 -1.212915e+00 1.566240e+00 -1.090000e+00 1.915000e+00 -1.209181e+00 1.571145e+00
-1.090000e+00 1.915000e+00 -1.209181e+00 1.571145e+00 -1.085000e+00 1.920000e+00 -1.204765e+00 1.576618e+00
-7.800000e-01 1.915000e+00 -1.034964e+00 1.729286e+00 -7.850000e-01 1.920000e+00 -1.036337e+00 1.728359e+00
-7.800000e-01 1.915000e+00 -1.034964e+00 1.729286e+00 -7.700000e-01 1.915000e+00 -1.027628e+00 1.733714e+00
-7.650000e-01 1.910000e+00 -1.026095e+00 1.734570e+00 -7.700000e-01 1.915000e+00 -1.027628e+00 1.733714e+00
-1.085000e+00 1.920000e+00 -1.204765e+00 1.576618e+00 -1.080000e+00 1.925000e+00 -1.200407e+00 1.582125e+00
-1.080000e+00 1.925000e+00 -1.200407e+00 1.582125e+00 -1.070000e+00 1.925000e+00 -1.196371e+00 1.586988e+00
-1.070000e+00 1.925000e+00 -1.196371e+00 1.586988e+00 -1.060000e+00 1.925000e+00 -1.192223e+00 1.591916e+00
-1.060000e+00 1.925000e+00 -1.192223e+00 1.591916e+00 -1.050000e+00 1.925000e+00 -1.187963e+00 1.596903e+00
-1.050000e+00 1.925000e+00 -1.187963e+00 1.596903e+00 -1.045000e+00 1.930000e+00 -1.183257e+00 1.602167e+00
-8.000000e-01 1.925000e+00 -1.044769e+00 1.722990e+00 -8.050000e-01 1.930000e+00 -1.045958e+00 1.722133e+00
-8.000000e-01 1.925000e+00 -1.044769e+00 1.722990e+00 -7.900000e-01 1.925000e+00 -1.037681e+00 1.727544e+00
-7.850000e-01 1.920000e+00 -1.036337e+00 1.728359e+00 -7.900000e-01 1.925000e+00 -1.037681e+00 1.727544e+00
-1.045000e+00 1.930000e+00 -1.183257e+00 1.602167e+00 -1.040000e+00 1.935000e+00 -1.178613e+00 1.607478e+00
-1.040000e+00 1.935000e+00 -1.178613e+00 1.607478e+00 -1.030000e+00 1.935000e+00 -1.174081e+00 1.612390e+00
-1.030000e+00 1.935000e+00 -1.174081e+00 1.612390e+00 -1.020000e+00 1.935000e+00 -1.169440e+00 1.617343e+00
-1.020000e+00 1.935000e+00 -1.169440e+00 1.617343e+00 -1.010000e+00 1.935000e+00 -1.164690e+00 1.622333e+00
-1.010000e+00 1.935000e+00 -1.164690e+00 1.622333e+00 -1.000000e+00 1.935000e+00 -1.159831e+00 1.627352e+00
-1.000000e+00 1.935000e+00 -1.159831e+00 1.627352e+00 -9.900000e-01 1.935000e+00 -1.154861e+00 1.632395e+00
-9.900000e-01 1.935000e+00 -1.154861e+00 1.632395e+00 -9.800000e-01 1.935000e+00 -1.149782e+00 1.637456e+00
-9.800000e-01 1.935000e+00 -1.149782e+00 1.637456e+00 -9.750000e-01 1.940000e+00 -1.144651e+00 1.642318e+00
-8.400000e-01 1.935000e+00 -1.067383e+00 1.707322e+00 -8.450000e-01 1.940000e+00 -1.068265e+00 1.706586e+00
-8.400000e-01 1.935000e+00 -1.067383e+00 1.707322e+00 -8.300000e-01 1.935000e+00 -1.060728e+00 1.712068e+00
-8.300000e-01 1.935000e+00 -1.060728e+00 1.712068e+00 -8.200000e-01 1.935000e+00 -1.053977e+00 1.716764e+00
-8.200000e-01 1.935000e+00 -1.053977e+00 1.716764e+00 -8.100000e-01 1.935000e+00 -1.047133e+00 1.721406e+00
-8.050000e-01 1.930000e+00 -1.045958e+00 1.722133e+00 -8.100000e-01 1.935000e+00 -1.047133e+00 1.721406e+00
-9.750000e-01 1.940000e+00 -1.144651e+00 1.642318e+00 -9.700000e-01 1.945000e+00 -1.139585e+00 1.647250e+00
-9.700000e-01 1.945000e+00 -1.139585e+00 1.647250e+00 -9.600000e-01 1.945000e+00 -1.134279e+00 1.652194e+00
-9.600000e-01 1.945000e+00 -1.134279e+00 1.652194e+00 -9.500000e-01 1.945000e+00 -1.128870e+00 1.657145e+00
-9.500000e-01 1.945000e+00 -1.128870e+00 1.657145e+00 -9.400000e-01 1.945000e+00 -1.123356e+00 1.662098e+00
-9.400000e-01 1.945000e+00 -1.123356e+00 1.662098e+00 -9.300000e-01 1.945000e+00 -1.117739e+00 1.667047e+00
-9.300000e-01 1.945000e+00 -1.117739e+00 1.667047e+00 -9.200000e-01 1.945000e+00 -1.112019e+00 1.671989e+00
-9.200000e-01 1.945000e+00 -1.112019e+00 1.671989e+00 -9.100000e-01 1.945000e+00 -1.106196e+00 1.676919e+00
-9.100000e-01 1.945000e+00 -1.106196e+00 1.676919e+00 -9.000000e-01 1.945000e+00 -1.100272e+00 1.681832e+00
-9.000000e-01 1.945000e+00 -1.100272e+00 1.681832e+00 -8.900000e-01 1.945000e+00 -1.094247e+00 1.686724e+00
-8.900000e-01 1.945000e+00 -1.094247e+00 1.686724e+00 -8.800000e-01 1.945000e+00 -1.088122e+00 1.691591e+00
-8.800000e-01 1.945000e+00 -1.088122e+00 1.691591e+00 -8.700000e-01 1.945000e+00 -1.081898e+00 1.696430e+00
-8.700000e-01 1.945000e+00 -1.081898e+00 1.696430e+00 -8.600000e-01 1.945000e+00 -1.075575e+00 1.701237e+00
-8.600000e-01 1.945000e+00 -1.075575e+00 1.701237e+00 -8.500000e-01 1.945000e+00 -1.069156e+00 1.706007e+00
-8.450000e-01 1.940000e+00 -1.068265e+00 1.706586e+00 -8.500000e-01 1.945000e+00 -1.069156e+00 1.706007e+00
-1.379927e+00 1.550969e+00 -1.725652e+00 1.678492e+00 -1.379927e+00 1.550969e+00 -1.724533e+00 1.646923e+00
-1.379927e+00 1.550969e+00 -1.724533e+00 1.646923e+00 -1.379927e+00 1.550969e+00 -1.720900e+00 1.612533e+00
-1.379927e+00 1.550969e+00 -1.720900e+00 1.612533e+00 -1.379927e+00 1.550969e+00 -1.714288e+00 1.575156e+00
-1.379927e+00 1.550969e+00 -1.714288e+00 1.575156e+00 -1.379927e+00 1.550969e+00 -1.704207e+00 1.534811e+00
-1.379927e+00 1.550969e+00 -1.704207e+00 1.534811e+00 -1.379927e+00 1.550969e+00 -1.690240e+00 1.491888e+00
-1.379927e+00 1.550969e+00 -1.690240e+00 1.491888e+00 -1.379927e+00 1.550969e+00 -1.672230e+00 1.447347e+00
-1.379927e+00 1.550969e+00 -1.672230e+00 1.447347e+00 -1.379927e+00 1.550969e+00 -1.650480e+00 1.402764e+00
-1.379927e+00 1.550969e+00 -1.650480e+00 1.402764e+00 -1.379927e+00 1.550969e+00 -1.625811e+00 1.360022e+00
-1.379927e+00 1.550969e+00 -1.625811e+00 1.360022e+00 -1.379927e+00 1.550969e+00 -1.599342e+00 1.320751e+00
-1.379927e+00 1.550969e+00 -1.599342e+00 1.320751e+00 -1.379927e+00 1.550969e+00 -1.572140e+00 1.285901e+00
-1.379927e+00 1.550969e+00 -1.572140e+00 1.285901e+00 -1.379927e+00 1.550969e+00 -1.544996e+00 1.255722e+00
-1.379927e+00 1.550969e+00 -1.544996e+00 1.255722e+00 -1.379927e+00 1.550969e+00 -1.518389e+00 1.230000e+00
-1.379927e+00 1.550969e+00 -1.518389e+00 1.230000e+00 -1.379927e+00 1.550969e+00 -1.492563e+00 1.208307e+00
-1.379927e+00 1.550969e+00 -1.492563e+00 1.208307e+00 -1.379927e+00 1.550969e+00 -1.467617e+00 1.190163e+00
-1.379927e+00 1.550969e+00 -1.467617e+00 1.190163e+00 -1.379927e+00 1.550969e+00 -1.443565e+00 1.175118e+00
-1.379927e+00 1.550969e+00 -1.443565e+00 1.175118e+00 -1.379927e+00 1.550969e+00 -1.420383e+00 1.162779e+00
-1.379927e+00 1.550969e+00 -1.420383e+00 1.162779e+00 -1.379927e+00 1.550969e+00 -1.398031e+00 1.152817e+00
-1.379927e+00 1.550969e+00 -1.398031e+00 1.152817e+00 -1.379927e+00 1.550969e+00 -1.376461e+00 1.144957e+00
-1.379927e+00 1.550969e+00 -1.376461e+00 1.144957e+00 -1.379927e+00 1.550969e+00 -1.355627e+00 1.138976e+00
-1.379927e+00 1.550969e+00 -1.355627e+00 1.138976e+00 -1.379927e+00 1.550969e+00 -1.335486e+00 1.134689e+00
-1.379927e+00 1.550969e+00 -1.335486e+00 1.134689e+00 -1.379927e+00 1.550969e+00 -1.316000e+00 1.131946e+00
-1.379927e+00 1.550969e+00 -1.316000e+00 1.131946e+00 -1.379927e+00 1.550969e+00 -1.297136e+00 1.130623e+00
-1.379927e+00 1.550969e+00 -1.297136e+00 1.130623e+00 -1.379927e+00 1.550969e+00 -1.278868e+00 1.130619e+00
-1.379927e+00 1.550969e+00 -1.278868e+00 1.130619e+00 -1.379927e+00 1.550969e+00 -1.261171e+00 1.131854e+00
-1.379927e+00 1.550969e+00 -1.261171e+00 1.131854e+00 -1.379927e+00 1.550969e+00 -1.244028e+00 1.134261e+00
-1.379927e+00 1.550969e+00 -1.244028e+00 1.134261e+00 -1.379927e+00 1.550969e+00 -1.227425e+00 1.137788e+00
-1.379927e+00 1.550969e+00 -1.227425e+00 1.137788e+00 -1.379927e+00 1.550969e+00 -1.211352e+00 1.142396e+00
-1.379927e+00 1.550969e+00 -1.211352e+00 1.142396e+00 -1.379927e+00 1.550969e+00 -1.195805e+00 1.148054e+00
-1.379927e+00 1.550969e+00 -1.195805e+00 1.148054e+00 -1.379927e+00 1.550969e+00 -1.180782e+00 1.154742e+00
-1.379927e+00 1.550969e+00 -1.180782e+00 1.154742e+00 -1.379927e+00 1.550969e+00 -1.166285e+00 1.162450e+00
-1.379927e+00 1.550969e+00 -1.166285e+00 1.162450e+00 -1.379927e+00 1.550969e+00 -1.152322e+00 1.171175e+00
-1.379927e+00 1.550969e+00 -1.152322e+00 1.171175e+00 -1.379927e+00 1.550969e+00 -1.138906e+00 1.180924e+00
-1.379927e+00 1.550969e+00 -1.138906e+00 1.180924e+00 -1.379927e+00 1.550969e+00 -1.126052e+00 1.191712e+00
-1.379927e+00 1.550969e+00 -1.126052e+00 1.191712e+00 -1.379927e+00 1.550969e+00 -1.113783e+00 1.203562e+00
-1.379927e+00 1.550969e+00 -1.113783e+00 1.203562e+00 -1.379927e+00 1.550969e+00 -1.102130e+00 1.216508e+00
-1.379927e+00 1.550969e+00 -1.102130e+00 1.216508e+00 -1.379927e+00 1.550969e+00 -1.091129e+00 1.230594e+00
-1.379927e+00 1.550969e+00 -1.091129e+00 1.230594e+00 -1.379927e+00 1.550969e+00 -1.080825e+00 1.245876e+00
-1.379927e+00 1.550969e+00 -1.080825e+00 1.245876e+00 -1.379927e+00 1.550969e+00 -1.071276e+00 1.262424e+00
-1.379927e+00 1.550969e+00 -1.071276e+00 1.262424e+00 -1.379927e+00 1.550969e+00 -1.062552e+00 1.280322e+00
-1.379927e+00 1.550969e+00 -1.062552e+00 1.280322e+00 -1.379927e+00 1.550969e+00 -1.054740e+00 1.299673e+00
-1.379927e+00 1.550969e+00 -1.054740e+00 1.299673e+00 -1.379927e+00 1.550969e+00 -1.047948e+00 1.320602e+00
-1.379927e+00 1.550969e+00 -1.047948e+00 1.320602e+00 -1.379927e+00 1.550969e+00 -1.042309e+00 1.343254e+00
-1.379927e+00 1.550969e+00 -1.042309e+00 1.343254e+00 -1.379927e+00 1.550969e+00 -1.037990e+00 1.367805e+00
-1.379927e+00 1.550969e+00 -1.037990e+00 1.367805e+00 -1.379927e+00 1.550969e+00 -1.035200e+00 1.394459e+00
-1.379927e+00 1.550969e+00 -1.035200e+00 1.394459e+00 -1.379927e+00 1.550969e+00 -1.034202e+00 1.423446e+00
-1.379927e+00 1.550969e+00 -1.034202e+00 1.423446e+00 -1.379927e+00 1.550969e+00 -1.035320e+00 1.455015e+00
-1.379927e+00 1.550969e+00 -1.035320e+00 1.455015e+00 -1.379927e+00 1.550969e+00 -1.038953e+00 1.489405e+00
-1.379927e+00 1.550969e+00 -1.038953e+00 1.489405e+00 -1.379927e+00 1.550969e+00 -1.045565e+00 1.526782e+00
-1.379927e+00 1.550969e+00 -1.045565e+00 1.526782e+00 -1.379927e+00 1.550969e+00 -1.055646e+00 1.567127e+00
-1.379927e+00 1.550969e+00 -1.055646e+00 1.567127e+00 -1.379927e+00 1.550969e+00 -1.069613e+00 1.610050e+00
-1.379927e+00 1.550969e+00 -1.069613e+00 1.610050e+00 -1.379927e+00 1.550969e+00 -1.087624e+00 1.654591e+00
-1.379927e+00 1.550969e+00 -1.087624e+00 1.654591e+00 -1.379927e+00 1.550969e+00 -1.109373e+00 1.699174e+00
-1.379927e+00 1.550969e+00 -1.109373e+00 1.699174e+00 -1.379927e+00 1.550969e+00 -1.134042e+00 1.741916e+00
-1.379927e+00 1.550969e+00 -1.134042e+00 1.741916e+00 -1.379927e+00 1.550969e+00 -1.160512e+00 1.781187e+00
-1.379927e+00 1.550969e+00 -1.160512e+00 1.781187e+00 -1.379927e+00 1.550969e+00 -1.187714e+00 1.816037e+00
-1.379927e+00 1.550969e+00 -1.187714e+00 1.816037e+00 -1.379927e+00 1.550969e+00 -1.214858e+00 1.846216e+00
-1.379927e+00 1.550969e+00 -1.214858e+00 1.846216e+00 -1.379927e+00 1.550969e+00 -1.241465e+00 1.871938e+00
-1.379927e+00 1.550969e+00 -1.241465e+00 1.871938e+00 -1.379927e+00 1.550969e+00 -1.267290e+00 1.893631e+00
-1.379927e+00 1.550969e+00 -1.267290e+00 1.893631e+00 -1.379927e+00 1.550969e+00 -1.292237e+00 1.911776e+00
-1.379927e+00 1.550969e+00 -1.292237e+00 1.911776e+00 -1.379927e+00 1.550969e+00 -1.316289e+00 1.926821e+00
-1.379927e+00 1.550969e+00 -1.316289e+00 1.926821e+00 -1.379927e+00 1.550969e+00 -1.339470e+00 1.939159e+00
-1.379927e+00 1.550969e+00 -1.339470e+00 1.939159e+00 -1.379927e+00 1.550969e+00 -1.361822e+00 1.949121e+00
-1.379927e+00 1.550969e+00 -1.361822e+00 1.949121e+00 -1.379927e+00 1.550969e+00 -1.383392e+00 1.956981e+00
-1.379927e+00 1.550969e+00 -1.383392e+00 1.956981e+00 -1.379927e+00 1.550969e+00 -1.404226e+00 1.962962e+00
-1.379927e+00 1.550969e+00 -1.404226e+00 1.962962e+00 -1.379927e+00 1.550969e+00 -1.424367e+00 1.967249e+00
-1.379927e+00 1.550969e+00 -1.424367e+00 1.967249e+00 -1.379927e+00 1.550969e+00 -1.443853e+00 1.969992e+00
-1.379927e+00 1.550969e+00 -1.443853e+00 1.969992e+00 -1.379927e+00 1.550969e+00 -1.462717e+00 1.971316e+00
-1.379927e+00 1.550969e+00 -1.462717e+00 1.971316e+00 -1.379927e+00 1.550969e+00 -1.480986e+00 1.971319e+00
-1.379927e+00 1.550969e+00 -1.480986e+00 1.971319e+00 -1.379927e+00 1.550969e+00 -1.498683e+00 1.970084e+00
-1.379927e+00 1.550969e+00 -1.498683e+00 1.970084e+00 -1.379927e+00 1.550969e+00 -1.515826e+00 1.967677e+00
-1.379927e+00 1.550969e+00 -1.515826e+00 1.967677e+00 -1.379927e+00 1.550969e+00 -1.532429e+00 1.964150e+00
-1.379927e+00 1.550969e+00 -1.532429e+00 1.964150e+00 -1.379927e+00 1.550969e+00 -1.548501e+00 1.959543e+00
-1.379927e+00 1.550969e+00 -1.548501e+00 1.959543e+00 -1.379927e+00 1.550969e+00 -1.564049e+00 1.953885e+00
-1.379927e+00 1.550969e+00 -1.564049e+00 1.953885e+00 -1.379927e+00 1.550969e+00 -1.579072e+00 1.947196e+00
-1.379927e+00 1.550969e+00 -1.579072e+00 1.947196e+00 -1.379927e+00 1.550969e+00 -1.593569e+00 1.939488e+00
-1.379927e+00 1.550969e+00 -1.593569e+00 1.939488e+00 -1.379927e+00 1.550969e+00 -1.607531e+00 1.930763e+00
-1.379927e+00 1.550969e+00 -1.607531e+00 1.930763e+00 -1.379927e+00 1.550969e+00 -1.620948e+00 1.921014e+00
-1.379927e+00 1.550969e+00 -1.620948e+00 1.921014e+00 -1.379927e+00 1.550969e+00 -1.633802e+00 1.910226e+00
-1.379927e+00 1.550969e+00 -1.633802e+00 1.910226e+00 -1.379927e+00 1.550969e+00 -1.646070e+00 1.898376e+00
-1.379927e+00 1.550969e+00 -1.646070e+00 1.898376e+00 -1.379927e+00 1.550969e+00 -1.657723e+00 1.885431e+00
-1.379927e+00 1.550969e+00 -1.657723e+00 1.885431e+00 -1.379927e+00 1.550969e+00 -1.668725e+00 1.871344e+00
-1.379927e+00 1.550969e+00 -1.668725e+00 1.871344e+00 -1.379927e+00 1.550969e+00 -1.679029e+00 1.856062e+00
-1.379927e+00 1.550969e+00 -1.679029e+00 1.856062e+00 -1.379927e+00 1.550969e+00 -1.688578e+00 1.839514e+00
-1.379927e+00 1.550969e+00 -1.688578e+00 1.839514e+00 -1.379927e+00 1.550969e+00 -1.697301e+00 1.821616e+00
-1.379927e+00 1.550969e+00 -1.697301e+00 1.821616e+00 -1.379927e+00 1.550969e+00 -1.705113e+00 1.802265e+00
-1.379927e+00 1.550969e+00 -1.705113e+00 1.802265e+00 -1.379927e+00 1.550969e+00 -1.711906e+00 1.781337e+00
-1.379927e+00 1.550969e+00 -1.711906e+00 1.781337e+00 -1.379927e+00 1.550969e+00 -1.717545e+00 1.758684e+00
-1.379927e+00 1.550969e+00 -1.717545e+00 1.758684e+00 -1.379927e+00 1.550969e+00 -1.721864e+00 1.734133e+00
-1.379927e+00 1.550969e+00 -1.721864e+00 1.734133e+00 -1.379927e+00 1.550969e+00 -1.724653e+00 1.707479e+00
-1.379927e+00 1.550969e+00 -1.724653e+00 1.707479e+00 -1.379927e+00 1.550969e+00 -1.725652e+00 1.678492e+00
