5.940000e-01 3.724000e-01 -2.608560e-02 1.292920e+00 5.890000e-01 3.774000e-01 -3.148894e-02 1.297437e+00
5.940000e-01 3.724000e-01 -2.608560e-02 1.292920e+00 6.040000e-01 3.724000e-01 -2.015218e-02 1.288022e+00
6.040000e-01 3.724000e-01 -2.015218e-02 1.288022e+00 6.140000e-01 3.724000e-01 -1.419201e-02 1.283125e+00
6.140000e-01 3.724000e-01 -1.419201e-02 1.283125e+00 6.240000e-01 3.724000e-01 -8.205129e-03 1.278231e+00
6.240000e-01 3.724000e-01 -8.205129e-03 1.278231e+00 6.340000e-01 3.724000e-01 -2.191607e-03 1.273340e+00
6.340000e-01 3.724000e-01 -2.191607e-03 1.273340e+00 6.440000e-01 3.724000e-01 3.848499e-03 1.268451e+00
6.440000e-01 3.724000e-01 3.848499e-03 1.268451e+00 6.540000e-01 3.724000e-01 9.915129e-03 1.263566e+00
6.540000e-01 3.724000e-01 9.915129e-03 1.263566e+00 6.640000e-01 3.724000e-01 1.600834e-02 1.258685e+00
6.640000e-01 3.724000e-01 1.600834e-02 1.258685e+00 6.740000e-01 3.724000e-01 2.212802e-02 1.253808e+00
6.740000e-01 3.724000e-01 2.212802e-02 1.253808e+00 6.840000e-01 3.724000e-01 2.827416e-02 1.248935e+00
6.840000e-01 3.724000e-01 2.827416e-02 1.248935e+00 6.940000e-01 3.724000e-01 3.444671e-02 1.244067e+00
6.940000e-01 3.724000e-01 3.444671e-02 1.244067e+00 7.040000e-01 3.724000e-01 4.064554e-02 1.239204e+00
7.040000e-01 3.724000e-01 4.064554e-02 1.239204e+00 7.140000e-01 3.724000e-01 4.687072e-02 1.234346e+00
7.140000e-01 3.724000e-01 4.687072e-02 1.234346e+00 7.240000e-01 3.724000e-01 5.312219e-02 1.229494e+00
7.240000e-01 3.724000e-01 5.312219e-02 1.229494e+00 7.340000e-01 3.724000e-01 5.939982e-02 1.224648e+00
7.340000e-01 3.724000e-01 5.939982e-02 1.224648e+00 7.440000e-01 3.724000e-01 6.570361e-02 1.219809e+00
7.440000e-01 3.724000e-01 6.570361e-02 1.219809e+00 7.540000e-01 3.724000e-01 7.203346e-02 1.214976e+00
7.540000e-01 3.724000e-01 7.203346e-02 1.214976e+00 7.640000e-01 3.724000e-01 7.838935e-02 1.210150e+00
7.640000e-01 3.724000e-01 7.838935e-02 1.210150e+00 7.740000e-01 3.724000e-01 8.477123e-02 1.205332e+00
7.740000e-01 3.724000e-01 8.477123e-02 1.205332e+00 7.840000e-01 3.724000e-01 9.117903e-02 1.200521e+00
7.840000e-01 3.724000e-01 9.117903e-02 1.200521e+00 7.940000e-01 3.724000e-01 9.761271e-02 1.195718e+00
7.940000e-01 3.724000e-01 9.761271e-02 1.195718e+00 8.040000e-01 3.724000e-01 1.040721e-01 1.190923e+00
8.040000e-01 3.724000e-01 1.040721e-01 1.190923e+00 8.140000e-01 3.724000e-01 1.105572e-01 1.186137e+00
8.140000e-01 3.724000e-01 1.105572e-01 1.186137e+00 8.240000e-01 3.724000e-01 1.170681e-01 1.181360e+00
8.240000e-01 3.724000e-01 1.170681e-01 1.181360e+00 8.340000e-01 3.724000e-01 1.236044e-01 1.176592e+00
8.340000e-01 3.724000e-01 1.236044e-01 1.176592e+00 8.440000e-01 3.724000e-01 1.301663e-01 1.171833e+00
8.440000e-01 3.724000e-01 1.301663e-01 1.171833e+00 8.540000e-01 3.724000e-01 1.367536e-01 1.167084e+00
8.540000e-01 3.724000e-01 1.367536e-01 1.167084e+00 8.640000e-01 3.724000e-01 1.433663e-01 1.162345e+00
8.640000e-01 3.724000e-01 1.433663e-01 1.162345e+00 8.740000e-01 3.724000e-01 1.500042e-01 1.157616e+00
8.740000e-01 3.724000e-01 1.500042e-01 1.157616e+00 8.840000e-01 3.724000e-01 1.566673e-01 1.152897e+00
8.840000e-01 3.724000e-01 1.566673e-01 1.152897e+00 8.940000e-01 3.724000e-01 1.633555e-01 1.148190e+00
8.940000e-01 3.724000e-01 1.633555e-01 1.148190e+00 9.040000e-01 3.724000e-01 1.700689e-01 1.143493e+00
9.040000e-01 3.724000e-01 1.700689e-01 1.143493e+00 9.140000e-01 3.724000e-01 1.768071e-01 1.138808e+00
9.140000e-01 3.724000e-01 1.768071e-01 1.138808e+00 9.240000e-01 3.724000e-01 1.835702e-01 1.134134e+00
9.240000e-01 3.724000e-01 1.835702e-01 1.134134e+00 9.340000e-01 3.724000e-01 1.903581e-01 1.129471e+00
9.340000e-01 3.724000e-01 1.903581e-01 1.129471e+00 9.390000e-01 3.774000e-01 1.914393e-01 1.128754e+00
5.040000e-01 3.824000e-01 -8.319802e-02 1.341437e+00 4.990000e-01 3.874000e-01 -8.849783e-02 1.346096e+00
5.040000e-01 3.824000e-01 -8.319802e-02 1.341437e+00 5.140000e-01 3.824000e-01 -7.750755e-02 1.336500e+00
5.140000e-01 3.824000e-01 -7.750755e-02 1.336500e+00 5.240000e-01 3.824000e-01 -7.178979e-02 1.331561e+00
5.240000e-01 3.824000e-01 -7.178979e-02 1.331561e+00 5.340000e-01 3.824000e-01 -6.604473e-02 1.326621e+00
5.340000e-01 3.824000e-01 -6.604473e-02 1.326621e+00 5.440000e-01 3.824000e-01 -6.027237e-02 1.321682e+00
5.440000e-01 3.824000e-01 -6.027237e-02 1.321682e+00 5.540000e-01 3.824000e-01 -5.447270e-02 1.316742e+00
5.540000e-01 3.824000e-01 -5.447270e-02 1.316742e+00 5.640000e-01 3.824000e-01 -4.864586e-02 1.311803e+00
5.640000e-01 3.824000e-01 -4.864586e-02 1.311803e+00 5.740000e-01 3.824000e-01 -4.279184e-02 1.306865e+00
5.740000e-01 3.824000e-01 -4.279184e-02 1.306865e+00 5.840000e-01 3.824000e-01 -3.691058e-02 1.301929e+00
5.890000e-01 3.774000e-01 -3.148894e-02 1.297437e+00 5.840000e-01 3.824000e-01 -3.691058e-02 1.301929e+00
9.390000e-01 3.774000e-01 1.914393e-01 1.128754e+00 9.440000e-01 3.824000e-01 1.925182e-01 1.127990e+00
9.440000e-01 3.824000e-01 1.925182e-01 1.127990e+00 9.540000e-01 3.824000e-01 1.993680e-01 1.123336e+00
9.540000e-01 3.824000e-01 1.993680e-01 1.123336e+00 9.640000e-01 3.824000e-01 2.062425e-01 1.118695e+00
9.640000e-01 3.824000e-01 2.062425e-01 1.118695e+00 9.740000e-01 3.824000e-01 2.131416e-01 1.114067e+00
9.740000e-01 3.824000e-01 2.131416e-01 1.114067e+00 9.840000e-01 3.824000e-01 2.200653e-01 1.109452e+00
9.840000e-01 3.824000e-01 2.200653e-01 1.109452e+00 9.940000e-01 3.824000e-01 2.270134e-01 1.104851e+00
9.940000e-01 3.824000e-01 2.270134e-01 1.104851e+00 1.004000e+00 3.824000e-01 2.339858e-01 1.100264e+00
1.004000e+00 3.824000e-01 2.339858e-01 1.100264e+00 1.009000e+00 3.874000e-01 2.351976e-01 1.099495e+00
4.340000e-01 3.924000e-01 -1.272038e-01 1.380542e+00 4.290000e-01 3.974000e-01 -1.324163e-01 1.385309e+00
4.340000e-01 3.924000e-01 -1.272038e-01 1.380542e+00 4.440000e-01 3.924000e-01 -1.217088e-01 1.375580e+00
4.440000e-01 3.924000e-01 -1.217088e-01 1.375580e+00 4.540000e-01 3.924000e-01 -1.161859e-01 1.370616e+00
4.540000e-01 3.924000e-01 -1.161859e-01 1.370616e+00 4.640000e-01 3.924000e-01 -1.106353e-01 1.365648e+00
4.640000e-01 3.924000e-01 -1.106353e-01 1.365648e+00 4.740000e-01 3.924000e-01 -1.050567e-01 1.360677e+00
4.740000e-01 3.924000e-01 -1.050567e-01 1.360677e+00 4.840000e-01 3.924000e-01 -9.945050e-02 1.355705e+00
4.840000e-01 3.924000e-01 -9.945050e-02 1.355705e+00 4.940000e-01 3.924000e-01 -9.381648e-02 1.350731e+00
4.990000e-01 3.874000e-01 -8.849783e-02 1.346096e+00 4.940000e-01 3.924000e-01 -9.381648e-02 1.350731e+00
1.009000e+00 3.874000e-01 2.351976e-01 1.099495e+00 1.014000e+00 3.924000e-01 2.364102e-01 1.098684e+00
1.014000e+00 3.924000e-01 2.364102e-01 1.098684e+00 1.024000e+00 3.924000e-01 2.434456e-01 1.094113e+00
3.740000e-01 4.024000e-01 -1.645411e-01 1.414988e+00 3.690000e-01 4.074000e-01 -1.696733e-01 1.419848e+00
3.740000e-01 4.024000e-01 -1.645411e-01 1.414988e+00 3.840000e-01 4.024000e-01 -1.592190e-01 1.410011e+00
3.840000e-01 4.024000e-01 -1.592190e-01 1.410011e+00 3.940000e-01 4.024000e-01 -1.538686e-01 1.405029e+00
3.940000e-01 4.024000e-01 -1.538686e-01 1.405029e+00 4.040000e-01 4.024000e-01 -1.484899e-01 1.400042e+00
4.040000e-01 4.024000e-01 -1.484899e-01 1.400042e+00 4.140000e-01 4.024000e-01 -1.430830e-01 1.395050e+00
4.140000e-01 4.024000e-01 -1.430830e-01 1.395050e+00 4.240000e-01 4.024000e-01 -1.376479e-01 1.390054e+00
4.290000e-01 3.974000e-01 -1.324163e-01 1.385309e+00 4.240000e-01 4.024000e-01 -1.376479e-01 1.390054e+00
3.140000e-01 4.124000e-01 -2.008336e-01 1.449664e+00 3.090000e-01 4.174000e-01 -2.058777e-01 1.454619e+00
3.140000e-01 4.124000e-01 -2.008336e-01 1.449664e+00 3.240000e-01 4.124000e-01 -1.956893e-01 1.444683e+00
3.240000e-01 4.124000e-01 -1.956893e-01 1.444683e+00 3.340000e-01 4.124000e-01 -1.905162e-01 1.439695e+00
3.340000e-01 4.124000e-01 -1.905162e-01 1.439695e+00 3.440000e-01 4.124000e-01 -1.853144e-01 1.434699e+00
3.440000e-01 4.124000e-01 -1.853144e-01 1.434699e+00 3.540000e-01 4.124000e-01 -1.800840e-01 1.429696e+00
3.540000e-01 4.124000e-01 -1.800840e-01 1.429696e+00 3.640000e-01 4.124000e-01 -1.748248e-01 1.424687e+00
3.690000e-01 4.074000e-01 -1.696733e-01 1.419848e+00 3.640000e-01 4.124000e-01 -1.748248e-01 1.424687e+00
2.640000e-01 4.224000e-01 -2.310796e-01 1.479545e+00 2.590000e-01 4.274000e-01 -2.360471e-01 1.484577e+00
2.640000e-01 4.224000e-01 -2.310796e-01 1.479545e+00 2.740000e-01 4.224000e-01 -2.260886e-01 1.474561e+00
2.740000e-01 4.224000e-01 -2.260886e-01 1.474561e+00 2.840000e-01 4.224000e-01 -2.210686e-01 1.469568e+00
2.840000e-01 4.224000e-01 -2.210686e-01 1.469568e+00 2.940000e-01 4.224000e-01 -2.160194e-01 1.464566e+00
2.940000e-01 4.224000e-01 -2.160194e-01 1.464566e+00 3.040000e-01 4.224000e-01 -2.109412e-01 1.459554e+00
3.090000e-01 4.174000e-01 -2.058777e-01 1.454619e+00 3.040000e-01 4.224000e-01 -2.109412e-01 1.459554e+00
2.140000e-01 4.324000e-01 -2.605455e-01 1.509570e+00 2.090000e-01 4.374000e-01 -2.654303e-01 1.514680e+00
2.140000e-01 4.324000e-01 -2.605455e-01 1.509570e+00 2.240000e-01 4.324000e-01 -2.557119e-01 1.504592e+00
2.240000e-01 4.324000e-01 -2.557119e-01 1.504592e+00 2.340000e-01 4.324000e-01 -2.508487e-01 1.499603e+00
2.340000e-01 4.324000e-01 -2.508487e-01 1.499603e+00 2.440000e-01 4.324000e-01 -2.459561e-01 1.494602e+00
2.440000e-01 4.324000e-01 -2.459561e-01 1.494602e+00 2.540000e-01 4.324000e-01 -2.410341e-01 1.489590e+00
2.590000e-01 4.274000e-01 -2.360471e-01 1.484577e+00 2.540000e-01 4.324000e-01 -2.410341e-01 1.489590e+00
1.740000e-01 4.424000e-01 -2.845308e-01 1.534745e+00 1.690000e-01 4.474000e-01 -2.893488e-01 1.539915e+00
1.740000e-01 4.424000e-01 -2.845308e-01 1.534745e+00 1.840000e-01 4.424000e-01 -2.798286e-01 1.529768e+00
1.840000e-01 4.424000e-01 -2.798286e-01 1.529768e+00 1.940000e-01 4.424000e-01 -2.750965e-01 1.524777e+00
1.940000e-01 4.424000e-01 -2.750965e-01 1.524777e+00 2.040000e-01 4.424000e-01 -2.703345e-01 1.519773e+00
2.090000e-01 4.374000e-01 -2.654303e-01 1.514680e+00 2.040000e-01 4.424000e-01 -2.703345e-01 1.519773e+00
1.340000e-01 4.524000e-01 -3.079796e-01 1.560028e+00 1.290000e-01 4.574000e-01 -3.127262e-01 1.565258e+00
1.340000e-01 4.524000e-01 -3.079796e-01 1.560028e+00 1.440000e-01 4.524000e-01 -3.034119e-01 1.555056e+00
1.440000e-01 4.524000e-01 -3.034119e-01 1.555056e+00 1.540000e-01 4.524000e-01 -2.988140e-01 1.550069e+00
1.540000e-01 4.524000e-01 -2.988140e-01 1.550069e+00 1.640000e-01 4.524000e-01 -2.941859e-01 1.545068e+00
1.690000e-01 4.474000e-01 -2.893488e-01 1.539915e+00 1.640000e-01 4.524000e-01 -2.941859e-01 1.545068e+00
9.400000e-02 4.624000e-01 -3.308735e-01 1.585403e+00 8.900000e-02 4.674000e-01 -3.355442e-01 1.590693e+00
9.400000e-02 4.624000e-01 -3.308735e-01 1.585403e+00 1.040000e-01 4.624000e-01 -3.264434e-01 1.580443e+00
1.040000e-01 4.624000e-01 -3.264434e-01 1.580443e+00 1.140000e-01 4.624000e-01 -3.219829e-01 1.575466e+00
1.140000e-01 4.624000e-01 -3.219829e-01 1.575466e+00 1.240000e-01 4.624000e-01 -3.174920e-01 1.570472e+00
1.290000e-01 4.574000e-01 -3.127262e-01 1.565258e+00 1.240000e-01 4.624000e-01 -3.174920e-01 1.570472e+00
5.400000e-02 4.724000e-01 -3.531936e-01 1.610851e+00 4.900000e-02 4.774000e-01 -3.577836e-01 1.616203e+00
5.400000e-02 4.724000e-01 -3.531936e-01 1.610851e+00 6.400000e-02 4.724000e-01 -3.489044e-01 1.605910e+00
6.400000e-02 4.724000e-01 -3.489044e-01 1.605910e+00 7.400000e-02 4.724000e-01 -3.445845e-01 1.600949e+00
7.400000e-02 4.724000e-01 -3.445845e-01 1.600949e+00 8.400000e-02 4.724000e-01 -3.402338e-01 1.595969e+00
8.900000e-02 4.674000e-01 -3.355442e-01 1.590693e+00 8.400000e-02 4.724000e-01 -3.402338e-01 1.595969e+00
1.400000e-02 4.824000e-01 -3.749209e-01 1.636354e+00 9.000000e-03 4.874000e-01 -3.794252e-01 1.641766e+00
1.400000e-02 4.824000e-01 -3.749209e-01 1.636354e+00 2.400000e-02 4.824000e-01 -3.707757e-01 1.631438e+00
2.400000e-02 4.824000e-01 -3.707757e-01 1.631438e+00 3.400000e-02 4.824000e-01 -3.665996e-01 1.626500e+00
3.400000e-02 4.824000e-01 -3.665996e-01 1.626500e+00 4.400000e-02 4.824000e-01 -3.623923e-01 1.621541e+00
4.900000e-02 4.774000e-01 -3.577836e-01 1.616203e+00 4.400000e-02 4.824000e-01 -3.623923e-01 1.621541e+00
-2.600000e-02 4.924000e-01 -3.960360e-01 1.661889e+00 -3.100000e-02 4.974000e-01 -4.004494e-01 1.667362e+00
-2.600000e-02 4.924000e-01 -3.960360e-01 1.661889e+00 -1.600000e-02 4.924000e-01 -3.920379e-01 1.657005e+00
-1.600000e-02 4.924000e-01 -3.920379e-01 1.657005e+00 -6.000000e-03 4.924000e-01 -3.880085e-01 1.652097e+00
-6.000000e-03 4.924000e-01 -3.880085e-01 1.652097e+00 4.000000e-03 4.924000e-01 -3.839479e-01 1.647167e+00
9.000000e-03 4.874000e-01 -3.794252e-01 1.641766e+00 4.000000e-03 4.924000e-01 -3.839479e-01 1.647167e+00
-6.600000e-02 5.024000e-01 -4.165193e-01 1.687432e+00 -7.100000e-02 5.074000e-01 -4.208362e-01 1.692964e+00
-6.600000e-02 5.024000e-01 -4.165193e-01 1.687432e+00 -5.600000e-02 5.024000e-01 -4.126711e-01 1.682589e+00
-5.600000e-02 5.024000e-01 -4.126711e-01 1.682589e+00 -4.600000e-02 5.024000e-01 -4.087915e-01 1.677719e+00
-4.600000e-02 5.024000e-01 -4.087915e-01 1.677719e+00 -3.600000e-02 5.024000e-01 -4.048806e-01 1.672824e+00
-3.100000e-02 4.974000e-01 -4.004494e-01 1.667362e+00 -3.600000e-02 5.024000e-01 -4.048806e-01 1.672824e+00
-9.600000e-02 5.124000e-01 -4.326555e-01 1.708162e+00 -1.010000e-01 5.174000e-01 -4.369005e-01 1.713736e+00
-9.600000e-02 5.124000e-01 -4.326555e-01 1.708162e+00 -8.600000e-02 5.124000e-01 -4.289287e-01 1.703339e+00
-8.600000e-02 5.124000e-01 -4.289287e-01 1.703339e+00 -7.600000e-02 5.124000e-01 -4.251703e-01 1.698487e+00
-7.100000e-02 5.074000e-01 -4.208362e-01 1.692964e+00 -7.600000e-02 5.124000e-01 -4.251703e-01 1.698487e+00
-1.360000e-01 5.224000e-01 -4.519714e-01 1.733696e+00 -1.410000e-01 5.274000e-01 -4.561096e-01 1.739328e+00
-1.360000e-01 5.224000e-01 -4.519714e-01 1.733696e+00 -1.260000e-01 5.224000e-01 -4.484000e-01 1.728928e+00
-1.260000e-01 5.224000e-01 -4.484000e-01 1.728928e+00 -1.160000e-01 5.224000e-01 -4.447970e-01 1.724130e+00
-1.160000e-01 5.224000e-01 -4.447970e-01 1.724130e+00 -1.060000e-01 5.224000e-01 -4.411623e-01 1.719302e+00
-1.010000e-01 5.174000e-01 -4.369005e-01 1.713736e+00 -1.060000e-01 5.224000e-01 -4.411623e-01 1.719302e+00
-1.660000e-01 5.324000e-01 -4.671854e-01 1.754457e+00 -1.710000e-01 5.374000e-01 -4.712433e-01 1.760129e+00
-1.660000e-01 5.324000e-01 -4.671854e-01 1.754457e+00 -1.560000e-01 5.324000e-01 -4.637404e-01 1.749721e+00
-1.560000e-01 5.324000e-01 -4.637404e-01 1.749721e+00 -1.460000e-01 5.324000e-01 -4.602638e-01 1.744953e+00
-1.410000e-01 5.274000e-01 -4.561096e-01 1.739328e+00 -1.460000e-01 5.324000e-01 -4.602638e-01 1.744953e+00
-1.960000e-01 5.424000e-01 -4.819808e-01 1.775228e+00 -2.010000e-01 5.474000e-01 -4.859544e-01 1.780940e+00
-1.960000e-01 5.424000e-01 -4.819808e-01 1.775228e+00 -1.860000e-01 5.424000e-01 -4.786646e-01 1.770530e+00
-1.860000e-01 5.424000e-01 -4.786646e-01 1.770530e+00 -1.760000e-01 5.424000e-01 -4.753166e-01 1.765797e+00
-1.710000e-01 5.374000e-01 -4.712433e-01 1.760129e+00 -1.760000e-01 5.424000e-01 -4.753166e-01 1.765797e+00
-2.260000e-01 5.524000e-01 -4.963450e-01 1.795995e+00 -2.310000e-01 5.574000e-01 -5.002304e-01 1.801747e+00
-2.260000e-01 5.524000e-01 -4.963450e-01 1.795995e+00 -2.160000e-01 5.524000e-01 -4.931598e-01 1.791341e+00
-2.160000e-01 5.524000e-01 -4.931598e-01 1.791341e+00 -2.060000e-01 5.524000e-01 -4.899429e-01 1.786649e+00
-2.010000e-01 5.474000e-01 -4.859544e-01 1.780940e+00 -2.060000e-01 5.524000e-01 -4.899429e-01 1.786649e+00
-2.660000e-01 5.624000e-01 -5.132860e-01 1.821312e+00 -2.710000e-01 5.674000e-01 -5.170430e-01 1.827114e+00
-2.660000e-01 5.624000e-01 -5.132860e-01 1.821312e+00 -2.560000e-01 5.624000e-01 -5.102654e-01 1.816746e+00
-2.560000e-01 5.624000e-01 -5.102654e-01 1.816746e+00 -2.460000e-01 5.624000e-01 -5.072134e-01 1.812141e+00
-2.460000e-01 5.624000e-01 -5.072134e-01 1.812141e+00 -2.360000e-01 5.624000e-01 -5.041298e-01 1.807496e+00
-2.310000e-01 5.574000e-01 -5.002304e-01 1.801747e+00 -2.360000e-01 5.624000e-01 -5.041298e-01 1.807496e+00
-2.960000e-01 5.724000e-01 -5.266150e-01 1.841971e+00 -3.010000e-01 5.774000e-01 -5.302740e-01 1.847809e+00
-2.960000e-01 5.724000e-01 -5.266150e-01 1.841971e+00 -2.860000e-01 5.724000e-01 -5.237294e-01 1.837464e+00
-2.860000e-01 5.724000e-01 -5.237294e-01 1.837464e+00 -2.760000e-01 5.724000e-01 -5.208127e-01 1.832915e+00
-2.710000e-01 5.674000e-01 -5.170430e-01 1.827114e+00 -2.760000e-01 5.724000e-01 -5.208127e-01 1.832915e+00
-3.260000e-01 5.824000e-01 -5.394731e-01 1.862574e+00 -3.310000e-01 5.874000e-01 -5.430297e-01 1.868445e+00
-3.260000e-01 5.824000e-01 -5.394731e-01 1.862574e+00 -3.160000e-01 5.824000e-01 -5.367244e-01 1.858133e+00
-3.160000e-01 5.824000e-01 -5.367244e-01 1.858133e+00 -3.060000e-01 5.824000e-01 -5.339448e-01 1.853646e+00
-3.010000e-01 5.774000e-01 -5.302740e-01 1.847809e+00 -3.060000e-01 5.824000e-01 -5.339448e-01 1.853646e+00
-3.560000e-01 5.924000e-01 -5.518480e-01 1.883102e+00 -3.610000e-01 5.974000e-01 -5.552977e-01 1.889004e+00
-3.560000e-01 5.924000e-01 -5.518480e-01 1.883102e+00 -3.460000e-01 5.924000e-01 -5.492377e-01 1.878734e+00
-3.460000e-01 5.924000e-01 -5.492377e-01 1.878734e+00 -3.360000e-01 5.924000e-01 -5.465970e-01 1.874318e+00
-3.310000e-01 5.874000e-01 -5.430297e-01 1.868445e+00 -3.360000e-01 5.924000e-01 -5.465970e-01 1.874318e+00
-3.860000e-01 6.024000e-01 -5.637277e-01 1.903534e+00 -3.910000e-01 6.074000e-01 -5.670657e-01 1.909465e+00
-3.860000e-01 6.024000e-01 -5.637277e-01 1.903534e+00 -3.760000e-01 6.024000e-01 -5.612572e-01 1.899247e+00
-3.760000e-01 6.024000e-01 -5.612572e-01 1.899247e+00 -3.660000e-01 6.024000e-01 -5.587567e-01 1.894909e+00
-3.610000e-01 5.974000e-01 -5.552977e-01 1.889004e+00 -3.660000e-01 6.024000e-01 -5.587567e-01 1.894909e+00
-4.160000e-01 6.124000e-01 -5.751004e-01 1.923847e+00 -4.210000e-01 6.174000e-01 -5.783220e-01 1.929804e+00
-4.160000e-01 6.124000e-01 -5.751004e-01 1.923847e+00 -4.060000e-01 6.124000e-01 -5.727707e-01 1.919650e+00
-4.060000e-01 6.124000e-01 -5.727707e-01 1.919650e+00 -3.960000e-01 6.124000e-01 -5.704117e-01 1.915400e+00
-3.910000e-01 6.074000e-01 -5.670657e-01 1.909465e+00 -3.960000e-01 6.124000e-01 -5.704117e-01 1.915400e+00
-4.360000e-01 6.224000e-01 -5.837668e-01 1.939921e+00 -4.410000e-01 6.274000e-01 -5.869098e-01 1.945895e+00
-4.360000e-01 6.224000e-01 -5.837668e-01 1.939921e+00 -4.260000e-01 6.224000e-01 -5.815500e-01 1.935766e+00
-4.210000e-01 6.174000e-01 -5.783220e-01 1.929804e+00 -4.260000e-01 6.224000e-01 -5.815500e-01 1.935766e+00
-4.660000e-01 6.324000e-01 -5.942344e-01 1.960033e+00 -4.710000e-01 6.374000e-01 -5.972523e-01 1.966027e+00
-4.660000e-01 6.324000e-01 -5.942344e-01 1.960033e+00 -4.560000e-01 6.324000e-01 -5.921604e-01 1.955984e+00
-4.560000e-01 6.324000e-01 -5.921604e-01 1.955984e+00 -4.460000e-01 6.324000e-01 -5.900583e-01 1.951875e+00
-4.410000e-01 6.274000e-01 -5.869098e-01 1.945895e+00 -4.460000e-01 6.324000e-01 -5.900583e-01 1.951875e+00
-4.960000e-01 6.424000e-01 -6.041636e-01 1.979959e+00 -5.010000e-01 6.474000e-01 -6.070515e-01 1.985968e+00
-4.960000e-01 6.424000e-01 -6.041636e-01 1.979959e+00 -4.860000e-01 6.424000e-01 -6.022323e-01 1.976025e+00
-4.860000e-01 6.424000e-01 -6.022323e-01 1.976025e+00 -4.760000e-01 6.424000e-01 -6.002740e-01 1.972029e+00
-4.710000e-01 6.374000e-01 -5.972523e-01 1.966027e+00 -4.760000e-01 6.424000e-01 -6.002740e-01 1.972029e+00
-5.260000e-01 6.524000e-01 -6.135452e-01 1.999668e+00 -5.310000e-01 6.574000e-01 -6.162981e-01 2.005689e+00
-5.260000e-01 6.524000e-01 -6.135452e-01 1.999668e+00 -5.160000e-01 6.524000e-01 -6.117559e-01 1.995861e+00
-5.160000e-01 6.524000e-01 -6.117559e-01 1.995861e+00 -5.060000e-01 6.524000e-01 -6.099411e-01 1.991987e+00
-5.010000e-01 6.474000e-01 -6.070515e-01 1.985968e+00 -5.060000e-01 6.524000e-01 -6.099411e-01 1.991987e+00
-5.560000e-01 6.624000e-01 -6.223714e-01 2.019131e+00 -5.610000e-01 6.674000e-01 -6.249844e-01 2.025157e+00
-5.560000e-01 6.624000e-01 -6.223714e-01 2.019131e+00 -5.460000e-01 6.624000e-01 -6.207230e-01 2.015460e+00
-5.460000e-01 6.624000e-01 -6.207230e-01 2.015460e+00 -5.360000e-01 6.624000e-01 -6.190506e-01 2.011720e+00
-5.310000e-01 6.574000e-01 -6.162981e-01 2.005689e+00 -5.360000e-01 6.624000e-01 -6.190506e-01 2.011720e+00
-5.760000e-01 6.724000e-01 -6.291264e-01 2.034789e+00 -5.810000e-01 6.774000e-01 -6.316421e-01 2.040820e+00
-5.760000e-01 6.724000e-01 -6.291264e-01 2.034789e+00 -5.660000e-01 6.724000e-01 -6.275948e-01 2.031194e+00
-5.610000e-01 6.674000e-01 -6.249844e-01 2.025157e+00 -5.660000e-01 6.724000e-01 -6.275948e-01 2.031194e+00
-6.060000e-01 6.824000e-01 -6.369609e-01 2.053812e+00 -6.110000e-01 6.874000e-01 -6.393281e-01 2.059838e+00
-6.060000e-01 6.824000e-01 -6.369609e-01 2.053812e+00 -5.960000e-01 6.824000e-01 -6.355677e-01 2.050375e+00
-5.960000e-01 6.824000e-01 -6.355677e-01 2.050375e+00 -5.860000e-01 6.824000e-01 -6.341536e-01 2.046862e+00
-5.810000e-01 6.774000e-01 -6.316421e-01 2.040820e+00 -5.860000e-01 6.824000e-01 -6.341536e-01 2.046862e+00
-6.260000e-01 6.924000e-01 -6.429651e-01 2.069223e+00 -6.310000e-01 6.974000e-01 -6.452280e-01 2.075246e+00
-6.260000e-01 6.924000e-01 -6.429651e-01 2.069223e+00 -6.160000e-01 6.924000e-01 -6.416885e-01 2.065876e+00
-6.110000e-01 6.874000e-01 -6.393281e-01 2.059838e+00 -6.160000e-01 6.924000e-01 -6.416885e-01 2.065876e+00
-6.560000e-01 7.024000e-01 -6.497854e-01 2.087700e+00 -6.610000e-01 7.074000e-01 -6.518916e-01 2.093706e+00
-6.560000e-01 7.024000e-01 -6.497854e-01 2.087700e+00 -6.460000e-01 7.024000e-01 -6.486423e-01 2.084532e+00
-6.460000e-01 7.024000e-01 -6.486423e-01 2.084532e+00 -6.360000e-01 7.024000e-01 -6.474822e-01 2.081283e+00
-6.310000e-01 6.974000e-01 -6.452280e-01 2.075246e+00 -6.360000e-01 7.024000e-01 -6.474822e-01 2.081283e+00
-6.860000e-01 7.124000e-01 -6.560294e-01 2.105763e+00 -6.910000e-01 7.174000e-01 -6.579749e-01 2.111743e+00
-6.860000e-01 7.124000e-01 -6.560294e-01 2.105763e+00 -6.760000e-01 7.124000e-01 -6.550147e-01 2.102787e+00
-6.760000e-01 7.124000e-01 -6.550147e-01 2.102787e+00 -6.660000e-01 7.124000e-01 -6.539861e-01 2.099726e+00
-6.610000e-01 7.074000e-01 -6.518916e-01 2.093706e+00 -6.660000e-01 7.124000e-01 -6.539861e-01 2.099726e+00
-7.060000e-01 7.224000e-01 -6.608086e-01 2.120597e+00 -7.110000e-01 7.274000e-01 -6.626395e-01 2.126561e+00
-7.060000e-01 7.224000e-01 -6.608086e-01 2.120597e+00 -6.960000e-01 7.224000e-01 -6.599057e-01 2.117739e+00
-6.910000e-01 7.174000e-01 -6.579749e-01 2.111743e+00 -6.960000e-01 7.224000e-01 -6.599057e-01 2.117739e+00
-7.360000e-01 7.324000e-01 -6.660304e-01 2.137916e+00 -7.410000e-01 7.374000e-01 -6.676941e-01 2.143838e+00
-7.360000e-01 7.324000e-01 -6.660304e-01 2.137916e+00 -7.260000e-01 7.324000e-01 -6.652460e-01 2.135274e+00
-7.260000e-01 7.324000e-01 -6.652460e-01 2.135274e+00 -7.160000e-01 7.324000e-01 -6.644534e-01 2.132540e+00
-7.110000e-01 7.274000e-01 -6.626395e-01 2.126561e+00 -7.160000e-01 7.324000e-01 -6.644534e-01 2.132540e+00
-7.560000e-01 7.424000e-01 -6.700157e-01 2.152283e+00 -7.610000e-01 7.474000e-01 -6.715589e-01 2.158177e+00
-7.560000e-01 7.424000e-01 -6.700157e-01 2.152283e+00 -7.460000e-01 7.424000e-01 -6.693373e-01 2.149776e+00
-7.410000e-01 7.374000e-01 -6.676941e-01 2.143838e+00 -7.460000e-01 7.424000e-01 -6.693373e-01 2.149776e+00
-7.860000e-01 7.524000e-01 -6.742279e-01 2.168718e+00 -7.910000e-01 7.574000e-01 -6.755990e-01 2.174553e+00
-7.860000e-01 7.524000e-01 -6.742279e-01 2.168718e+00 -7.760000e-01 7.524000e-01 -6.736540e-01 2.166452e+00
-7.760000e-01 7.524000e-01 -6.736540e-01 2.166452e+00 -7.660000e-01 7.524000e-01 -6.730790e-01 2.164087e+00
-7.610000e-01 7.474000e-01 -6.715589e-01 2.158177e+00 -7.660000e-01 7.524000e-01 -6.730790e-01 2.164087e+00
-8.060000e-01 7.624000e-01 -6.774199e-01 2.182515e+00 -8.110000e-01 7.674000e-01 -6.786658e-01 2.188308e+00
-8.060000e-01 7.624000e-01 -6.774199e-01 2.182515e+00 -7.960000e-01 7.624000e-01 -6.769432e-01 2.180402e+00
-7.910000e-01 7.574000e-01 -6.755990e-01 2.174553e+00 -7.960000e-01 7.624000e-01 -6.769432e-01 2.180402e+00
-8.260000e-01 7.724000e-01 -6.802653e-01 2.196067e+00 -8.310000e-01 7.774000e-01 -6.813840e-01 2.201813e+00
-8.260000e-01 7.724000e-01 -6.802653e-01 2.196067e+00 -8.160000e-01 7.724000e-01 -6.798820e-01 2.194116e+00
-8.110000e-01 7.674000e-01 -6.786658e-01 2.188308e+00 -8.160000e-01 7.724000e-01 -6.798820e-01 2.194116e+00
-8.560000e-01 7.824000e-01 -6.830703e-01 2.211028e+00 -8.610000e-01 7.874000e-01 -6.840133e-01 2.216685e+00
-8.560000e-01 7.824000e-01 -6.830703e-01 2.211028e+00 -8.460000e-01 7.824000e-01 -6.827647e-01 2.209354e+00
-8.460000e-01 7.824000e-01 -6.827647e-01 2.209354e+00 -8.360000e-01 7.824000e-01 -6.824703e-01 2.207573e+00
-8.310000e-01 7.774000e-01 -6.813840e-01 2.201813e+00 -8.360000e-01 7.824000e-01 -6.824703e-01 2.207573e+00
-8.760000e-01 7.924000e-01 -6.851457e-01 2.223847e+00 -8.810000e-01 7.974000e-01 -6.859592e-01 2.229441e+00
-8.760000e-01 7.924000e-01 -6.851457e-01 2.223847e+00 -8.660000e-01 7.924000e-01 -6.849197e-01 2.222354e+00
-8.610000e-01 7.874000e-01 -6.840133e-01 2.216685e+00 -8.660000e-01 7.924000e-01 -6.849197e-01 2.222354e+00
-9.060000e-01 8.024000e-01 -6.870602e-01 2.237543e+00 -9.110000e-01 8.074000e-01 -6.877000e-01 2.243023e+00
-9.060000e-01 8.024000e-01 -6.870602e-01 2.237543e+00 -8.960000e-01 8.024000e-01 -6.868858e-01 2.236350e+00
-8.960000e-01 8.024000e-01 -6.868858e-01 2.236350e+00 -8.860000e-01 8.024000e-01 -6.867332e-01 2.235047e+00
-8.810000e-01 7.974000e-01 -6.859592e-01 2.229441e+00 -8.860000e-01 8.024000e-01 -6.867332e-01 2.235047e+00
-9.260000e-01 8.124000e-01 -6.884087e-01 2.249507e+00 -9.310000e-01 8.174000e-01 -6.889193e-01 2.254908e+00
-9.260000e-01 8.124000e-01 -6.884087e-01 2.249507e+00 -9.160000e-01 8.124000e-01 -6.882960e-01 2.248515e+00
-9.110000e-01 8.074000e-01 -6.877000e-01 2.243023e+00 -9.160000e-01 8.124000e-01 -6.882960e-01 2.248515e+00
-9.460000e-01 8.224000e-01 -6.894421e-01 2.261102e+00 -9.510000e-01 8.274000e-01 -6.898238e-01 2.266414e+00
-9.460000e-01 8.224000e-01 -6.894421e-01 2.261102e+00 -9.360000e-01 8.224000e-01 -6.893830e-01 2.260317e+00
-9.310000e-01 8.174000e-01 -6.889193e-01 2.254908e+00 -9.360000e-01 8.224000e-01 -6.893830e-01 2.260317e+00
-9.660000e-01 8.324000e-01 -6.901699e-01 2.272303e+00 -9.710000e-01 8.374000e-01 -6.904236e-01 2.277520e+00
-9.660000e-01 8.324000e-01 -6.901699e-01 2.272303e+00 -9.560000e-01 8.324000e-01 -6.901556e-01 2.271733e+00
-9.510000e-01 8.274000e-01 -6.898238e-01 2.266414e+00 -9.560000e-01 8.324000e-01 -6.901556e-01 2.271733e+00
-9.960000e-01 8.424000e-01 -6.906276e-01 2.283318e+00 -1.001000e+00 8.474000e-01 -6.907205e-01 2.288375e+00
-9.960000e-01 8.424000e-01 -6.906276e-01 2.283318e+00 -9.860000e-01 8.424000e-01 -6.906036e-01 2.283088e+00
-9.860000e-01 8.424000e-01 -6.906036e-01 2.283088e+00 -9.760000e-01 8.424000e-01 -6.906243e-01 2.282741e+00
-9.710000e-01 8.374000e-01 -6.904236e-01 2.277520e+00 -9.760000e-01 8.424000e-01 -6.906243e-01 2.282741e+00
-1.001000e+00 8.474000e-01 -6.907205e-01 2.288375e+00 -1.006000e+00 8.524000e-01 -6.907566e-01 2.293432e+00
1.024000e+00 1.222400e+00 -8.327310e-02 1.170381e+00 1.019000e+00 1.227400e+00 -8.913582e-02 1.171782e+00
1.014000e+00 1.232400e+00 -9.498328e-02 1.173172e+00 1.009000e+00 1.237400e+00 -1.008387e-01 1.174547e+00
1.019000e+00 1.227400e+00 -8.913582e-02 1.171782e+00 1.014000e+00 1.232400e+00 -9.498328e-02 1.173172e+00
1.004000e+00 1.242400e+00 -1.066784e-01 1.175911e+00 9.990000e-01 1.247400e+00 -1.125260e-01 1.177260e+00
1.009000e+00 1.237400e+00 -1.008387e-01 1.174547e+00 1.004000e+00 1.242400e+00 -1.066784e-01 1.175911e+00
9.940000e-01 1.252400e+00 -1.183577e-01 1.178598e+00 9.890000e-01 1.257400e+00 -1.241973e-01 1.179921e+00
9.990000e-01 1.247400e+00 -1.125260e-01 1.177260e+00 9.940000e-01 1.252400e+00 -1.183577e-01 1.178598e+00
9.840000e-01 1.262400e+00 -1.300206e-01 1.181234e+00 9.790000e-01 1.267400e+00 -1.358517e-01 1.182530e+00
9.890000e-01 1.257400e+00 -1.241973e-01 1.179921e+00 9.840000e-01 1.262400e+00 -1.300206e-01 1.181234e+00
9.740000e-01 1.272400e+00 -1.416664e-01 1.183817e+00 9.690000e-01 1.277400e+00 -1.474887e-01 1.185088e+00
9.790000e-01 1.267400e+00 -1.358517e-01 1.182530e+00 9.740000e-01 1.272400e+00 -1.416664e-01 1.183817e+00
9.640000e-01 1.282400e+00 -1.532943e-01 1.186349e+00 9.590000e-01 1.287400e+00 -1.591076e-01 1.187593e+00
9.690000e-01 1.277400e+00 -1.474887e-01 1.185088e+00 9.640000e-01 1.282400e+00 -1.532943e-01 1.186349e+00
9.540000e-01 1.292400e+00 -1.649036e-01 1.188828e+00 9.490000e-01 1.297400e+00 -1.707076e-01 1.190046e+00
9.590000e-01 1.287400e+00 -1.591076e-01 1.187593e+00 9.540000e-01 1.292400e+00 -1.649036e-01 1.188828e+00
9.440000e-01 1.302400e+00 -1.764939e-01 1.191256e+00 9.390000e-01 1.307400e+00 -1.822878e-01 1.192447e+00
9.490000e-01 1.297400e+00 -1.707076e-01 1.190046e+00 9.440000e-01 1.302400e+00 -1.764939e-01 1.191256e+00
9.340000e-01 1.312400e+00 -1.880641e-01 1.193631e+00 9.290000e-01 1.317400e+00 -1.938480e-01 1.194797e+00
9.390000e-01 1.307400e+00 -1.822878e-01 1.192447e+00 9.340000e-01 1.312400e+00 -1.880641e-01 1.193631e+00
9.240000e-01 1.322400e+00 -1.996136e-01 1.195955e+00 9.190000e-01 1.327400e+00 -2.053869e-01 1.197094e+00
9.290000e-01 1.317400e+00 -1.938480e-01 1.194797e+00 9.240000e-01 1.322400e+00 -1.996136e-01 1.195955e+00
9.140000e-01 1.332400e+00 -2.111416e-01 1.198226e+00 9.090000e-01 1.337400e+00 -2.169040e-01 1.199339e+00
9.190000e-01 1.327400e+00 -2.053869e-01 1.197094e+00 9.140000e-01 1.332400e+00 -2.111416e-01 1.198226e+00
9.040000e-01 1.342400e+00 -2.226475e-01 1.200445e+00 8.990000e-01 1.347400e+00 -2.283985e-01 1.201532e+00
9.090000e-01 1.337400e+00 -2.169040e-01 1.199339e+00 9.040000e-01 1.342400e+00 -2.226475e-01 1.200445e+00
8.940000e-01 1.352400e+00 -2.341302e-01 1.202613e+00 8.890000e-01 1.357400e+00 -2.398695e-01 1.203674e+00
8.990000e-01 1.347400e+00 -2.283985e-01 1.201532e+00 8.940000e-01 1.352400e+00 -2.341302e-01 1.202613e+00
8.840000e-01 1.362400e+00 -2.455892e-01 1.204728e+00 8.790000e-01 1.367400e+00 -2.513164e-01 1.205763e+00
8.890000e-01 1.357400e+00 -2.398695e-01 1.203674e+00 8.840000e-01 1.362400e+00 -2.455892e-01 1.204728e+00
8.740000e-01 1.372400e+00 -2.570236e-01 1.206792e+00 8.690000e-01 1.377400e+00 -2.627382e-01 1.207801e+00
8.790000e-01 1.367400e+00 -2.513164e-01 1.205763e+00 8.740000e-01 1.372400e+00 -2.570236e-01 1.206792e+00
8.640000e-01 1.382400e+00 -2.684325e-01 1.208804e+00 8.590000e-01 1.387400e+00 -2.741341e-01 1.209787e+00
8.690000e-01 1.377400e+00 -2.627382e-01 1.207801e+00 8.640000e-01 1.382400e+00 -2.684325e-01 1.208804e+00
8.540000e-01 1.392400e+00 -2.798152e-01 1.210764e+00 8.490000e-01 1.397400e+00 -2.855034e-01 1.211721e+00
8.590000e-01 1.387400e+00 -2.741341e-01 1.209787e+00 8.540000e-01 1.392400e+00 -2.798152e-01 1.210764e+00
8.440000e-01 1.402400e+00 -2.911707e-01 1.212673e+00 8.390000e-01 1.407400e+00 -2.968449e-01 1.213603e+00
8.490000e-01 1.397400e+00 -2.855034e-01 1.211721e+00 8.440000e-01 1.402400e+00 -2.911707e-01 1.212673e+00
8.340000e-01 1.412400e+00 -3.024981e-01 1.214530e+00 8.290000e-01 1.417400e+00 -3.081582e-01 1.215435e+00
8.390000e-01 1.407400e+00 -2.968449e-01 1.213603e+00 8.340000e-01 1.412400e+00 -3.024981e-01 1.214530e+00
8.240000e-01 1.422400e+00 -3.137966e-01 1.216335e+00 8.190000e-01 1.427400e+00 -3.194420e-01 1.217214e+00
8.290000e-01 1.417400e+00 -3.081582e-01 1.215435e+00 8.240000e-01 1.422400e+00 -3.137966e-01 1.216335e+00
8.140000e-01 1.432400e+00 -3.250655e-01 1.218090e+00 8.090000e-01 1.437400e+00 -3.306958e-01 1.218943e+00
8.190000e-01 1.427400e+00 -3.194420e-01 1.217214e+00 8.140000e-01 1.432400e+00 -3.250655e-01 1.218090e+00
7.940000e-01 1.442400e+00 -3.460912e-01 1.221234e+00 7.890000e-01 1.447400e+00 -3.517125e-01 1.222039e+00
7.940000e-01 1.442400e+00 -3.460912e-01 1.221234e+00 8.040000e-01 1.442400e+00 -3.363036e-01 1.219793e+00
8.090000e-01 1.437400e+00 -3.306958e-01 1.218943e+00 8.040000e-01 1.442400e+00 -3.363036e-01 1.219793e+00
7.840000e-01 1.452400e+00 -3.573109e-01 1.222841e+00 7.790000e-01 1.457400e+00 -3.629160e-01 1.223620e+00
7.890000e-01 1.447400e+00 -3.517125e-01 1.222039e+00 7.840000e-01 1.452400e+00 -3.573109e-01 1.222841e+00
7.740000e-01 1.462400e+00 -3.684980e-01 1.224396e+00 7.690000e-01 1.467400e+00 -3.740864e-01 1.225149e+00
7.790000e-01 1.457400e+00 -3.629160e-01 1.223620e+00 7.740000e-01 1.462400e+00 -3.684980e-01 1.224396e+00
7.640000e-01 1.472400e+00 -3.796512e-01 1.225899e+00 7.590000e-01 1.477400e+00 -3.852223e-01 1.226626e+00
7.690000e-01 1.467400e+00 -3.740864e-01 1.225149e+00 7.640000e-01 1.472400e+00 -3.796512e-01 1.225899e+00
7.540000e-01 1.482400e+00 -3.907695e-01 1.227352e+00 7.490000e-01 1.487400e+00 -3.963230e-01 1.228053e+00
7.590000e-01 1.477400e+00 -3.852223e-01 1.226626e+00 7.540000e-01 1.482400e+00 -3.907695e-01 1.227352e+00
7.440000e-01 1.492400e+00 -4.018522e-01 1.228753e+00 7.390000e-01 1.497400e+00 -4.073873e-01 1.229428e+00
7.490000e-01 1.487400e+00 -3.963230e-01 1.228053e+00 7.440000e-01 1.492400e+00 -4.018522e-01 1.228753e+00
7.340000e-01 1.502400e+00 -4.128980e-01 1.230103e+00 7.290000e-01 1.507400e+00 -4.184144e-01 1.230753e+00
7.390000e-01 1.497400e+00 -4.073873e-01 1.229428e+00 7.340000e-01 1.502400e+00 -4.128980e-01 1.230103e+00
7.140000e-01 1.512400e+00 -4.337784e-01 1.232525e+00 7.090000e-01 1.517400e+00 -4.392813e-01 1.233124e+00
7.140000e-01 1.512400e+00 -4.337784e-01 1.232525e+00 7.240000e-01 1.512400e+00 -4.239059e-01 1.231403e+00
7.290000e-01 1.507400e+00 -4.184144e-01 1.230753e+00 7.240000e-01 1.512400e+00 -4.239059e-01 1.231403e+00
7.040000e-01 1.522400e+00 -4.447588e-01 1.233724e+00 6.990000e-01 1.527400e+00 -4.502417e-01 1.234297e+00
7.090000e-01 1.517400e+00 -4.392813e-01 1.233124e+00 7.040000e-01 1.522400e+00 -4.447588e-01 1.233724e+00
6.940000e-01 1.532400e+00 -4.556987e-01 1.234871e+00 6.890000e-01 1.537400e+00 -4.611613e-01 1.235420e+00
6.990000e-01 1.527400e+00 -4.502417e-01 1.234297e+00 6.940000e-01 1.532400e+00 -4.556987e-01 1.234871e+00
6.840000e-01 1.542400e+00 -4.665975e-01 1.235969e+00 6.790000e-01 1.547400e+00 -4.720388e-01 1.236491e+00
6.890000e-01 1.537400e+00 -4.611613e-01 1.235420e+00 6.840000e-01 1.542400e+00 -4.665975e-01 1.235969e+00
6.740000e-01 1.552400e+00 -4.774535e-01 1.237016e+00 6.690000e-01 1.557400e+00 -4.828731e-01 1.237513e+00
6.790000e-01 1.547400e+00 -4.720388e-01 1.236491e+00 6.740000e-01 1.552400e+00 -4.774535e-01 1.237016e+00
6.540000e-01 1.562400e+00 -4.981893e-01 1.238884e+00 6.490000e-01 1.567400e+00 -5.035915e-01 1.239329e+00
6.540000e-01 1.562400e+00 -4.981893e-01 1.238884e+00 6.640000e-01 1.562400e+00 -4.882658e-01 1.238013e+00
6.690000e-01 1.557400e+00 -4.828731e-01 1.237513e+00 6.640000e-01 1.562400e+00 -4.882658e-01 1.238013e+00
6.440000e-01 1.572400e+00 -5.089660e-01 1.239777e+00 6.390000e-01 1.577400e+00 -5.143453e-01 1.240196e+00
6.490000e-01 1.567400e+00 -5.035915e-01 1.239329e+00 6.440000e-01 1.572400e+00 -5.089660e-01 1.239777e+00
6.340000e-01 1.582400e+00 -5.196964e-01 1.240619e+00 6.290000e-01 1.587400e+00 -5.250519e-01 1.241014e+00
6.390000e-01 1.577400e+00 -5.143453e-01 1.240196e+00 6.340000e-01 1.582400e+00 -5.196964e-01 1.240619e+00
6.240000e-01 1.592400e+00 -5.303791e-01 1.241412e+00 6.190000e-01 1.597400e+00 -5.357103e-01 1.241782e+00
6.290000e-01 1.587400e+00 -5.250519e-01 1.241014e+00 6.240000e-01 1.592400e+00 -5.303791e-01 1.241412e+00
6.140000e-01 1.602400e+00 -5.410127e-01 1.242156e+00 6.090000e-01 1.607400e+00 -5.463190e-01 1.242501e+00
6.190000e-01 1.597400e+00 -5.357103e-01 1.241782e+00 6.140000e-01 1.602400e+00 -5.410127e-01 1.242156e+00
5.940000e-01 1.612400e+00 -5.615604e-01 1.243449e+00 5.890000e-01 1.617400e+00 -5.668447e-01 1.243740e+00
5.940000e-01 1.612400e+00 -5.615604e-01 1.243449e+00 6.040000e-01 1.612400e+00 -5.515963e-01 1.242851e+00
6.090000e-01 1.607400e+00 -5.463190e-01 1.242501e+00 6.040000e-01 1.612400e+00 -5.515963e-01 1.242851e+00
5.840000e-01 1.622400e+00 -5.720991e-01 1.244036e+00 5.790000e-01 1.627400e+00 -5.773569e-01 1.244303e+00
5.890000e-01 1.617400e+00 -5.668447e-01 1.243740e+00 5.840000e-01 1.622400e+00 -5.720991e-01 1.244036e+00
5.740000e-01 1.632400e+00 -5.825847e-01 1.244575e+00 5.690000e-01 1.637400e+00 -5.878153e-01 1.244817e+00
5.790000e-01 1.627400e+00 -5.773569e-01 1.244303e+00 5.740000e-01 1.632400e+00 -5.825847e-01 1.244575e+00
5.540000e-01 1.642400e+00 -6.029974e-01 1.245490e+00 5.490000e-01 1.647400e+00 -6.082030e-01 1.245677e+00
5.540000e-01 1.642400e+00 -6.029974e-01 1.245490e+00 5.640000e-01 1.642400e+00 -5.930156e-01 1.245066e+00
5.690000e-01 1.637400e+00 -5.878153e-01 1.244817e+00 5.640000e-01 1.642400e+00 -5.930156e-01 1.245066e+00
5.440000e-01 1.652400e+00 -6.133772e-01 1.245872e+00 5.390000e-01 1.657400e+00 -6.185539e-01 1.246035e+00
5.490000e-01 1.647400e+00 -6.082030e-01 1.245677e+00 5.440000e-01 1.652400e+00 -6.133772e-01 1.245872e+00
5.340000e-01 1.662400e+00 -6.236990e-01 1.246206e+00 5.290000e-01 1.667400e+00 -6.288460e-01 1.246345e+00
5.390000e-01 1.657400e+00 -6.185539e-01 1.246035e+00 5.340000e-01 1.662400e+00 -6.236990e-01 1.246206e+00
5.240000e-01 1.672400e+00 -6.339614e-01 1.246493e+00 5.190000e-01 1.677400e+00 -6.390782e-01 1.246608e+00
5.290000e-01 1.667400e+00 -6.288460e-01 1.246345e+00 5.240000e-01 1.672400e+00 -6.339614e-01 1.246493e+00
5.040000e-01 1.682400e+00 -6.541597e-01 1.246908e+00 4.990000e-01 1.687400e+00 -6.592468e-01 1.246968e+00
5.040000e-01 1.682400e+00 -6.541597e-01 1.246908e+00 5.140000e-01 1.682400e+00 -6.441628e-01 1.246733e+00
5.190000e-01 1.677400e+00 -6.390782e-01 1.246608e+00 5.140000e-01 1.682400e+00 -6.441628e-01 1.246733e+00
4.940000e-01 1.692400e+00 -6.643009e-01 1.247037e+00 4.890000e-01 1.697400e+00 -6.693557e-01 1.247074e+00
4.990000e-01 1.687400e+00 -6.592468e-01 1.246968e+00 4.940000e-01 1.692400e+00 -6.643009e-01 1.247037e+00
-1.011000e+00 1.709000e+00 -2.164400e+00 1.247140e+00 -1.011000e+00 1.709000e+00 -2.161008e+00 1.148535e+00
-1.011000e+00 1.709000e+00 -2.161008e+00 1.148535e+00 -1.011000e+00 1.709000e+00 -2.151585e+00 1.058463e+00
-1.011000e+00 1.709000e+00 -2.151585e+00 1.058463e+00 -1.011000e+00 1.709000e+00 -2.137070e+00 9.759397e-01
-1.011000e+00 1.709000e+00 -2.137070e+00 9.759397e-01 -1.011000e+00 1.709000e+00 -2.118201e+00 9.001330e-01
-1.011000e+00 1.709000e+00 -2.118201e+00 9.001330e-01 -1.011000e+00 1.709000e+00 -2.095553e+00 8.303499e-01
-1.011000e+00 1.709000e+00 -2.095553e+00 8.303499e-01 -1.011000e+00 1.709000e+00 -2.069585e+00 7.660186e-01
-1.011000e+00 1.709000e+00 -2.069585e+00 7.660186e-01 -1.011000e+00 1.709000e+00 -2.040658e+00 7.066693e-01
-1.011000e+00 1.709000e+00 -2.040658e+00 7.066693e-01 -1.011000e+00 1.709000e+00 -2.009064e+00 6.519171e-01
-1.011000e+00 1.709000e+00 -2.009064e+00 6.519171e-01 -1.011000e+00 1.709000e+00 -1.975037e+00 6.014475e-01
-1.011000e+00 1.709000e+00 -1.975037e+00 6.014475e-01 -1.011000e+00 1.709000e+00 -1.938765e+00 5.550053e-01
-1.011000e+00 1.709000e+00 -1.938765e+00 5.550053e-01 -1.011000e+00 1.709000e+00 -1.900401e+00 5.123855e-01
-1.011000e+00 1.709000e+00 -1.900401e+00 5.123855e-01 -1.011000e+00 1.709000e+00 -1.860067e+00 4.734264e-01
-1.011000e+00 1.709000e+00 -1.860067e+00 4.734264e-01 -1.011000e+00 1.709000e+00 -1.817860e+00 4.380040e-01
-1.011000e+00 1.709000e+00 -1.817860e+00 4.380040e-01 -1.011000e+00 1.709000e+00 -1.773855e+00 4.060286e-01
-1.011000e+00 1.709000e+00 -1.773855e+00 4.060286e-01 -1.011000e+00 1.709000e+00 -1.728110e+00 3.774417e-01
-1.011000e+00 1.709000e+00 -1.728110e+00 3.774417e-01 -1.011000e+00 1.709000e+00 -1.680665e+00 3.522141e-01
-1.011000e+00 1.709000e+00 -1.680665e+00 3.522141e-01 -1.011000e+00 1.709000e+00 -1.631545e+00 3.303455e-01
-1.011000e+00 1.709000e+00 -1.631545e+00 3.303455e-01 -1.011000e+00 1.709000e+00 -1.580761e+00 3.118641e-01
-1.011000e+00 1.709000e+00 -1.580761e+00 3.118641e-01 -1.011000e+00 1.709000e+00 -1.528311e+00 2.968281e-01
-1.011000e+00 1.709000e+00 -1.528311e+00 2.968281e-01 -1.011000e+00 1.709000e+00 -1.474178e+00 2.853272e-01
-1.011000e+00 1.709000e+00 -1.474178e+00 2.853272e-01 -1.011000e+00 1.709000e+00 -1.418331e+00 2.774855e-01
-1.011000e+00 1.709000e+00 -1.418331e+00 2.774855e-01 -1.011000e+00 1.709000e+00 -1.360727e+00 2.734662e-01
-1.011000e+00 1.709000e+00 -1.360727e+00 2.734662e-01 -1.011000e+00 1.709000e+00 -1.301304e+00 2.734770e-01
-1.011000e+00 1.709000e+00 -1.301304e+00 2.734770e-01 -1.011000e+00 1.709000e+00 -1.239985e+00 2.777779e-01
-1.011000e+00 1.709000e+00 -1.239985e+00 2.777779e-01 -1.011000e+00 1.709000e+00 -1.176675e+00 2.866914e-01
-1.011000e+00 1.709000e+00 -1.176675e+00 2.866914e-01 -1.011000e+00 1.709000e+00 -1.111256e+00 3.006158e-01
-1.011000e+00 1.709000e+00 -1.111256e+00 3.006158e-01 -1.011000e+00 1.709000e+00 -1.043589e+00 3.200423e-01
-1.011000e+00 1.709000e+00 -1.043589e+00 3.200423e-01 -1.011000e+00 1.709000e+00 -9.735083e-01 3.455777e-01
-1.011000e+00 1.709000e+00 -9.735083e-01 3.455777e-01 -1.011000e+00 1.709000e+00 -9.008251e-01 3.779730e-01
-1.011000e+00 1.709000e+00 -9.008251e-01 3.779730e-01 -1.011000e+00 1.709000e+00 -8.253261e-01 4.181593e-01
-1.011000e+00 1.709000e+00 -8.253261e-01 4.181593e-01 -1.011000e+00 1.709000e+00 -7.467849e-01 4.672905e-01
-1.011000e+00 1.709000e+00 -7.467849e-01 4.672905e-01 -1.011000e+00 1.709000e+00 -6.649865e-01 5.267873e-01
-1.011000e+00 1.709000e+00 -6.649865e-01 5.267873e-01 -1.011000e+00 1.709000e+00 -5.797828e-01 5.983653e-01
-1.011000e+00 1.709000e+00 -5.797828e-01 5.983653e-01 -1.011000e+00 1.709000e+00 -4.912091e-01 6.840038e-01
-1.011000e+00 1.709000e+00 -4.912091e-01 6.840038e-01 -1.011000e+00 1.709000e+00 -3.997062e-01 7.857529e-01
-1.011000e+00 1.709000e+00 -3.997062e-01 7.857529e-01 -1.011000e+00 1.709000e+00 -3.064946e-01 9.051976e-01
-1.011000e+00 1.709000e+00 -3.064946e-01 9.051976e-01 -1.011000e+00 1.709000e+00 -2.140485e-01 1.042386e+00
-1.011000e+00 1.709000e+00 -2.140485e-01 1.042386e+00 -1.011000e+00 1.709000e+00 -1.263157e-01 1.194426e+00
-1.011000e+00 1.709000e+00 -1.263157e-01 1.194426e+00 -1.011000e+00 1.709000e+00 -4.803087e-02 1.354918e+00
-1.011000e+00 1.709000e+00 -4.803087e-02 1.354918e+00 -1.011000e+00 1.709000e+00 1.695555e-02 1.515626e+00
-1.011000e+00 1.709000e+00 1.695555e-02 1.515626e+00 -1.011000e+00 1.709000e+00 6.704334e-02 1.669525e+00
-1.011000e+00 1.709000e+00 6.704334e-02 1.669525e+00 -1.011000e+00 1.709000e+00 1.028017e-01 1.812588e+00
-1.011000e+00 1.709000e+00 1.028017e-01 1.812588e+00 -1.011000e+00 1.709000e+00 1.259696e-01 1.943510e+00
-1.011000e+00 1.709000e+00 1.259696e-01 1.943510e+00 -1.011000e+00 1.709000e+00 1.385587e-01 2.062600e+00
-1.011000e+00 1.709000e+00 1.385587e-01 2.062600e+00 -1.011000e+00 1.709000e+00 1.424004e-01 2.170860e+00
-1.011000e+00 1.709000e+00 1.424004e-01 2.170860e+00 -1.011000e+00 1.709000e+00 1.390085e-01 2.269465e+00
-1.011000e+00 1.709000e+00 1.390085e-01 2.269465e+00 -1.011000e+00 1.709000e+00 1.295848e-01 2.359537e+00
-1.011000e+00 1.709000e+00 1.295848e-01 2.359537e+00 -1.011000e+00 1.709000e+00 1.150703e-01 2.442060e+00
-1.011000e+00 1.709000e+00 1.150703e-01 2.442060e+00 -1.011000e+00 1.709000e+00 9.620066e-02 2.517867e+00
-1.011000e+00 1.709000e+00 9.620066e-02 2.517867e+00 -1.011000e+00 1.709000e+00 7.355334e-02 2.587650e+00
-1.011000e+00 1.709000e+00 7.355334e-02 2.587650e+00 -1.011000e+00 1.709000e+00 4.758472e-02 2.651981e+00
-1.011000e+00 1.709000e+00 4.758472e-02 2.651981e+00 -1.011000e+00 1.709000e+00 1.865800e-02 2.711331e+00
-1.011000e+00 1.709000e+00 1.865800e-02 2.711331e+00 -1.011000e+00 1.709000e+00 -1.293597e-02 2.766083e+00
-1.011000e+00 1.709000e+00 -1.293597e-02 2.766083e+00 -1.011000e+00 1.709000e+00 -4.696316e-02 2.816552e+00
-1.011000e+00 1.709000e+00 -4.696316e-02 2.816552e+00 -1.011000e+00 1.709000e+00 -8.323482e-02 2.862995e+00
-1.011000e+00 1.709000e+00 -8.323482e-02 2.862995e+00 -1.011000e+00 1.709000e+00 -1.215987e-01 2.905614e+00
-1.011000e+00 1.709000e+00 -1.215987e-01 2.905614e+00 -1.011000e+00 1.709000e+00 -1.619328e-01 2.944574e+00
-1.011000e+00 1.709000e+00 -1.619328e-01 2.944574e+00 -1.011000e+00 1.709000e+00 -2.041399e-01 2.979996e+00
-1.011000e+00 1.709000e+00 -2.041399e-01 2.979996e+00 -1.011000e+00 1.709000e+00 -2.481445e-01 3.011971e+00
-1.011000e+00 1.709000e+00 -2.481445e-01 3.011971e+00 -1.011000e+00 1.709000e+00 -2.938896e-01 3.040558e+00
-1.011000e+00 1.709000e+00 -2.938896e-01 3.040558e+00 -1.011000e+00 1.709000e+00 -3.413348e-01 3.065786e+00
-1.011000e+00 1.709000e+00 -3.413348e-01 3.065786e+00 -1.011000e+00 1.709000e+00 -3.904547e-01 3.087655e+00
-1.011000e+00 1.709000e+00 -3.904547e-01 3.087655e+00 -1.011000e+00 1.709000e+00 -4.412385e-01 3.106136e+00
-1.011000e+00 1.709000e+00 -4.412385e-01 3.106136e+00 -1.011000e+00 1.709000e+00 -4.936889e-01 3.121172e+00
-1.011000e+00 1.709000e+00 -4.936889e-01 3.121172e+00 -1.011000e+00 1.709000e+00 -5.478221e-01 3.132673e+00
-1.011000e+00 1.709000e+00 -5.478221e-01 3.132673e+00 -1.011000e+00 1.709000e+00 -6.036686e-01 3.140514e+00
-1.011000e+00 1.709000e+00 -6.036686e-01 3.140514e+00 -1.011000e+00 1.709000e+00 -6.612730e-01 3.144534e+00
-1.011000e+00 1.709000e+00 -6.612730e-01 3.144534e+00 -1.011000e+00 1.709000e+00 -7.206959e-01 3.144523e+00
-1.011000e+00 1.709000e+00 -7.206959e-01 3.144523e+00 -1.011000e+00 1.709000e+00 -7.820145e-01 3.140222e+00
-1.011000e+00 1.709000e+00 -7.820145e-01 3.140222e+00 -1.011000e+00 1.709000e+00 -8.453249e-01 3.131309e+00
-1.011000e+00 1.709000e+00 -8.453249e-01 3.131309e+00 -1.011000e+00 1.709000e+00 -9.107440e-01 3.117384e+00
-1.011000e+00 1.709000e+00 -9.107440e-01 3.117384e+00 -1.011000e+00 1.709000e+00 -9.784114e-01 3.097958e+00
-1.011000e+00 1.709000e+00 -9.784114e-01 3.097958e+00 -1.011000e+00 1.709000e+00 -1.048492e+00 3.072422e+00
-1.011000e+00 1.709000e+00 -1.048492e+00 3.072422e+00 -1.011000e+00 1.709000e+00 -1.121175e+00 3.040027e+00
-1.011000e+00 1.709000e+00 -1.121175e+00 3.040027e+00 -1.011000e+00 1.709000e+00 -1.196674e+00 2.999841e+00
-1.011000e+00 1.709000e+00 -1.196674e+00 2.999841e+00 -1.011000e+00 1.709000e+00 -1.275215e+00 2.950709e+00
-1.011000e+00 1.709000e+00 -1.275215e+00 2.950709e+00 -1.011000e+00 1.709000e+00 -1.357014e+00 2.891213e+00
-1.011000e+00 1.709000e+00 -1.357014e+00 2.891213e+00 -1.011000e+00 1.709000e+00 -1.442217e+00 2.819635e+00
-1.011000e+00 1.709000e+00 -1.442217e+00 2.819635e+00 -1.011000e+00 1.709000e+00 -1.530791e+00 2.733996e+00
-1.011000e+00 1.709000e+00 -1.530791e+00 2.733996e+00 -1.011000e+00 1.709000e+00 -1.622294e+00 2.632247e+00
-1.011000e+00 1.709000e+00 -1.622294e+00 2.632247e+00 -1.011000e+00 1.709000e+00 -1.715505e+00 2.512802e+00
-1.011000e+00 1.709000e+00 -1.715505e+00 2.512802e+00 -1.011000e+00 1.709000e+00 -1.807952e+00 2.375614e+00
-1.011000e+00 1.709000e+00 -1.807952e+00 2.375614e+00 -1.011000e+00 1.709000e+00 -1.895684e+00 2.223574e+00
-1.011000e+00 1.709000e+00 -1.895684e+00 2.223574e+00 -1.011000e+00 1.709000e+00 -1.973969e+00 2.063082e+00
-1.011000e+00 1.709000e+00 -1.973969e+00 2.063082e+00 -1.011000e+00 1.709000e+00 -2.038956e+00 1.902374e+00
-1.011000e+00 1.709000e+00 -2.038956e+00 1.902374e+00 -1.011000e+00 1.709000e+00 -2.089043e+00 1.748475e+00
-1.011000e+00 1.709000e+00 -2.089043e+00 1.748475e+00 -1.011000e+00 1.709000e+00 -2.124802e+00 1.605412e+00
-1.011000e+00 1.709000e+00 -2.124802e+00 1.605412e+00 -1.011000e+00 1.709000e+00 -2.147970e+00 1.474490e+00
-1.011000e+00 1.709000e+00 -2.147970e+00 1.474490e+00 -1.011000e+00 1.709000e+00 -2.160559e+00 1.355400e+00
-1.011000e+00 1.709000e+00 -2.160559e+00 1.355400e+00 -1.011000e+00 1.709000e+00 -2.164400e+00 1.247140e+00
