-5.500000e-02 -5.340000e-01 -1.231445e-01 1.061545e-02 -6.000000e-02 -5.290000e-01 -1.241855e-01 1.631854e-02
-5.500000e-02 -5.340000e-01 -1.231445e-01 1.061545e-02 -4.500000e-02 -5.340000e-01 -1.227332e-01 8.786181e-03
-4.500000e-02 -5.340000e-01 -1.227332e-01 8.786181e-03 -3.500000e-02 -5.340000e-01 -1.222756e-01 6.840447e-03
-3.500000e-02 -5.340000e-01 -1.222756e-01 6.840447e-03 -3.000000e-02 -5.290000e-01 -1.230499e-01 1.058702e-02
-1.150000e-01 -5.240000e-01 -1.260657e-01 2.891766e-02 -1.200000e-01 -5.190000e-01 -1.266349e-01 3.436136e-02
-1.150000e-01 -5.240000e-01 -1.260657e-01 2.891766e-02 -1.050000e-01 -5.240000e-01 -1.259158e-01 2.779977e-02
-1.050000e-01 -5.240000e-01 -1.259158e-01 2.779977e-02 -9.500000e-02 -5.240000e-01 -1.257604e-01 2.655153e-02
-9.500000e-02 -5.240000e-01 -1.257604e-01 2.655153e-02 -8.500000e-02 -5.240000e-01 -1.255922e-01 2.517407e-02
-8.500000e-02 -5.240000e-01 -1.255922e-01 2.517407e-02 -7.500000e-02 -5.240000e-01 -1.254038e-01 2.366899e-02
-7.500000e-02 -5.240000e-01 -1.254038e-01 2.366899e-02 -6.500000e-02 -5.240000e-01 -1.251880e-01 2.203791e-02
-6.000000e-02 -5.290000e-01 -1.241855e-01 1.631854e-02 -6.500000e-02 -5.240000e-01 -1.251880e-01 2.203791e-02
-3.000000e-02 -5.290000e-01 -1.230499e-01 1.058702e-02 -2.500000e-02 -5.240000e-01 -1.239073e-01 1.429873e-02
-2.500000e-02 -5.240000e-01 -1.239073e-01 1.429873e-02 -1.500000e-02 -5.240000e-01 -1.234481e-01 1.207363e-02
-1.500000e-02 -5.240000e-01 -1.234481e-01 1.207363e-02 -5.000000e-03 -5.240000e-01 -1.229200e-01 9.738554e-03
-5.000000e-03 -5.240000e-01 -1.229200e-01 9.738554e-03 5.000000e-03 -5.240000e-01 -1.223169e-01 7.296968e-03
5.000000e-03 -5.240000e-01 -1.223169e-01 7.296968e-03 1.500000e-02 -5.240000e-01 -1.216326e-01 4.752565e-03
1.500000e-02 -5.240000e-01 -1.216326e-01 4.752565e-03 2.500000e-02 -5.240000e-01 -1.208616e-01 2.109099e-03
2.500000e-02 -5.240000e-01 -1.208616e-01 2.109099e-03 3.500000e-02 -5.240000e-01 -1.199983e-01 -6.295552e-04
3.500000e-02 -5.240000e-01 -1.199983e-01 -6.295552e-04 4.000000e-02 -5.190000e-01 -1.209326e-01 2.512628e-03
-1.550000e-01 -5.140000e-01 -1.272886e-01 4.204386e-02 -1.600000e-01 -5.090000e-01 -1.275733e-01 4.726810e-02
-1.550000e-01 -5.140000e-01 -1.272886e-01 4.204386e-02 -1.450000e-01 -5.140000e-01 -1.272215e-01 4.143709e-02
-1.450000e-01 -5.140000e-01 -1.272215e-01 4.143709e-02 -1.350000e-01 -5.140000e-01 -1.271781e-01 4.069459e-02
-1.350000e-01 -5.140000e-01 -1.271781e-01 4.069459e-02 -1.250000e-01 -5.140000e-01 -1.271509e-01 3.981644e-02
-1.200000e-01 -5.190000e-01 -1.266349e-01 3.436136e-02 -1.250000e-01 -5.140000e-01 -1.271509e-01 3.981644e-02
4.000000e-02 -5.190000e-01 -1.209326e-01 2.512628e-03 4.500000e-02 -5.140000e-01 -1.219448e-01 5.605041e-03
4.500000e-02 -5.140000e-01 -1.219448e-01 5.605041e-03 5.500000e-02 -5.140000e-01 -1.209671e-01 2.620994e-03
5.500000e-02 -5.140000e-01 -1.209671e-01 2.620994e-03 6.500000e-02 -5.140000e-01 -1.198783e-01 -4.464998e-04
6.500000e-02 -5.140000e-01 -1.198783e-01 -4.464998e-04 7.000000e-02 -5.090000e-01 -1.208491e-01 2.417508e-03
-1.750000e-01 -5.040000e-01 -1.277958e-01 5.284435e-02 -1.800000e-01 -4.990000e-01 -1.279228e-01 5.794604e-02
-1.750000e-01 -5.040000e-01 -1.277958e-01 5.284435e-02 -1.650000e-01 -5.040000e-01 -1.277960e-01 5.249841e-02
-1.600000e-01 -5.090000e-01 -1.275733e-01 4.726810e-02 -1.650000e-01 -5.040000e-01 -1.277960e-01 5.249841e-02
7.000000e-02 -5.090000e-01 -1.208491e-01 2.417508e-03 7.500000e-02 -5.040000e-01 -1.218938e-01 5.225607e-03
7.500000e-02 -5.040000e-01 -1.218938e-01 5.225607e-03 8.500000e-02 -5.040000e-01 -1.206426e-01 1.933762e-03
8.500000e-02 -5.040000e-01 -1.206426e-01 1.933762e-03 9.000000e-02 -4.990000e-01 -1.216338e-01 4.597498e-03
-2.050000e-01 -4.940000e-01 -1.279671e-01 6.305959e-02 -2.100000e-01 -4.890000e-01 -1.279118e-01 6.795641e-02
-2.050000e-01 -4.940000e-01 -1.279671e-01 6.305959e-02 -1.950000e-01 -4.940000e-01 -1.279445e-01 6.312444e-02
-1.950000e-01 -4.940000e-01 -1.279445e-01 6.312444e-02 -1.850000e-01 -4.940000e-01 -1.279833e-01 6.305059e-02
-1.800000e-01 -4.990000e-01 -1.279228e-01 5.794604e-02 -1.850000e-01 -4.940000e-01 -1.279833e-01 6.305059e-02
9.000000e-02 -4.990000e-01 -1.216338e-01 4.597498e-03 9.500000e-02 -4.940000e-01 -1.226955e-01 7.200974e-03
9.500000e-02 -4.940000e-01 -1.226955e-01 7.200974e-03 1.050000e-01 -4.940000e-01 -1.212490e-01 3.700959e-03
1.050000e-01 -4.940000e-01 -1.212490e-01 3.700959e-03 1.100000e-01 -4.890000e-01 -1.222364e-01 6.167911e-03
-2.250000e-01 -4.840000e-01 -1.278151e-01 7.250449e-02 -2.300000e-01 -4.790000e-01 -1.276312e-01 7.725153e-02
-2.250000e-01 -4.840000e-01 -1.278151e-01 7.250449e-02 -2.150000e-01 -4.840000e-01 -1.277848e-01 7.285031e-02
-2.100000e-01 -4.890000e-01 -1.279118e-01 6.795641e-02 -2.150000e-01 -4.840000e-01 -1.277848e-01 7.285031e-02
1.100000e-01 -4.890000e-01 -1.222364e-01 6.167911e-03 1.150000e-01 -4.840000e-01 -1.232899e-01 8.570907e-03
1.150000e-01 -4.840000e-01 -1.232899e-01 8.570907e-03 1.200000e-01 -4.790000e-01 -1.242979e-01 1.090899e-02
-2.350000e-01 -4.740000e-01 -1.273722e-01 8.199129e-02 -2.400000e-01 -4.690000e-01 -1.270910e-01 8.665464e-02
-2.300000e-01 -4.790000e-01 -1.276312e-01 7.725153e-02 -2.350000e-01 -4.740000e-01 -1.273722e-01 8.199129e-02
1.200000e-01 -4.790000e-01 -1.242979e-01 1.090899e-02 1.250000e-01 -4.740000e-01 -1.253698e-01 1.318047e-02
1.250000e-01 -4.740000e-01 -1.253698e-01 1.318047e-02 1.350000e-01 -4.740000e-01 -1.235966e-01 9.366489e-03
1.350000e-01 -4.740000e-01 -1.235966e-01 9.366489e-03 1.400000e-01 -4.690000e-01 -1.245617e-01 1.151590e-02
-2.550000e-01 -4.640000e-01 -1.267667e-01 9.052013e-02 -2.600000e-01 -4.590000e-01 -1.263770e-01 9.501587e-02
-2.550000e-01 -4.640000e-01 -1.267667e-01 9.052013e-02 -2.450000e-01 -4.640000e-01 -1.267322e-01 9.130816e-02
-2.400000e-01 -4.690000e-01 -1.270910e-01 8.665464e-02 -2.450000e-01 -4.640000e-01 -1.267322e-01 9.130816e-02
1.400000e-01 -4.690000e-01 -1.245617e-01 1.151590e-02 1.450000e-01 -4.640000e-01 -1.255850e-01 1.359596e-02
1.450000e-01 -4.640000e-01 -1.255850e-01 1.359596e-02 1.500000e-01 -4.590000e-01 -1.265473e-01 1.561939e-02
-2.750000e-01 -4.540000e-01 -1.260327e-01 9.841454e-02 -2.800000e-01 -4.490000e-01 -1.255510e-01 1.027333e-01
-2.750000e-01 -4.540000e-01 -1.260327e-01 9.841454e-02 -2.650000e-01 -4.540000e-01 -1.259073e-01 9.949648e-02
-2.600000e-01 -4.590000e-01 -1.263770e-01 9.501587e-02 -2.650000e-01 -4.540000e-01 -1.259073e-01 9.949648e-02
1.500000e-01 -4.590000e-01 -1.265473e-01 1.561939e-02 1.550000e-01 -4.540000e-01 -1.275646e-01 1.757127e-02
1.550000e-01 -4.540000e-01 -1.275646e-01 1.757127e-02 1.600000e-01 -4.490000e-01 -1.285149e-01 1.946980e-02
-2.850000e-01 -4.440000e-01 -1.249875e-01 1.070315e-01 -2.900000e-01 -4.390000e-01 -1.244256e-01 1.112472e-01
-2.800000e-01 -4.490000e-01 -1.255510e-01 1.027333e-01 -2.850000e-01 -4.440000e-01 -1.249875e-01 1.070315e-01
1.600000e-01 -4.490000e-01 -1.285149e-01 1.946980e-02 1.650000e-01 -4.440000e-01 -1.295169e-01 2.129487e-02
1.650000e-01 -4.440000e-01 -1.295169e-01 2.129487e-02 1.700000e-01 -4.390000e-01 -1.304462e-01 2.307011e-02
-2.950000e-01 -4.340000e-01 -1.237802e-01 1.154390e-01 -3.000000e-01 -4.290000e-01 -1.231417e-01 1.195467e-01
-2.900000e-01 -4.390000e-01 -1.244256e-01 1.112472e-01 -2.950000e-01 -4.340000e-01 -1.237802e-01 1.154390e-01
1.700000e-01 -4.390000e-01 -1.304462e-01 2.307011e-02 1.750000e-01 -4.340000e-01 -1.314234e-01 2.477013e-02
1.750000e-01 -4.340000e-01 -1.314234e-01 2.477013e-02 1.800000e-01 -4.290000e-01 -1.323225e-01 2.642419e-02
-3.150000e-01 -4.240000e-01 -1.227056e-01 1.219175e-01 -3.200000e-01 -4.190000e-01 -1.220120e-01 1.258279e-01
-3.150000e-01 -4.240000e-01 -1.227056e-01 1.219175e-01 -3.050000e-01 -4.240000e-01 -1.224183e-01 1.236270e-01
-3.000000e-01 -4.290000e-01 -1.231417e-01 1.195467e-01 -3.050000e-01 -4.240000e-01 -1.224183e-01 1.236270e-01
1.800000e-01 -4.290000e-01 -1.323225e-01 2.642419e-02 1.850000e-01 -4.240000e-01 -1.332655e-01 2.800160e-02
1.850000e-01 -4.240000e-01 -1.332655e-01 2.800160e-02 1.900000e-01 -4.190000e-01 -1.341251e-01 2.953714e-02
-3.250000e-01 -4.140000e-01 -1.212336e-01 1.297047e-01 -3.300000e-01 -4.090000e-01 -1.204784e-01 1.334965e-01
-3.200000e-01 -4.190000e-01 -1.220120e-01 1.258279e-01 -3.250000e-01 -4.140000e-01 -1.212336e-01 1.297047e-01
1.900000e-01 -4.190000e-01 -1.341251e-01 2.953714e-02 1.950000e-01 -4.140000e-01 -1.350244e-01 3.099487e-02
1.950000e-01 -4.140000e-01 -1.350244e-01 3.099487e-02 2.000000e-01 -4.090000e-01 -1.358353e-01 3.241507e-02
-3.350000e-01 -4.040000e-01 -1.196376e-01 1.372508e-01 -3.400000e-01 -3.990000e-01 -1.188261e-01 1.409194e-01
-3.300000e-01 -4.090000e-01 -1.204784e-01 1.334965e-01 -3.350000e-01 -4.040000e-01 -1.196376e-01 1.372508e-01
2.000000e-01 -4.090000e-01 -1.358353e-01 3.241507e-02 2.000000e-01 -3.990000e-01 -1.403357e-01 3.959875e-02
-3.450000e-01 -3.940000e-01 -1.179286e-01 1.445466e-01 -3.500000e-01 -3.890000e-01 -1.170666e-01 1.480877e-01
-3.400000e-01 -3.990000e-01 -1.188261e-01 1.409194e-01 -3.450000e-01 -3.940000e-01 -1.179286e-01 1.445466e-01
2.000000e-01 -3.990000e-01 -1.403357e-01 3.959875e-02 2.050000e-01 -3.940000e-01 -1.412161e-01 4.085966e-02
2.050000e-01 -3.940000e-01 -1.412161e-01 4.085966e-02 2.100000e-01 -3.890000e-01 -1.420001e-01 4.208886e-02
-3.550000e-01 -3.840000e-01 -1.161187e-01 1.515833e-01 -3.600000e-01 -3.790000e-01 -1.152126e-01 1.549929e-01
-3.500000e-01 -3.890000e-01 -1.170666e-01 1.480877e-01 -3.550000e-01 -3.840000e-01 -1.161187e-01 1.515833e-01
2.100000e-01 -3.890000e-01 -1.420001e-01 4.208886e-02 2.150000e-01 -3.840000e-01 -1.428133e-01 4.323700e-02
2.150000e-01 -3.840000e-01 -1.428133e-01 4.323700e-02 2.200000e-01 -3.790000e-01 -1.435261e-01 4.435835e-02
-3.650000e-01 -3.740000e-01 -1.142209e-01 1.583526e-01 -3.700000e-01 -3.690000e-01 -1.132777e-01 1.616268e-01
-3.600000e-01 -3.790000e-01 -1.152126e-01 1.549929e-01 -3.650000e-01 -3.740000e-01 -1.142209e-01 1.583526e-01
2.200000e-01 -3.790000e-01 -1.435261e-01 4.435835e-02 2.250000e-01 -3.740000e-01 -1.442632e-01 4.539849e-02
2.250000e-01 -3.740000e-01 -1.442632e-01 4.539849e-02 2.300000e-01 -3.690000e-01 -1.448962e-01 4.641690e-02
-3.750000e-01 -3.640000e-01 -1.122494e-01 1.648467e-01 -3.800000e-01 -3.590000e-01 -1.112764e-01 1.679819e-01
-3.700000e-01 -3.690000e-01 -1.132777e-01 1.616268e-01 -3.750000e-01 -3.640000e-01 -1.122494e-01 1.648467e-01
2.300000e-01 -3.690000e-01 -1.448962e-01 4.641690e-02 2.300000e-01 -3.590000e-01 -1.496234e-01 5.301901e-02
-3.850000e-01 -3.540000e-01 -1.102192e-01 1.710585e-01 -3.900000e-01 -3.490000e-01 -1.092241e-01 1.740517e-01
-3.800000e-01 -3.590000e-01 -1.112764e-01 1.679819e-01 -3.850000e-01 -3.540000e-01 -1.102192e-01 1.710585e-01
2.300000e-01 -3.590000e-01 -1.496234e-01 5.301901e-02 2.350000e-01 -3.540000e-01 -1.502928e-01 5.387384e-02
2.350000e-01 -3.540000e-01 -1.502928e-01 5.387384e-02 2.400000e-01 -3.490000e-01 -1.508516e-01 5.471400e-02
-3.950000e-01 -3.440000e-01 -1.081463e-01 1.769817e-01 -4.000000e-01 -3.390000e-01 -1.071372e-01 1.798299e-01
-3.900000e-01 -3.490000e-01 -1.092241e-01 1.740517e-01 -3.950000e-01 -3.440000e-01 -1.081463e-01 1.769817e-01
2.400000e-01 -3.490000e-01 -1.508516e-01 5.471400e-02 2.400000e-01 -3.390000e-01 -1.556677e-01 6.104694e-02
-4.050000e-01 -3.340000e-01 -1.060475e-01 1.826104e-01 -4.100000e-01 -3.290000e-01 -1.050331e-01 1.853113e-01
-4.000000e-01 -3.390000e-01 -1.071372e-01 1.798299e-01 -4.050000e-01 -3.340000e-01 -1.060475e-01 1.826104e-01
2.400000e-01 -3.390000e-01 -1.556677e-01 6.104694e-02 2.450000e-01 -3.340000e-01 -1.562483e-01 6.172212e-02
2.450000e-01 -3.340000e-01 -1.562483e-01 6.172212e-02 2.500000e-01 -3.290000e-01 -1.567125e-01 6.239023e-02
-4.150000e-01 -3.240000e-01 -1.039403e-01 1.879401e-01 -4.200000e-01 -3.190000e-01 -1.029297e-01 1.904918e-01
-4.100000e-01 -3.290000e-01 -1.050331e-01 1.853113e-01 -4.150000e-01 -3.240000e-01 -1.039403e-01 1.879401e-01
2.500000e-01 -3.290000e-01 -1.567125e-01 6.239023e-02 2.500000e-01 -3.190000e-01 -1.615974e-01 6.844748e-02
-4.250000e-01 -3.140000e-01 -1.018434e-01 1.929671e-01 -4.300000e-01 -3.090000e-01 -1.008457e-01 1.953682e-01
-4.200000e-01 -3.190000e-01 -1.029297e-01 1.904918e-01 -4.250000e-01 -3.140000e-01 -1.018434e-01 1.929671e-01
2.500000e-01 -3.190000e-01 -1.615974e-01 6.844748e-02 2.550000e-01 -3.140000e-01 -1.620677e-01 6.895060e-02
2.550000e-01 -3.140000e-01 -1.620677e-01 6.895060e-02 2.600000e-01 -3.090000e-01 -1.624169e-01 6.945466e-02
-4.350000e-01 -3.040000e-01 -9.977561e-02 1.976887e-01 -4.400000e-01 -2.990000e-01 -9.880042e-02 1.999386e-01
-4.300000e-01 -3.090000e-01 -1.008457e-01 1.953682e-01 -4.350000e-01 -3.040000e-01 -9.977561e-02 1.976887e-01
2.600000e-01 -3.090000e-01 -1.624169e-01 6.945466e-02 2.600000e-01 -2.990000e-01 -1.673485e-01 7.523176e-02
-4.450000e-01 -2.940000e-01 -9.775666e-02 2.021036e-01 -4.500000e-01 -2.890000e-01 -9.681381e-02 2.042021e-01
-4.400000e-01 -2.990000e-01 -9.880042e-02 1.999386e-01 -4.450000e-01 -2.940000e-01 -9.775666e-02 2.021036e-01
2.600000e-01 -2.990000e-01 -1.673485e-01 7.523176e-02 2.650000e-01 -2.940000e-01 -1.676874e-01 7.557234e-02
2.650000e-01 -2.940000e-01 -1.676874e-01 7.557234e-02 2.700000e-01 -2.890000e-01 -1.679013e-01 7.592223e-02
-4.500000e-01 -2.890000e-01 -9.681381e-02 2.042021e-01 -4.500000e-01 -2.790000e-01 -9.282155e-02 2.122147e-01
2.700000e-01 -2.890000e-01 -1.679013e-01 7.592223e-02 2.700000e-01 -2.790000e-01 -1.728560e-01 8.141683e-02
-4.550000e-01 -2.740000e-01 -9.174974e-02 2.141320e-01 -4.600000e-01 -2.690000e-01 -9.078940e-02 2.159872e-01
-4.500000e-01 -2.790000e-01 -9.282155e-02 2.122147e-01 -4.550000e-01 -2.740000e-01 -9.174974e-02 2.141320e-01
2.700000e-01 -2.790000e-01 -1.728560e-01 8.141683e-02 2.700000e-01 -2.690000e-01 -1.778476e-01 8.678752e-02
-4.650000e-01 -2.640000e-01 -8.976945e-02 2.177463e-01 -4.700000e-01 -2.590000e-01 -8.886656e-02 2.194484e-01
-4.600000e-01 -2.690000e-01 -9.078940e-02 2.159872e-01 -4.650000e-01 -2.640000e-01 -8.976945e-02 2.177463e-01
2.700000e-01 -2.690000e-01 -1.778476e-01 8.678752e-02 2.750000e-01 -2.640000e-01 -1.780164e-01 8.689633e-02
2.750000e-01 -2.640000e-01 -1.780164e-01 8.689633e-02 2.800000e-01 -2.590000e-01 -1.780549e-01 8.702600e-02
-4.750000e-01 -2.540000e-01 -8.790944e-02 2.210511e-01 -4.800000e-01 -2.490000e-01 -8.707450e-02 2.226024e-01
-4.700000e-01 -2.590000e-01 -8.886656e-02 2.194484e-01 -4.750000e-01 -2.540000e-01 -8.790944e-02 2.210511e-01
2.800000e-01 -2.590000e-01 -1.780549e-01 8.702600e-02 2.800000e-01 -2.490000e-01 -1.830362e-01 9.211094e-02
-4.800000e-01 -2.490000e-01 -8.707450e-02 2.226024e-01 -4.800000e-01 -2.390000e-01 -8.264602e-02 2.299294e-01
2.800000e-01 -2.490000e-01 -1.830362e-01 9.211094e-02 2.800000e-01 -2.390000e-01 -1.880433e-01 9.706586e-02
-4.850000e-01 -2.340000e-01 -8.171518e-02 2.312721e-01 -4.900000e-01 -2.290000e-01 -8.091628e-02 2.325706e-01
-4.800000e-01 -2.390000e-01 -8.264602e-02 2.299294e-01 -4.850000e-01 -2.340000e-01 -8.171518e-02 2.312721e-01
2.800000e-01 -2.390000e-01 -1.880433e-01 9.706586e-02 2.850000e-01 -2.340000e-01 -1.880011e-01 9.696215e-02
2.850000e-01 -2.340000e-01 -1.880011e-01 9.696215e-02 2.900000e-01 -2.290000e-01 -1.878255e-01 9.689135e-02
-4.950000e-01 -2.240000e-01 -8.007645e-02 2.337605e-01 -5.000000e-01 -2.190000e-01 -7.937264e-02 2.349129e-01
-4.900000e-01 -2.290000e-01 -8.091628e-02 2.325706e-01 -4.950000e-01 -2.240000e-01 -8.007645e-02 2.337605e-01
2.900000e-01 -2.290000e-01 -1.878255e-01 9.689135e-02 2.900000e-01 -2.190000e-01 -1.927861e-01 1.015619e-01
-5.000000e-01 -2.190000e-01 -7.937264e-02 2.349129e-01 -5.000000e-01 -2.090000e-01 -7.468826e-02 2.416814e-01
2.900000e-01 -2.190000e-01 -1.927861e-01 1.015619e-01 2.900000e-01 -2.090000e-01 -1.977594e-01 1.060980e-01
-5.050000e-01 -2.040000e-01 -7.391844e-02 2.426089e-01 -5.100000e-01 -1.990000e-01 -7.329310e-02 2.435082e-01
-5.000000e-01 -2.090000e-01 -7.468826e-02 2.416814e-01 -5.050000e-01 -2.040000e-01 -7.391844e-02 2.426089e-01
2.900000e-01 -2.090000e-01 -1.977594e-01 1.060980e-01 2.900000e-01 -1.990000e-01 -2.027418e-01 1.104972e-01
-5.150000e-01 -1.940000e-01 -7.264329e-02 2.442919e-01 -5.200000e-01 -1.890000e-01 -7.214065e-02 2.450550e-01
-5.100000e-01 -1.990000e-01 -7.329310e-02 2.435082e-01 -5.150000e-01 -1.940000e-01 -7.264329e-02 2.442919e-01
2.900000e-01 -1.990000e-01 -2.027418e-01 1.104972e-01 2.950000e-01 -1.940000e-01 -2.024027e-01 1.101336e-01
2.950000e-01 -1.940000e-01 -2.024027e-01 1.101336e-01 3.000000e-01 -1.890000e-01 -2.019280e-01 1.098187e-01
-5.200000e-01 -1.890000e-01 -7.214065e-02 2.450550e-01 -5.200000e-01 -1.790000e-01 -6.727346e-02 2.512164e-01
3.000000e-01 -1.890000e-01 -2.019280e-01 1.098187e-01 3.000000e-01 -1.790000e-01 -2.068147e-01 1.139401e-01
-5.250000e-01 -1.740000e-01 -6.674036e-02 2.517439e-01 -5.300000e-01 -1.690000e-01 -6.636098e-02 2.522619e-01
-5.200000e-01 -1.790000e-01 -6.727346e-02 2.512164e-01 -5.250000e-01 -1.740000e-01 -6.674036e-02 2.517439e-01
3.000000e-01 -1.790000e-01 -2.068147e-01 1.139401e-01 3.000000e-01 -1.690000e-01 -2.116953e-01 1.179225e-01
-5.350000e-01 -1.640000e-01 -6.597612e-02 2.526607e-01 -5.400000e-01 -1.590000e-01 -6.574581e-02 2.530581e-01
-5.300000e-01 -1.690000e-01 -6.636098e-02 2.522619e-01 -5.350000e-01 -1.640000e-01 -6.597612e-02 2.526607e-01
3.000000e-01 -1.690000e-01 -2.116953e-01 1.179225e-01 3.000000e-01 -1.590000e-01 -2.165656e-01 1.217645e-01
-5.400000e-01 -1.590000e-01 -6.574581e-02 2.530581e-01 -5.400000e-01 -1.490000e-01 -6.078462e-02 2.585780e-01
3.000000e-01 -1.590000e-01 -2.165656e-01 1.217645e-01 3.000000e-01 -1.490000e-01 -2.214209e-01 1.254645e-01
-5.450000e-01 -1.440000e-01 -6.056379e-02 2.587365e-01 -5.500000e-01 -1.390000e-01 -6.050165e-02 2.589061e-01
-5.400000e-01 -1.490000e-01 -6.078462e-02 2.585780e-01 -5.450000e-01 -1.440000e-01 -6.056379e-02 2.587365e-01
3.000000e-01 -1.490000e-01 -2.214209e-01 1.254645e-01 3.000000e-01 -1.390000e-01 -2.262566e-01 1.290212e-01
-5.500000e-01 -1.390000e-01 -6.050165e-02 2.589061e-01 -5.500000e-01 -1.290000e-01 -5.550401e-02 2.640054e-01
3.000000e-01 -1.390000e-01 -2.262566e-01 1.290212e-01 3.050000e-01 -1.340000e-01 -2.254188e-01 1.283221e-01
3.050000e-01 -1.340000e-01 -2.254188e-01 1.283221e-01 3.100000e-01 -1.290000e-01 -2.244470e-01 1.276951e-01
-5.550000e-01 -1.240000e-01 -5.547693e-02 2.639357e-01 -5.600000e-01 -1.190000e-01 -5.561083e-02 2.638900e-01
-5.500000e-01 -1.290000e-01 -5.550401e-02 2.640054e-01 -5.550000e-01 -1.240000e-01 -5.547693e-02 2.639357e-01
3.100000e-01 -1.290000e-01 -2.244470e-01 1.276951e-01 3.100000e-01 -1.190000e-01 -2.291102e-01 1.309956e-01
-5.600000e-01 -1.190000e-01 -5.561083e-02 2.638900e-01 -5.600000e-01 -1.090000e-01 -5.061549e-02 2.685587e-01
3.100000e-01 -1.190000e-01 -2.291102e-01 1.309956e-01 3.100000e-01 -1.090000e-01 -2.337360e-01 1.341555e-01
-5.650000e-01 -1.040000e-01 -5.081117e-02 2.682768e-01 -5.700000e-01 -9.900000e-02 -5.116839e-02 2.680324e-01
-5.600000e-01 -1.090000e-01 -5.061549e-02 2.685587e-01 -5.650000e-01 -1.040000e-01 -5.081117e-02 2.682768e-01
3.100000e-01 -1.090000e-01 -2.337360e-01 1.341555e-01 3.100000e-01 -9.900000e-02 -2.383191e-01 1.371744e-01
-5.700000e-01 -9.900000e-02 -5.116839e-02 2.680324e-01 -5.700000e-01 -8.900000e-02 -4.621703e-02 2.722657e-01
3.100000e-01 -9.900000e-02 -2.383191e-01 1.371744e-01 3.100000e-01 -8.900000e-02 -2.428537e-01 1.400523e-01
-5.750000e-01 -8.400000e-02 -4.666318e-02 2.717919e-01 -5.800000e-01 -7.900000e-02 -4.726924e-02 2.713693e-01
-5.700000e-01 -8.900000e-02 -4.621703e-02 2.722657e-01 -5.750000e-01 -8.400000e-02 -4.666318e-02 2.717919e-01
3.100000e-01 -8.900000e-02 -2.428537e-01 1.400523e-01 3.100000e-01 -7.900000e-02 -2.473343e-01 1.427893e-01
-5.800000e-01 -7.900000e-02 -4.726924e-02 2.713693e-01 -5.800000e-01 -6.900000e-02 -4.240562e-02 2.751682e-01
3.100000e-01 -7.900000e-02 -2.473343e-01 1.427893e-01 3.100000e-01 -6.900000e-02 -2.517549e-01 1.453860e-01
-5.850000e-01 -6.400000e-02 -4.312774e-02 2.745270e-01 -5.900000e-01 -5.900000e-02 -4.400608e-02 2.739504e-01
-5.800000e-01 -6.900000e-02 -4.240562e-02 2.751682e-01 -5.850000e-01 -6.400000e-02 -4.312774e-02 2.745270e-01
3.100000e-01 -6.900000e-02 -2.517549e-01 1.453860e-01 3.100000e-01 -5.900000e-02 -2.561097e-01 1.478431e-01
-5.900000e-01 -5.900000e-02 -4.400608e-02 2.739504e-01 -5.900000e-01 -4.900000e-02 -3.927514e-02 2.773224e-01
3.100000e-01 -5.900000e-02 -2.561097e-01 1.478431e-01 3.100000e-01 -4.900000e-02 -2.603923e-01 1.501617e-01
-5.950000e-01 -4.400000e-02 -4.029569e-02 2.765420e-01 -6.000000e-01 -3.900000e-02 -4.146645e-02 2.758390e-01
-5.900000e-01 -4.900000e-02 -3.927514e-02 2.773224e-01 -5.950000e-01 -4.400000e-02 -4.029569e-02 2.765420e-01
3.100000e-01 -4.900000e-02 -2.603923e-01 1.501617e-01 3.100000e-01 -3.900000e-02 -2.645966e-01 1.523433e-01
-6.000000e-01 -3.900000e-02 -4.146645e-02 2.758390e-01 -6.000000e-01 -2.900000e-02 -3.691313e-02 2.787982e-01
3.100000e-01 -3.900000e-02 -2.645966e-01 1.523433e-01 3.100000e-01 -2.900000e-02 -2.687163e-01 1.543896e-01
-6.050000e-01 -2.400000e-02 -3.825055e-02 2.779102e-01 -6.100000e-01 -1.900000e-02 -3.973042e-02 2.771111e-01
-6.000000e-01 -2.900000e-02 -3.691313e-02 2.787982e-01 -6.050000e-01 -2.400000e-02 -3.825055e-02 2.779102e-01
3.100000e-01 -2.900000e-02 -2.687163e-01 1.543896e-01 3.100000e-01 -1.900000e-02 -2.727450e-01 1.563027e-01
-6.100000e-01 -1.900000e-02 -3.973042e-02 2.771111e-01 -6.100000e-01 -9.000000e-03 -3.539793e-02 2.796784e-01
3.100000e-01 -1.900000e-02 -2.727450e-01 1.563027e-01 3.150000e-01 -1.400000e-02 -2.706507e-01 1.552288e-01
3.150000e-01 -1.400000e-02 -2.706507e-01 1.552288e-01 3.200000e-01 -9.000000e-03 -2.684477e-01 1.542667e-01
-6.100000e-01 -9.000000e-03 -3.539793e-02 2.796784e-01 -6.100000e-01 1.000000e-03 -3.112327e-02 2.820282e-01
3.200000e-01 -9.000000e-03 -2.684477e-01 1.542667e-01 3.200000e-01 1.000000e-03 -2.721526e-01 1.560278e-01
-6.150000e-01 6.000000e-03 -3.289472e-02 2.809901e-01 -6.200000e-01 1.100000e-02 -3.479689e-02 2.800567e-01
-6.100000e-01 1.000000e-03 -3.112327e-02 2.820282e-01 -6.150000e-01 6.000000e-03 -3.289472e-02 2.809901e-01
3.200000e-01 1.000000e-03 -2.721526e-01 1.560278e-01 3.200000e-01 1.100000e-02 -2.757485e-01 1.576706e-01
-6.200000e-01 1.100000e-02 -3.479689e-02 2.800567e-01 -6.200000e-01 2.100000e-02 -3.080427e-02 2.820478e-01
3.150000e-01 1.600000e-02 -2.817737e-01 1.601746e-01 3.100000e-01 2.100000e-02 -2.878194e-01 1.626784e-01
3.200000e-01 1.100000e-02 -2.757485e-01 1.576706e-01 3.150000e-01 1.600000e-02 -2.817737e-01 1.601746e-01
-6.250000e-01 2.600000e-02 -3.292453e-02 2.809854e-01 -6.300000e-01 3.100000e-02 -3.516329e-02 2.800357e-01
-6.200000e-01 2.100000e-02 -3.080427e-02 2.820478e-01 -6.250000e-01 2.600000e-02 -3.292453e-02 2.809854e-01
3.100000e-01 2.100000e-02 -2.878194e-01 1.626784e-01 3.100000e-01 3.100000e-02 -2.912957e-01 1.639704e-01
-6.300000e-01 3.100000e-02 -3.516329e-02 2.800357e-01 -6.300000e-01 4.100000e-02 -3.148890e-02 2.817044e-01
3.100000e-01 3.100000e-02 -2.912957e-01 1.639704e-01 3.100000e-01 4.100000e-02 -2.946424e-01 1.651499e-01
-6.300000e-01 4.100000e-02 -3.148890e-02 2.817044e-01 -6.300000e-01 5.100000e-02 -2.792168e-02 2.831711e-01
3.100000e-01 4.100000e-02 -2.946424e-01 1.651499e-01 3.100000e-01 5.100000e-02 -2.978532e-01 1.662219e-01
-6.350000e-01 5.600000e-02 -3.051508e-02 2.820797e-01 -6.400000e-01 6.100000e-02 -3.320999e-02 2.811112e-01
-6.300000e-01 5.100000e-02 -2.792168e-02 2.831711e-01 -6.350000e-01 5.600000e-02 -3.051508e-02 2.820797e-01
3.100000e-01 5.100000e-02 -2.978532e-01 1.662219e-01 3.100000e-01 6.100000e-02 -3.009220e-01 1.671914e-01
-6.400000e-01 6.100000e-02 -3.320999e-02 2.811112e-01 -6.400000e-01 7.100000e-02 -3.000928e-02 2.823097e-01
3.100000e-01 6.100000e-02 -3.009220e-01 1.671914e-01 3.100000e-01 7.100000e-02 -3.038431e-01 1.680643e-01
-6.400000e-01 7.100000e-02 -3.000928e-02 2.823097e-01 -6.400000e-01 8.100000e-02 -2.694310e-02 2.833223e-01
3.100000e-01 7.100000e-02 -3.038431e-01 1.680643e-01 3.100000e-01 8.100000e-02 -3.066108e-01 1.688466e-01
-6.450000e-01 8.600000e-02 -3.001626e-02 2.822771e-01 -6.500000e-01 9.100000e-02 -3.317180e-02 2.813603e-01
-6.400000e-01 8.100000e-02 -2.694310e-02 2.833223e-01 -6.450000e-01 8.600000e-02 -3.001626e-02 2.822771e-01
3.100000e-01 8.100000e-02 -3.066108e-01 1.688466e-01 3.100000e-01 9.100000e-02 -3.092195e-01 1.695447e-01
-6.500000e-01 9.100000e-02 -3.317180e-02 2.813603e-01 -6.500000e-01 1.010000e-01 -3.050926e-02 2.821688e-01
3.100000e-01 9.100000e-02 -3.092195e-01 1.695447e-01 3.100000e-01 1.010000e-01 -3.116644e-01 1.701655e-01
-6.500000e-01 1.010000e-01 -3.050926e-02 2.821688e-01 -6.500000e-01 1.110000e-01 -2.800503e-02 2.828134e-01
3.100000e-01 1.010000e-01 -3.116644e-01 1.701655e-01 3.100000e-01 1.110000e-01 -3.139406e-01 1.707161e-01
-6.550000e-01 1.160000e-01 -3.154895e-02 2.818884e-01 -6.600000e-01 1.210000e-01 -3.515533e-02 2.810929e-01
-6.500000e-01 1.110000e-01 -2.800503e-02 2.828134e-01 -6.550000e-01 1.160000e-01 -3.154895e-02 2.818884e-01
3.100000e-01 1.110000e-01 -3.139406e-01 1.707161e-01 3.100000e-01 1.210000e-01 -3.160436e-01 1.712040e-01
-6.600000e-01 1.210000e-01 -3.515533e-02 2.810929e-01 -6.600000e-01 1.310000e-01 -3.307835e-02 2.816036e-01
3.100000e-01 1.210000e-01 -3.160436e-01 1.712040e-01 3.100000e-01 1.310000e-01 -3.179693e-01 1.716370e-01
-6.600000e-01 1.310000e-01 -3.307835e-02 2.816036e-01 -6.600000e-01 1.410000e-01 -3.117851e-02 2.819768e-01
3.100000e-01 1.310000e-01 -3.179693e-01 1.716370e-01 3.100000e-01 1.410000e-01 -3.197143e-01 1.720232e-01
-6.600000e-01 1.410000e-01 -3.117851e-02 2.819768e-01 -6.600000e-01 1.510000e-01 -2.946297e-02 2.822199e-01
3.050000e-01 1.460000e-01 -3.253681e-01 1.729772e-01 3.000000e-01 1.510000e-01 -3.310455e-01 1.738680e-01
3.100000e-01 1.410000e-01 -3.197143e-01 1.720232e-01 3.050000e-01 1.460000e-01 -3.253681e-01 1.729772e-01
-6.650000e-01 1.560000e-01 -3.358273e-02 2.815186e-01 -6.700000e-01 1.610000e-01 -3.774004e-02 2.809431e-01
-6.600000e-01 1.510000e-01 -2.946297e-02 2.822199e-01 -6.650000e-01 1.560000e-01 -3.358273e-02 2.815186e-01
3.000000e-01 1.510000e-01 -3.310455e-01 1.738680e-01 3.000000e-01 1.610000e-01 -3.324750e-01 1.739942e-01
-6.700000e-01 1.610000e-01 -3.774004e-02 2.809431e-01 -6.700000e-01 1.710000e-01 -3.646664e-02 2.811470e-01
3.000000e-01 1.610000e-01 -3.324750e-01 1.739942e-01 3.000000e-01 1.710000e-01 -3.337081e-01 1.740971e-01
-6.700000e-01 1.710000e-01 -3.646664e-02 2.811470e-01 -6.700000e-01 1.810000e-01 -3.538893e-02 2.812516e-01
3.000000e-01 1.710000e-01 -3.337081e-01 1.740971e-01 3.000000e-01 1.810000e-01 -3.347429e-01 1.741861e-01
-6.700000e-01 1.810000e-01 -3.538893e-02 2.812516e-01 -6.700000e-01 1.910000e-01 -3.451173e-02 2.812658e-01
3.000000e-01 1.810000e-01 -3.347429e-01 1.741861e-01 3.000000e-01 1.910000e-01 -3.355778e-01 1.742706e-01
-6.750000e-01 1.960000e-01 -3.915261e-02 2.808966e-01 -6.800000e-01 2.010000e-01 -4.380845e-02 2.806423e-01
-6.700000e-01 1.910000e-01 -3.451173e-02 2.812658e-01 -6.750000e-01 1.960000e-01 -3.915261e-02 2.808966e-01
3.000000e-01 1.910000e-01 -3.355778e-01 1.742706e-01 3.000000e-01 2.010000e-01 -3.362121e-01 1.743604e-01
-6.800000e-01 2.010000e-01 -4.380845e-02 2.806423e-01 -6.800000e-01 2.110000e-01 -4.336386e-02 2.807107e-01
2.950000e-01 2.060000e-01 -3.414189e-01 1.746295e-01 2.900000e-01 2.110000e-01 -3.466342e-01 1.748052e-01
3.000000e-01 2.010000e-01 -3.362121e-01 1.743604e-01 2.950000e-01 2.060000e-01 -3.414189e-01 1.746295e-01
-6.800000e-01 2.110000e-01 -4.336386e-02 2.807107e-01 -6.800000e-01 2.210000e-01 -4.312276e-02 2.807207e-01
2.900000e-01 2.110000e-01 -3.466342e-01 1.748052e-01 2.900000e-01 2.210000e-01 -3.468772e-01 1.747299e-01
-6.800000e-01 2.210000e-01 -4.312276e-02 2.807207e-01 -6.800000e-01 2.310000e-01 -4.308765e-02 2.806823e-01
2.900000e-01 2.210000e-01 -3.468772e-01 1.747299e-01 2.900000e-01 2.310000e-01 -3.469124e-01 1.746898e-01
-6.800000e-01 2.310000e-01 -4.308765e-02 2.806823e-01 -6.800000e-01 2.410000e-01 -4.326027e-02 2.806052e-01
2.900000e-01 2.310000e-01 -3.469124e-01 1.746898e-01 2.900000e-01 2.410000e-01 -3.467415e-01 1.746947e-01
-6.850000e-01 2.460000e-01 -4.844337e-02 2.807432e-01 -6.900000e-01 2.510000e-01 -5.361933e-02 2.809761e-01
-6.800000e-01 2.410000e-01 -4.326027e-02 2.806052e-01 -6.850000e-01 2.460000e-01 -4.844337e-02 2.807432e-01
2.900000e-01 2.410000e-01 -3.467415e-01 1.746947e-01 2.900000e-01 2.510000e-01 -3.463667e-01 1.747545e-01
-6.900000e-01 2.510000e-01 -5.361933e-02 2.809761e-01 -6.900000e-01 2.610000e-01 -5.418688e-02 2.810576e-01
2.850000e-01 2.560000e-01 -3.510614e-01 1.745288e-01 2.800000e-01 2.610000e-01 -3.557429e-01 1.741893e-01
2.900000e-01 2.510000e-01 -3.463667e-01 1.747545e-01 2.850000e-01 2.560000e-01 -3.510614e-01 1.745288e-01
-6.900000e-01 2.610000e-01 -5.418688e-02 2.810576e-01 -6.900000e-01 2.710000e-01 -5.495560e-02 2.811307e-01
2.800000e-01 2.610000e-01 -3.557429e-01 1.741893e-01 2.800000e-01 2.710000e-01 -3.549369e-01 1.741873e-01
-6.900000e-01 2.710000e-01 -5.495560e-02 2.811307e-01 -6.900000e-01 2.810000e-01 -5.592489e-02 2.812050e-01
2.800000e-01 2.710000e-01 -3.549369e-01 1.741873e-01 2.800000e-01 2.810000e-01 -3.539293e-01 1.742723e-01
-6.900000e-01 2.810000e-01 -5.592489e-02 2.812050e-01 -6.900000e-01 2.910000e-01 -5.709362e-02 2.812900e-01
2.800000e-01 2.810000e-01 -3.539293e-01 1.742723e-01 2.800000e-01 2.910000e-01 -3.527249e-01 1.744533e-01
-6.900000e-01 2.910000e-01 -5.709362e-02 2.812900e-01 -6.900000e-01 3.010000e-01 -5.845994e-02 2.813953e-01
2.750000e-01 2.960000e-01 -3.569261e-01 1.738985e-01 2.700000e-01 3.010000e-01 -3.610917e-01 1.732183e-01
2.800000e-01 2.910000e-01 -3.527249e-01 1.744533e-01 2.750000e-01 2.960000e-01 -3.569261e-01 1.738985e-01
-6.950000e-01 3.060000e-01 -6.411678e-02 2.822433e-01 -7.000000e-01 3.110000e-01 -6.975050e-02 2.831563e-01
-6.900000e-01 3.010000e-01 -5.845994e-02 2.813953e-01 -6.950000e-01 3.060000e-01 -6.411678e-02 2.822433e-01
2.700000e-01 3.010000e-01 -3.610917e-01 1.732183e-01 2.700000e-01 3.110000e-01 -3.594445e-01 1.734305e-01
-7.000000e-01 3.110000e-01 -6.975050e-02 2.831563e-01 -7.000000e-01 3.210000e-01 -7.143719e-02 2.835173e-01
2.700000e-01 3.110000e-01 -3.594445e-01 1.734305e-01 2.700000e-01 3.210000e-01 -3.576109e-01 1.737698e-01
-7.000000e-01 3.210000e-01 -7.143719e-02 2.835173e-01 -7.000000e-01 3.310000e-01 -7.330627e-02 2.839225e-01
2.700000e-01 3.210000e-01 -3.576109e-01 1.737698e-01 2.700000e-01 3.310000e-01 -3.555983e-01 1.742436e-01
-7.000000e-01 3.310000e-01 -7.330627e-02 2.839225e-01 -7.000000e-01 3.410000e-01 -7.535417e-02 2.843801e-01
2.650000e-01 3.360000e-01 -3.592514e-01 1.734594e-01 2.600000e-01 3.410000e-01 -3.628441e-01 1.725456e-01
2.700000e-01 3.310000e-01 -3.555983e-01 1.742436e-01 2.650000e-01 3.360000e-01 -3.592514e-01 1.734594e-01
-7.000000e-01 3.410000e-01 -7.535417e-02 2.843801e-01 -7.000000e-01 3.510000e-01 -7.757713e-02 2.848981e-01
2.600000e-01 3.410000e-01 -3.628441e-01 1.725456e-01 2.600000e-01 3.510000e-01 -3.604015e-01 1.731458e-01
-7.000000e-01 3.510000e-01 -7.757713e-02 2.848981e-01 -7.000000e-01 3.610000e-01 -7.997067e-02 2.854840e-01
2.600000e-01 3.510000e-01 -3.604015e-01 1.731458e-01 2.600000e-01 3.610000e-01 -3.577980e-01 1.739075e-01
-7.000000e-01 3.610000e-01 -7.997067e-02 2.854840e-01 -7.000000e-01 3.710000e-01 -8.253009e-02 2.861451e-01
2.550000e-01 3.660000e-01 -3.610012e-01 1.729944e-01 2.500000e-01 3.710000e-01 -3.641241e-01 1.719522e-01
2.600000e-01 3.610000e-01 -3.577980e-01 1.739075e-01 2.550000e-01 3.660000e-01 -3.610012e-01 1.729944e-01
-7.000000e-01 3.710000e-01 -8.253009e-02 2.861451e-01 -7.000000e-01 3.810000e-01 -8.525045e-02 2.868884e-01
2.500000e-01 3.710000e-01 -3.641241e-01 1.719522e-01 2.500000e-01 3.810000e-01 -3.611128e-01 1.729111e-01
-7.000000e-01 3.810000e-01 -8.525045e-02 2.868884e-01 -7.000000e-01 3.910000e-01 -8.812637e-02 2.877206e-01
2.500000e-01 3.810000e-01 -3.611128e-01 1.729111e-01 2.500000e-01 3.910000e-01 -3.579639e-01 1.740542e-01
-7.000000e-01 3.910000e-01 -8.812637e-02 2.877206e-01 -7.000000e-01 4.010000e-01 -9.115226e-02 2.886477e-01
2.450000e-01 3.960000e-01 -3.607060e-01 1.730815e-01 2.400000e-01 4.010000e-01 -3.633483e-01 1.719850e-01
2.500000e-01 3.910000e-01 -3.579639e-01 1.740542e-01 2.450000e-01 3.960000e-01 -3.607060e-01 1.730815e-01
-7.000000e-01 4.010000e-01 -9.115226e-02 2.886477e-01 -7.000000e-01 4.110000e-01 -9.432234e-02 2.896757e-01
2.400000e-01 4.010000e-01 -3.633483e-01 1.719850e-01 2.400000e-01 4.110000e-01 -3.598275e-01 1.733903e-01
-7.050000e-01 4.160000e-01 -1.003591e-01 2.918964e-01 -7.100000e-01 4.210000e-01 -1.063720e-01 2.941273e-01
-7.000000e-01 4.110000e-01 -9.432234e-02 2.896757e-01 -7.050000e-01 4.160000e-01 -1.003591e-01 2.918964e-01
2.400000e-01 4.110000e-01 -3.598275e-01 1.733903e-01 2.400000e-01 4.210000e-01 -3.561963e-01 1.749966e-01
-7.100000e-01 4.210000e-01 -1.063720e-01 2.941273e-01 -7.100000e-01 4.310000e-01 -1.096961e-01 2.955003e-01
2.350000e-01 4.260000e-01 -3.584801e-01 1.740354e-01 2.300000e-01 4.310000e-01 -3.606469e-01 1.729599e-01
2.400000e-01 4.210000e-01 -3.561963e-01 1.749966e-01 2.350000e-01 4.260000e-01 -3.584801e-01 1.740354e-01
-7.100000e-01 4.310000e-01 -1.096961e-01 2.955003e-01 -7.100000e-01 4.410000e-01 -1.131435e-01 2.969829e-01
2.300000e-01 4.310000e-01 -3.606469e-01 1.729599e-01 2.300000e-01 4.410000e-01 -3.566911e-01 1.748841e-01
-7.100000e-01 4.410000e-01 -1.131435e-01 2.969829e-01 -7.100000e-01 4.510000e-01 -1.167082e-01 2.985794e-01
2.250000e-01 4.460000e-01 -3.586365e-01 1.739340e-01 2.200000e-01 4.510000e-01 -3.604524e-01 1.728774e-01
2.300000e-01 4.410000e-01 -3.566911e-01 1.748841e-01 2.250000e-01 4.460000e-01 -3.586365e-01 1.739340e-01
-7.100000e-01 4.510000e-01 -1.167082e-01 2.985794e-01 -7.100000e-01 4.610000e-01 -1.203839e-01 3.002933e-01
2.200000e-01 4.510000e-01 -3.604524e-01 1.728774e-01 2.200000e-01 4.610000e-01 -3.562078e-01 1.751568e-01
-7.100000e-01 4.610000e-01 -1.203839e-01 3.002933e-01 -7.100000e-01 4.710000e-01 -1.241648e-01 3.021282e-01
2.200000e-01 4.610000e-01 -3.562078e-01 1.751568e-01 2.200000e-01 4.710000e-01 -3.519023e-01 1.776538e-01
-7.100000e-01 4.710000e-01 -1.241648e-01 3.021282e-01 -7.100000e-01 4.810000e-01 -1.280444e-01 3.040868e-01
2.150000e-01 4.760000e-01 -3.534209e-01 1.768318e-01 2.100000e-01 4.810000e-01 -3.547979e-01 1.759188e-01
2.200000e-01 4.710000e-01 -3.519023e-01 1.776538e-01 2.150000e-01 4.760000e-01 -3.534209e-01 1.768318e-01
-7.100000e-01 4.810000e-01 -1.280444e-01 3.040868e-01 -7.100000e-01 4.910000e-01 -1.320169e-01 3.061720e-01
2.100000e-01 4.810000e-01 -3.547979e-01 1.759188e-01 2.100000e-01 4.910000e-01 -3.502644e-01 1.788058e-01
-7.100000e-01 4.910000e-01 -1.320169e-01 3.061720e-01 -7.050000e-01 4.960000e-01 -1.301045e-01 3.052499e-01
-7.050000e-01 4.960000e-01 -1.301045e-01 3.052499e-01 -7.000000e-01 5.010000e-01 -1.283086e-01 3.042235e-01
2.050000e-01 4.960000e-01 -3.514708e-01 1.780756e-01 2.000000e-01 5.010000e-01 -3.525272e-01 1.772660e-01
2.100000e-01 4.910000e-01 -3.502644e-01 1.788058e-01 2.050000e-01 4.960000e-01 -3.514708e-01 1.780756e-01
-7.000000e-01 5.010000e-01 -1.283086e-01 3.042235e-01 -7.000000e-01 5.110000e-01 -1.325731e-01 3.064907e-01
2.000000e-01 5.010000e-01 -3.525272e-01 1.772660e-01 2.000000e-01 5.110000e-01 -3.478091e-01 1.805648e-01
-7.000000e-01 5.110000e-01 -1.325731e-01 3.064907e-01 -7.000000e-01 5.210000e-01 -1.369117e-01 3.088963e-01
1.950000e-01 5.160000e-01 -3.487191e-01 1.799574e-01 1.900000e-01 5.210000e-01 -3.494731e-01 1.792832e-01
2.000000e-01 5.110000e-01 -3.478091e-01 1.805648e-01 1.950000e-01 5.160000e-01 -3.487191e-01 1.799574e-01
-7.000000e-01 5.210000e-01 -1.369117e-01 3.088963e-01 -7.000000e-01 5.310000e-01 -1.413183e-01 3.114415e-01
1.900000e-01 5.210000e-01 -3.494731e-01 1.792832e-01 1.900000e-01 5.310000e-01 -3.446154e-01 1.830092e-01
-7.000000e-01 5.310000e-01 -1.413183e-01 3.114415e-01 -7.000000e-01 5.410000e-01 -1.457867e-01 3.141272e-01
1.850000e-01 5.360000e-01 -3.452490e-01 1.825527e-01 1.800000e-01 5.410000e-01 -3.457225e-01 1.820429e-01
1.900000e-01 5.310000e-01 -3.446154e-01 1.830092e-01 1.850000e-01 5.360000e-01 -3.452490e-01 1.825527e-01
-7.000000e-01 5.410000e-01 -1.457867e-01 3.141272e-01 -7.000000e-01 5.510000e-01 -1.503111e-01 3.169539e-01
1.800000e-01 5.410000e-01 -3.457225e-01 1.820429e-01 1.800000e-01 5.510000e-01 -3.407705e-01 1.862044e-01
-7.000000e-01 5.510000e-01 -1.503111e-01 3.169539e-01 -7.000000e-01 5.610000e-01 -1.548856e-01 3.199220e-01
1.750000e-01 5.560000e-01 -3.411510e-01 1.859237e-01 1.700000e-01 5.610000e-01 -3.413692e-01 1.856034e-01
1.800000e-01 5.510000e-01 -3.407705e-01 1.862044e-01 1.750000e-01 5.560000e-01 -3.411510e-01 1.859237e-01
-7.000000e-01 5.610000e-01 -1.548856e-01 3.199220e-01 -7.000000e-01 5.710000e-01 -1.595048e-01 3.230315e-01
1.700000e-01 5.610000e-01 -3.413692e-01 1.856034e-01 1.700000e-01 5.710000e-01 -3.363672e-01 1.902024e-01
-7.000000e-01 5.710000e-01 -1.595048e-01 3.230315e-01 -7.000000e-01 5.810000e-01 -1.641631e-01 3.262821e-01
1.650000e-01 5.760000e-01 -3.365198e-01 1.901186e-01 1.600000e-01 5.810000e-01 -3.365106e-01 1.900089e-01
1.700000e-01 5.710000e-01 -3.363672e-01 1.902024e-01 1.650000e-01 5.760000e-01 -3.365198e-01 1.901186e-01
-7.000000e-01 5.810000e-01 -1.641631e-01 3.262821e-01 -7.000000e-01 5.910000e-01 -1.688551e-01 3.296733e-01
1.600000e-01 5.810000e-01 -3.365106e-01 1.900089e-01 1.600000e-01 5.910000e-01 -3.315008e-01 1.950412e-01
-7.000000e-01 5.910000e-01 -1.688551e-01 3.296733e-01 -6.950000e-01 5.960000e-01 -1.679381e-01 3.290789e-01
-6.950000e-01 5.960000e-01 -1.679381e-01 3.290789e-01 -6.900000e-01 6.010000e-01 -1.671552e-01 3.284149e-01
1.550000e-01 5.960000e-01 -3.314528e-01 1.951715e-01 1.500000e-01 6.010000e-01 -3.312452e-01 1.952892e-01
1.600000e-01 5.910000e-01 -3.315008e-01 1.950412e-01 1.550000e-01 5.960000e-01 -3.314528e-01 1.951715e-01
-6.900000e-01 6.010000e-01 -1.671552e-01 3.284149e-01 -6.900000e-01 6.110000e-01 -1.720113e-01 3.320652e-01
1.500000e-01 6.010000e-01 -3.312452e-01 1.952892e-01 1.500000e-01 6.110000e-01 -3.262669e-01 2.007453e-01
-6.900000e-01 6.110000e-01 -1.720113e-01 3.320652e-01 -6.900000e-01 6.210000e-01 -1.768836e-01 3.358582e-01
1.450000e-01 6.160000e-01 -3.260464e-01 2.011030e-01 1.400000e-01 6.210000e-01 -3.256702e-01 2.014605e-01
1.500000e-01 6.110000e-01 -3.262669e-01 2.007453e-01 1.450000e-01 6.160000e-01 -3.260464e-01 2.011030e-01
-6.900000e-01 6.210000e-01 -1.768836e-01 3.358582e-01 -6.900000e-01 6.310000e-01 -1.817676e-01 3.397925e-01
1.400000e-01 6.210000e-01 -3.256702e-01 2.014605e-01 1.400000e-01 6.310000e-01 -3.207593e-01 2.073264e-01
-6.900000e-01 6.310000e-01 -1.817676e-01 3.397925e-01 -6.900000e-01 6.410000e-01 -1.866589e-01 3.438665e-01
1.350000e-01 6.360000e-01 -3.203945e-01 2.079208e-01 1.300000e-01 6.410000e-01 -3.198793e-01 2.085267e-01
1.400000e-01 6.310000e-01 -3.207593e-01 2.073264e-01 1.350000e-01 6.360000e-01 -3.203945e-01 2.079208e-01
-6.900000e-01 6.410000e-01 -1.866589e-01 3.438665e-01 -6.850000e-01 6.460000e-01 -1.861755e-01 3.435255e-01
-6.850000e-01 6.460000e-01 -1.861755e-01 3.435255e-01 -6.800000e-01 6.510000e-01 -1.858282e-01 3.431346e-01
1.250000e-01 6.460000e-01 -3.193796e-01 2.092496e-01 1.200000e-01 6.510000e-01 -3.187311e-01 2.099920e-01
1.300000e-01 6.410000e-01 -3.198793e-01 2.085267e-01 1.250000e-01 6.460000e-01 -3.193796e-01 2.092496e-01
-6.800000e-01 6.510000e-01 -1.858282e-01 3.431346e-01 -6.800000e-01 6.610000e-01 -1.908188e-01 3.474871e-01
1.200000e-01 6.510000e-01 -3.187311e-01 2.099920e-01 1.200000e-01 6.610000e-01 -3.139610e-01 2.164803e-01
-6.800000e-01 6.610000e-01 -1.908188e-01 3.474871e-01 -6.800000e-01 6.710000e-01 -1.958013e-01 3.519775e-01
1.150000e-01 6.660000e-01 -3.133617e-01 2.174523e-01 1.100000e-01 6.710000e-01 -3.126214e-01 2.184537e-01
1.200000e-01 6.610000e-01 -3.139610e-01 2.164803e-01 1.150000e-01 6.660000e-01 -3.133617e-01 2.174523e-01
-6.800000e-01 6.710000e-01 -1.958013e-01 3.519775e-01 -6.800000e-01 6.810000e-01 -2.007720e-01 3.566035e-01
1.050000e-01 6.760000e-01 -3.119141e-01 2.195668e-01 1.000000e-01 6.810000e-01 -3.110692e-01 2.207165e-01
1.100000e-01 6.710000e-01 -3.126214e-01 2.184537e-01 1.050000e-01 6.760000e-01 -3.119141e-01 2.195668e-01
-6.800000e-01 6.810000e-01 -2.007720e-01 3.566035e-01 -6.750000e-01 6.860000e-01 -2.005927e-01 3.565053e-01
-6.750000e-01 6.860000e-01 -2.005927e-01 3.565053e-01 -6.700000e-01 6.910000e-01 -2.005478e-01 3.563733e-01
1.000000e-01 6.810000e-01 -3.110692e-01 2.207165e-01 1.000000e-01 6.910000e-01 -3.065202e-01 2.277853e-01
-6.700000e-01 6.910000e-01 -2.005478e-01 3.563733e-01 -6.700000e-01 7.010000e-01 -2.055679e-01 3.612848e-01
9.500000e-02 6.960000e-01 -3.057568e-01 2.291509e-01 9.000000e-02 7.010000e-01 -3.048650e-01 2.305613e-01
1.000000e-01 6.910000e-01 -3.065202e-01 2.277853e-01 9.500000e-02 6.960000e-01 -3.057568e-01 2.291509e-01
-6.700000e-01 7.010000e-01 -2.055679e-01 3.612848e-01 -6.700000e-01 7.110000e-01 -2.105631e-01 3.663274e-01
8.500000e-02 7.060000e-01 -3.040210e-01 2.320752e-01 8.000000e-02 7.110000e-01 -3.030531e-01 2.336400e-01
9.000000e-02 7.010000e-01 -3.048650e-01 2.305613e-01 8.500000e-02 7.060000e-01 -3.040210e-01 2.320752e-01
-6.700000e-01 7.110000e-01 -2.105631e-01 3.663274e-01 -6.650000e-01 7.160000e-01 -2.106018e-01 3.664293e-01
-6.650000e-01 7.160000e-01 -2.106018e-01 3.664293e-01 -6.600000e-01 7.210000e-01 -2.107718e-01 3.665094e-01
7.500000e-02 7.160000e-01 -3.021389e-01 2.353055e-01 7.000000e-02 7.210000e-01 -3.011060e-01 2.370275e-01
8.000000e-02 7.110000e-01 -3.030531e-01 2.336400e-01 7.500000e-02 7.160000e-01 -3.021389e-01 2.353055e-01
-6.600000e-01 7.210000e-01 -2.107718e-01 3.665094e-01 -6.600000e-01 7.310000e-01 -2.157797e-01 3.718394e-01
7.000000e-02 7.210000e-01 -3.011060e-01 2.370275e-01 7.000000e-02 7.310000e-01 -2.969555e-01 2.448174e-01
-6.600000e-01 7.310000e-01 -2.157797e-01 3.718394e-01 -6.600000e-01 7.410000e-01 -2.207512e-01 3.772945e-01
6.500000e-02 7.360000e-01 -2.960412e-01 2.467304e-01 6.000000e-02 7.410000e-01 -2.950186e-01 2.487052e-01
7.000000e-02 7.310000e-01 -2.969555e-01 2.448174e-01 6.500000e-02 7.360000e-01 -2.960412e-01 2.467304e-01
-6.600000e-01 7.410000e-01 -2.207512e-01 3.772945e-01 -6.550000e-01 7.460000e-01 -2.209688e-01 3.776165e-01
-6.550000e-01 7.460000e-01 -2.209688e-01 3.776165e-01 -6.500000e-01 7.510000e-01 -2.213127e-01 3.779286e-01
5.500000e-02 7.460000e-01 -2.940602e-01 2.507700e-01 5.000000e-02 7.510000e-01 -2.929992e-01 2.529013e-01
6.000000e-02 7.410000e-01 -2.950186e-01 2.487052e-01 5.500000e-02 7.460000e-01 -2.940602e-01 2.507700e-01
-6.500000e-01 7.510000e-01 -2.213127e-01 3.779286e-01 -6.500000e-01 7.610000e-01 -2.262630e-01 3.836680e-01
4.500000e-02 7.560000e-01 -2.920067e-01 2.551186e-01 4.000000e-02 7.610000e-01 -2.909177e-01 2.574063e-01
5.000000e-02 7.510000e-01 -2.929992e-01 2.529013e-01 4.500000e-02 7.560000e-01 -2.920067e-01 2.551186e-01
-6.500000e-01 7.610000e-01 -2.262630e-01 3.836680e-01 -6.450000e-01 7.660000e-01 -2.266185e-01 3.841443e-01
-6.450000e-01 7.660000e-01 -2.266185e-01 3.841443e-01 -6.400000e-01 7.710000e-01 -2.270965e-01 3.846190e-01
3.500000e-02 7.660000e-01 -2.899010e-01 2.597761e-01 3.000000e-02 7.710000e-01 -2.887942e-01 2.622199e-01
4.000000e-02 7.610000e-01 -2.909177e-01 2.574063e-01 3.500000e-02 7.660000e-01 -2.899010e-01 2.597761e-01
-6.400000e-01 7.710000e-01 -2.270965e-01 3.846190e-01 -6.400000e-01 7.810000e-01 -2.320017e-01 3.906407e-01
3.000000e-02 7.710000e-01 -2.887942e-01 2.622199e-01 3.000000e-02 7.810000e-01 -2.852818e-01 2.707763e-01
-6.400000e-01 7.810000e-01 -2.320017e-01 3.906407e-01 -6.350000e-01 7.860000e-01 -2.324748e-01 3.912814e-01
-6.350000e-01 7.860000e-01 -2.324748e-01 3.912814e-01 -6.300000e-01 7.910000e-01 -2.330653e-01 3.919285e-01
2.500000e-02 7.860000e-01 -2.843253e-01 2.733723e-01 2.000000e-02 7.910000e-01 -2.832892e-01 2.760442e-01
3.000000e-02 7.810000e-01 -2.852818e-01 2.707763e-01 2.500000e-02 7.860000e-01 -2.843253e-01 2.733723e-01
-6.300000e-01 7.910000e-01 -2.330653e-01 3.919285e-01 -6.300000e-01 8.010000e-01 -2.379031e-01 3.982281e-01
1.500000e-02 7.960000e-01 -2.823303e-01 2.787865e-01 1.000000e-02 8.010000e-01 -2.812983e-01 2.816072e-01
2.000000e-02 7.910000e-01 -2.832892e-01 2.760442e-01 1.500000e-02 7.960000e-01 -2.823303e-01 2.787865e-01
-6.300000e-01 8.010000e-01 -2.379031e-01 3.982281e-01 -6.250000e-01 8.060000e-01 -2.384729e-01 3.990414e-01
-6.250000e-01 8.060000e-01 -2.384729e-01 3.990414e-01 -6.200000e-01 8.110000e-01 -2.391546e-01 3.998688e-01
5.000000e-03 8.060000e-01 -2.803459e-01 2.844938e-01 1.387779e-17 8.110000e-01 -2.793267e-01 2.874608e-01
1.000000e-02 8.010000e-01 -2.812983e-01 2.816072e-01 5.000000e-03 8.060000e-01 -2.803459e-01 2.844938e-01
-6.200000e-01 8.110000e-01 -2.391546e-01 3.998688e-01 -6.200000e-01 8.210000e-01 -2.439044e-01 4.064399e-01
-5.000000e-03 8.160000e-01 -2.783889e-01 2.904893e-01 -1.000000e-02 8.210000e-01 -2.773910e-01 2.935999e-01
1.387779e-17 8.110000e-01 -2.793267e-01 2.874608e-01 -5.000000e-03 8.160000e-01 -2.783889e-01 2.904893e-01
-6.200000e-01 8.210000e-01 -2.439044e-01 4.064399e-01 -6.150000e-01 8.260000e-01 -2.445505e-01 4.074321e-01
-6.150000e-01 8.260000e-01 -2.445505e-01 4.074321e-01 -6.100000e-01 8.310000e-01 -2.453018e-01 4.084457e-01
-1.500000e-02 8.260000e-01 -2.764758e-01 2.967676e-01 -2.000000e-02 8.310000e-01 -2.755071e-01 3.000185e-01
-1.000000e-02 8.210000e-01 -2.773910e-01 2.935999e-01 -1.500000e-02 8.260000e-01 -2.764758e-01 2.967676e-01
-6.100000e-01 8.310000e-01 -2.453018e-01 4.084457e-01 -6.050000e-01 8.360000e-01 -2.460292e-01 4.095411e-01
-6.050000e-01 8.360000e-01 -2.460292e-01 4.095411e-01 -6.000000e-01 8.410000e-01 -2.468583e-01 4.106630e-01
-2.500000e-02 8.360000e-01 -2.746219e-01 3.033222e-01 -3.000000e-02 8.410000e-01 -2.736897e-01 3.067099e-01
-2.000000e-02 8.310000e-01 -2.755071e-01 3.000185e-01 -2.500000e-02 8.360000e-01 -2.746219e-01 3.033222e-01
-6.000000e-01 8.410000e-01 -2.468583e-01 4.106630e-01 -6.000000e-01 8.510000e-01 -2.514471e-01 4.176595e-01
-4.500000e-02 8.460000e-01 -2.734283e-01 3.077817e-01 -5.000000e-02 8.510000e-01 -2.725032e-01 3.113891e-01
-4.500000e-02 8.460000e-01 -2.734283e-01 3.077817e-01 -3.500000e-02 8.460000e-01 -2.728418e-01 3.101463e-01
-3.000000e-02 8.410000e-01 -2.736897e-01 3.067099e-01 -3.500000e-02 8.460000e-01 -2.728418e-01 3.101463e-01
-6.000000e-01 8.510000e-01 -2.514471e-01 4.176595e-01 -5.950000e-01 8.560000e-01 -2.522167e-01 4.189430e-01
-5.950000e-01 8.560000e-01 -2.522167e-01 4.189430e-01 -5.900000e-01 8.610000e-01 -2.530804e-01 4.202595e-01
-5.500000e-02 8.560000e-01 -2.716646e-01 3.150386e-01 -6.000000e-02 8.610000e-01 -2.707960e-01 3.187745e-01
-5.000000e-02 8.510000e-01 -2.725032e-01 3.113891e-01 -5.500000e-02 8.560000e-01 -2.716646e-01 3.150386e-01
-5.900000e-01 8.610000e-01 -2.530804e-01 4.202595e-01 -5.850000e-01 8.660000e-01 -2.539089e-01 4.216553e-01
-5.850000e-01 8.660000e-01 -2.539089e-01 4.216553e-01 -5.800000e-01 8.710000e-01 -2.548269e-01 4.230885e-01
-6.500000e-02 8.660000e-01 -2.700135e-01 3.225486e-01 -7.000000e-02 8.710000e-01 -2.692071e-01 3.264085e-01
-6.000000e-02 8.610000e-01 -2.707960e-01 3.187745e-01 -6.500000e-02 8.660000e-01 -2.700135e-01 3.225486e-01
-5.800000e-01 8.710000e-01 -2.548269e-01 4.230885e-01 -5.750000e-01 8.760000e-01 -2.557053e-01 4.246002e-01
-5.750000e-01 8.760000e-01 -2.557053e-01 4.246002e-01 -5.700000e-01 8.810000e-01 -2.566682e-01 4.261538e-01
-7.500000e-02 8.760000e-01 -2.684862e-01 3.303025e-01 -8.000000e-02 8.810000e-01 -2.677473e-01 3.342816e-01
-7.000000e-02 8.710000e-01 -2.692071e-01 3.264085e-01 -7.500000e-02 8.760000e-01 -2.684862e-01 3.303025e-01
-5.700000e-01 8.810000e-01 -2.566682e-01 4.261538e-01 -5.650000e-01 8.860000e-01 -2.575871e-01 4.277847e-01
-5.650000e-01 8.860000e-01 -2.575871e-01 4.277847e-01 -5.600000e-01 8.910000e-01 -2.585853e-01 4.294616e-01
-8.500000e-02 8.860000e-01 -2.670930e-01 3.382910e-01 -9.000000e-02 8.910000e-01 -2.664266e-01 3.423843e-01
-8.000000e-02 8.810000e-01 -2.677473e-01 3.342816e-01 -8.500000e-02 8.860000e-01 -2.670930e-01 3.382910e-01
-5.600000e-01 8.910000e-01 -2.585853e-01 4.294616e-01 -5.550000e-01 8.960000e-01 -2.595354e-01 4.312144e-01
-5.550000e-01 8.960000e-01 -2.595354e-01 4.312144e-01 -5.500000e-01 9.010000e-01 -2.605593e-01 4.330172e-01
-1.050000e-01 8.960000e-01 -2.660587e-01 3.451090e-01 -1.100000e-01 9.010000e-01 -2.654669e-01 3.493950e-01
-1.050000e-01 8.960000e-01 -2.660587e-01 3.451090e-01 -9.500000e-02 8.960000e-01 -2.658434e-01 3.465044e-01
-9.000000e-02 8.910000e-01 -2.664266e-01 3.423843e-01 -9.500000e-02 8.960000e-01 -2.658434e-01 3.465044e-01
-5.500000e-01 9.010000e-01 -2.605593e-01 4.330172e-01 -5.450000e-01 9.060000e-01 -2.615314e-01 4.348941e-01
-5.450000e-01 9.060000e-01 -2.615314e-01 4.348941e-01 -5.400000e-01 9.110000e-01 -2.625714e-01 4.368245e-01
-1.150000e-01 9.060000e-01 -2.649576e-01 3.537019e-01 -1.200000e-01 9.110000e-01 -2.644515e-01 3.580904e-01
-1.100000e-01 9.010000e-01 -2.654669e-01 3.493950e-01 -1.150000e-01 9.060000e-01 -2.649576e-01 3.537019e-01
-5.400000e-01 9.110000e-01 -2.625714e-01 4.368245e-01 -5.350000e-01 9.160000e-01 -2.635563e-01 4.388273e-01
-5.350000e-01 9.160000e-01 -2.635563e-01 4.388273e-01 -5.300000e-01 9.210000e-01 -2.646030e-01 4.408868e-01
-1.350000e-01 9.160000e-01 -2.641299e-01 3.615578e-01 -1.400000e-01 9.210000e-01 -2.637255e-01 3.661233e-01
-1.350000e-01 9.160000e-01 -2.641299e-01 3.615578e-01 -1.250000e-01 9.160000e-01 -2.640260e-01 3.624967e-01
-1.200000e-01 9.110000e-01 -2.644515e-01 3.580904e-01 -1.250000e-01 9.160000e-01 -2.640260e-01 3.624967e-01
-5.300000e-01 9.210000e-01 -2.646030e-01 4.408868e-01 -5.250000e-01 9.260000e-01 -2.655913e-01 4.430164e-01
-5.250000e-01 9.260000e-01 -2.655913e-01 4.430164e-01 -5.200000e-01 9.310000e-01 -2.666356e-01 4.452058e-01
-1.550000e-01 9.260000e-01 -2.634291e-01 3.700545e-01 -1.600000e-01 9.310000e-01 -2.631426e-01 3.747870e-01
-1.550000e-01 9.260000e-01 -2.634291e-01 3.700545e-01 -1.450000e-01 9.260000e-01 -2.633996e-01 3.707013e-01
-1.400000e-01 9.210000e-01 -2.637255e-01 3.661233e-01 -1.450000e-01 9.260000e-01 -2.633996e-01 3.707013e-01
-5.200000e-01 9.310000e-01 -2.666356e-01 4.452058e-01 -5.150000e-01 9.360000e-01 -2.676186e-01 4.474629e-01
-5.150000e-01 9.360000e-01 -2.676186e-01 4.474629e-01 -5.050000e-01 9.360000e-01 -2.659726e-01 4.437512e-01
-5.050000e-01 9.360000e-01 -2.659726e-01 4.437512e-01 -5.000000e-01 9.410000e-01 -2.670513e-01 4.461361e-01
-1.750000e-01 9.360000e-01 -2.629203e-01 3.791695e-01 -1.800000e-01 9.410000e-01 -2.627665e-01 3.840579e-01
-1.750000e-01 9.360000e-01 -2.629203e-01 3.791695e-01 -1.650000e-01 9.360000e-01 -2.629320e-01 3.795271e-01
-1.600000e-01 9.310000e-01 -2.631426e-01 3.747870e-01 -1.650000e-01 9.360000e-01 -2.629320e-01 3.795271e-01
-5.000000e-01 9.410000e-01 -2.670513e-01 4.461361e-01 -4.950000e-01 9.460000e-01 -2.680636e-01 4.485855e-01
-4.950000e-01 9.460000e-01 -2.680636e-01 4.485855e-01 -4.900000e-01 9.510000e-01 -2.691156e-01 4.511024e-01
-1.950000e-01 9.460000e-01 -2.626647e-01 3.888756e-01 -2.000000e-01 9.510000e-01 -2.626563e-01 3.939081e-01
-1.950000e-01 9.460000e-01 -2.626647e-01 3.888756e-01 -1.850000e-01 9.460000e-01 -2.626851e-01 3.889495e-01
-1.800000e-01 9.410000e-01 -2.627665e-01 3.840579e-01 -1.850000e-01 9.460000e-01 -2.626851e-01 3.889495e-01
-4.900000e-01 9.510000e-01 -2.691156e-01 4.511024e-01 -4.850000e-01 9.560000e-01 -2.700993e-01 4.536810e-01
-4.850000e-01 9.560000e-01 -2.700993e-01 4.536810e-01 -4.750000e-01 9.560000e-01 -2.687516e-01 4.502987e-01
-4.750000e-01 9.560000e-01 -2.687516e-01 4.502987e-01 -4.650000e-01 9.560000e-01 -2.675327e-01 4.469866e-01
-4.650000e-01 9.560000e-01 -2.675327e-01 4.469866e-01 -4.600000e-01 9.610000e-01 -2.686041e-01 4.497797e-01
-2.150000e-01 9.560000e-01 -2.627184e-01 3.991416e-01 -2.200000e-01 9.610000e-01 -2.628664e-01 4.043059e-01
-2.150000e-01 9.560000e-01 -2.627184e-01 3.991416e-01 -2.050000e-01 9.560000e-01 -2.627164e-01 3.989398e-01
-2.000000e-01 9.510000e-01 -2.626563e-01 3.939081e-01 -2.050000e-01 9.560000e-01 -2.627164e-01 3.989398e-01
-4.600000e-01 9.610000e-01 -2.686041e-01 4.497797e-01 -4.550000e-01 9.660000e-01 -2.696011e-01 4.526295e-01
-4.550000e-01 9.660000e-01 -2.696011e-01 4.526295e-01 -4.450000e-01 9.660000e-01 -2.685469e-01 4.495433e-01
-4.450000e-01 9.660000e-01 -2.685469e-01 4.495433e-01 -4.400000e-01 9.710000e-01 -2.695768e-01 4.525445e-01
-2.450000e-01 9.660000e-01 -2.631549e-01 4.105375e-01 -2.500000e-01 9.710000e-01 -2.635246e-01 4.158804e-01
-2.450000e-01 9.660000e-01 -2.631549e-01 4.105375e-01 -2.350000e-01 9.660000e-01 -2.631324e-01 4.099334e-01
-2.350000e-01 9.660000e-01 -2.631324e-01 4.099334e-01 -2.250000e-01 9.660000e-01 -2.630785e-01 4.094658e-01
-2.200000e-01 9.610000e-01 -2.628664e-01 4.043059e-01 -2.250000e-01 9.660000e-01 -2.630785e-01 4.094658e-01
-4.400000e-01 9.710000e-01 -2.695768e-01 4.525445e-01 -4.350000e-01 9.760000e-01 -2.705298e-01 4.555977e-01
-4.350000e-01 9.760000e-01 -2.705298e-01 4.555977e-01 -4.250000e-01 9.760000e-01 -2.696056e-01 4.527511e-01
-4.250000e-01 9.760000e-01 -2.696056e-01 4.527511e-01 -4.150000e-01 9.760000e-01 -2.687798e-01 4.499962e-01
-4.150000e-01 9.760000e-01 -2.687798e-01 4.499962e-01 -4.050000e-01 9.760000e-01 -2.680474e-01 4.473371e-01
-4.050000e-01 9.760000e-01 -2.680474e-01 4.473371e-01 -4.000000e-01 9.810000e-01 -2.690044e-01 4.507073e-01
-2.950000e-01 9.760000e-01 -2.643916e-01 4.254282e-01 -3.000000e-01 9.810000e-01 -2.651441e-01 4.310223e-01
-2.950000e-01 9.760000e-01 -2.643916e-01 4.254282e-01 -2.850000e-01 9.760000e-01 -2.642811e-01 4.241766e-01
-2.850000e-01 9.760000e-01 -2.642811e-01 4.241766e-01 -2.750000e-01 9.760000e-01 -2.641759e-01 4.230565e-01
-2.750000e-01 9.760000e-01 -2.641759e-01 4.230565e-01 -2.650000e-01 9.760000e-01 -2.640686e-01 4.220690e-01
-2.650000e-01 9.760000e-01 -2.640686e-01 4.220690e-01 -2.550000e-01 9.760000e-01 -2.639519e-01 4.212144e-01
-2.500000e-01 9.710000e-01 -2.635246e-01 4.158804e-01 -2.550000e-01 9.760000e-01 -2.639519e-01 4.212144e-01
-4.000000e-01 9.810000e-01 -2.690044e-01 4.507073e-01 -3.950000e-01 9.860000e-01 -2.698805e-01 4.541208e-01
-3.950000e-01 9.860000e-01 -2.698805e-01 4.541208e-01 -3.850000e-01 9.860000e-01 -2.692133e-01 4.517245e-01
-3.850000e-01 9.860000e-01 -2.692133e-01 4.517245e-01 -3.750000e-01 9.860000e-01 -2.686184e-01 4.494336e-01
-3.750000e-01 9.860000e-01 -2.686184e-01 4.494336e-01 -3.650000e-01 9.860000e-01 -2.680898e-01 4.472515e-01
-3.650000e-01 9.860000e-01 -2.680898e-01 4.472515e-01 -3.550000e-01 9.860000e-01 -2.676212e-01 4.451813e-01
-3.550000e-01 9.860000e-01 -2.676212e-01 4.451813e-01 -3.450000e-01 9.860000e-01 -2.672060e-01 4.432258e-01
-3.450000e-01 9.860000e-01 -2.672060e-01 4.432258e-01 -3.350000e-01 9.860000e-01 -2.668374e-01 4.413879e-01
-3.350000e-01 9.860000e-01 -2.668374e-01 4.413879e-01 -3.250000e-01 9.860000e-01 -2.665087e-01 4.396699e-01
-3.250000e-01 9.860000e-01 -2.665087e-01 4.396699e-01 -3.150000e-01 9.860000e-01 -2.662128e-01 4.380741e-01
-3.150000e-01 9.860000e-01 -2.662128e-01 4.380741e-01 -3.050000e-01 9.860000e-01 -2.659427e-01 4.366022e-01
-3.000000e-01 9.810000e-01 -2.651441e-01 4.310223e-01 -3.050000e-01 9.860000e-01 -2.659427e-01 4.366022e-01
-1.953036e-01 2.276991e-01 -8.272273e-01 1.746985e-01 -1.953036e-01 2.276991e-01 -8.260637e-01 1.413055e-01
-1.953036e-01 2.276991e-01 -8.260637e-01 1.413055e-01 -1.953036e-01 2.276991e-01 -8.226117e-01 1.084441e-01
-1.953036e-01 2.276991e-01 -8.226117e-01 1.084441e-01 -1.953036e-01 2.276991e-01 -8.169211e-01 7.616453e-02
-1.953036e-01 2.276991e-01 -8.169211e-01 7.616453e-02 -1.953036e-01 2.276991e-01 -8.090311e-01 4.451677e-02
-1.953036e-01 2.276991e-01 -8.090311e-01 4.451677e-02 -1.953036e-01 2.276991e-01 -7.989701e-01 1.355202e-02
-1.953036e-01 2.276991e-01 -7.989701e-01 1.355202e-02 -1.953036e-01 2.276991e-01 -7.867566e-01 -1.667605e-02
-1.953036e-01 2.276991e-01 -7.867566e-01 -1.667605e-02 -1.953036e-01 2.276991e-01 -7.723994e-01 -4.610998e-02
-1.953036e-01 2.276991e-01 -7.723994e-01 -4.610998e-02 -1.953036e-01 2.276991e-01 -7.558983e-01 -7.468719e-02
-1.953036e-01 2.276991e-01 -7.558983e-01 -7.468719e-02 -1.953036e-01 2.276991e-01 -7.372443e-01 -1.023386e-01
-1.953036e-01 2.276991e-01 -7.372443e-01 -1.023386e-01 -1.953036e-01 2.276991e-01 -7.164202e-01 -1.289873e-01
-1.953036e-01 2.276991e-01 -7.164202e-01 -1.289873e-01 -1.953036e-01 2.276991e-01 -6.934015e-01 -1.545467e-01
-1.953036e-01 2.276991e-01 -6.934015e-01 -1.545467e-01 -1.953036e-01 2.276991e-01 -6.681571e-01 -1.789189e-01
-1.953036e-01 2.276991e-01 -6.681571e-01 -1.789189e-01 -1.953036e-01 2.276991e-01 -6.406507e-01 -2.019928e-01
-1.953036e-01 2.276991e-01 -6.406507e-01 -2.019928e-01 -1.953036e-01 2.276991e-01 -6.108432e-01 -2.236420e-01
-1.953036e-01 2.276991e-01 -6.108432e-01 -2.236420e-01 -1.953036e-01 2.276991e-01 -5.786949e-01 -2.437228e-01
-1.953036e-01 2.276991e-01 -5.786949e-01 -2.437228e-01 -1.953036e-01 2.276991e-01 -5.441699e-01 -2.620718e-01
-1.953036e-01 2.276991e-01 -5.441699e-01 -2.620718e-01 -1.953036e-01 2.276991e-01 -5.072417e-01 -2.785045e-01
-1.953036e-01 2.276991e-01 -5.072417e-01 -2.785045e-01 -1.953036e-01 2.276991e-01 -4.679009e-01 -2.928140e-01
-1.953036e-01 2.276991e-01 -4.679009e-01 -2.928140e-01 -1.953036e-01 2.276991e-01 -4.261659e-01 -3.047717e-01
-1.953036e-01 2.276991e-01 -4.261659e-01 -3.047717e-01 -1.953036e-01 2.276991e-01 -3.820960e-01 -3.141291e-01
-1.953036e-01 2.276991e-01 -3.820960e-01 -3.141291e-01 -1.953036e-01 2.276991e-01 -3.358080e-01 -3.206244e-01
-1.953036e-01 2.276991e-01 -3.358080e-01 -3.206244e-01 -1.953036e-01 2.276991e-01 -2.874942e-01 -3.239931e-01
-1.953036e-01 2.276991e-01 -2.874942e-01 -3.239931e-01 -1.953036e-01 2.276991e-01 -2.374408e-01 -3.239840e-01
-1.953036e-01 2.276991e-01 -2.374408e-01 -3.239840e-01 -1.953036e-01 2.276991e-01 -1.860414e-01 -3.203818e-01
-1.953036e-01 2.276991e-01 -1.860414e-01 -3.203818e-01 -1.953036e-01 2.276991e-01 -1.338011e-01 -3.130336e-01
-1.953036e-01 2.276991e-01 -1.338011e-01 -3.130336e-01 -1.953036e-01 2.276991e-01 -8.132478e-02 -3.018753e-01
-1.953036e-01 2.276991e-01 -8.132478e-02 -3.018753e-01 -1.953036e-01 2.276991e-01 -2.928730e-02 -2.869522e-01
-1.953036e-01 2.276991e-01 -2.928730e-02 -2.869522e-01 -1.953036e-01 2.276991e-01 2.161352e-02 -2.684270e-01
-1.953036e-01 2.276991e-01 2.161352e-02 -2.684270e-01 -1.953036e-01 2.276991e-01 7.071155e-02 -2.465713e-01
-1.953036e-01 2.276991e-01 7.071155e-02 -2.465713e-01 -1.953036e-01 2.276991e-01 1.174231e-01 -2.217411e-01
-1.953036e-01 2.276991e-01 1.174231e-01 -2.217411e-01 -1.953036e-01 2.276991e-01 1.612822e-01 -1.943440e-01
-1.953036e-01 2.276991e-01 1.612822e-01 -1.943440e-01 -1.953036e-01 2.276991e-01 2.019559e-01 -1.648040e-01
-1.953036e-01 2.276991e-01 2.019559e-01 -1.648040e-01 -1.953036e-01 2.276991e-01 2.392395e-01 -1.335319e-01
-1.953036e-01 2.276991e-01 2.392395e-01 -1.335319e-01 -1.953036e-01 2.276991e-01 2.730391e-01 -1.009057e-01
-1.953036e-01 2.276991e-01 2.730391e-01 -1.009057e-01 -1.953036e-01 2.276991e-01 3.033479e-01 -6.725898e-02
-1.953036e-01 2.276991e-01 3.033479e-01 -6.725898e-02 -1.953036e-01 2.276991e-01 3.302211e-01 -3.287814e-02
-1.953036e-01 2.276991e-01 3.302211e-01 -3.287814e-02 -1.953036e-01 2.276991e-01 3.537546e-01 1.996062e-03
-1.953036e-01 2.276991e-01 3.537546e-01 1.996062e-03 -1.953036e-01 2.276991e-01 3.740681e-01 3.716368e-02
-1.953036e-01 2.276991e-01 3.740681e-01 3.716368e-02 -1.953036e-01 2.276991e-01 3.912914e-01 7.245974e-02
-1.953036e-01 2.276991e-01 3.912914e-01 7.245974e-02 -1.953036e-01 2.276991e-01 4.055561e-01 1.077482e-01
-1.953036e-01 2.276991e-01 4.055561e-01 1.077482e-01 -1.953036e-01 2.276991e-01 4.169892e-01 1.429165e-01
-1.953036e-01 2.276991e-01 4.169892e-01 1.429165e-01 -1.953036e-01 2.276991e-01 4.257095e-01 1.778705e-01
-1.953036e-01 2.276991e-01 4.257095e-01 1.778705e-01 -1.953036e-01 2.276991e-01 4.318255e-01 2.125304e-01
-1.953036e-01 2.276991e-01 4.318255e-01 2.125304e-01 -1.953036e-01 2.276991e-01 4.354341e-01 2.468271e-01
-1.953036e-01 2.276991e-01 4.354341e-01 2.468271e-01 -1.953036e-01 2.276991e-01 4.366200e-01 2.806997e-01
-1.953036e-01 2.276991e-01 4.366200e-01 2.806997e-01 -1.953036e-01 2.276991e-01 4.354564e-01 3.140927e-01
-1.953036e-01 2.276991e-01 4.354564e-01 3.140927e-01 -1.953036e-01 2.276991e-01 4.320044e-01 3.469541e-01
-1.953036e-01 2.276991e-01 4.320044e-01 3.469541e-01 -1.953036e-01 2.276991e-01 4.263139e-01 3.792337e-01
-1.953036e-01 2.276991e-01 4.263139e-01 3.792337e-01 -1.953036e-01 2.276991e-01 4.184239e-01 4.108815e-01
-1.953036e-01 2.276991e-01 4.184239e-01 4.108815e-01 -1.953036e-01 2.276991e-01 4.083629e-01 4.418462e-01
-1.953036e-01 2.276991e-01 4.083629e-01 4.418462e-01 -1.953036e-01 2.276991e-01 3.961493e-01 4.720743e-01
-1.953036e-01 2.276991e-01 3.961493e-01 4.720743e-01 -1.953036e-01 2.276991e-01 3.817922e-01 5.015082e-01
-1.953036e-01 2.276991e-01 3.817922e-01 5.015082e-01 -1.953036e-01 2.276991e-01 3.652911e-01 5.300854e-01
-1.953036e-01 2.276991e-01 3.652911e-01 5.300854e-01 -1.953036e-01 2.276991e-01 3.466370e-01 5.577369e-01
-1.953036e-01 2.276991e-01 3.466370e-01 5.577369e-01 -1.953036e-01 2.276991e-01 3.258130e-01 5.843856e-01
-1.953036e-01 2.276991e-01 3.258130e-01 5.843856e-01 -1.953036e-01 2.276991e-01 3.027942e-01 6.099449e-01
-1.953036e-01 2.276991e-01 3.027942e-01 6.099449e-01 -1.953036e-01 2.276991e-01 2.775498e-01 6.343171e-01
-1.953036e-01 2.276991e-01 2.775498e-01 6.343171e-01 -1.953036e-01 2.276991e-01 2.500435e-01 6.573910e-01
-1.953036e-01 2.276991e-01 2.500435e-01 6.573910e-01 -1.953036e-01 2.276991e-01 2.202360e-01 6.790402e-01
-1.953036e-01 2.276991e-01 2.202360e-01 6.790402e-01 -1.953036e-01 2.276991e-01 1.880877e-01 6.991210e-01
-1.953036e-01 2.276991e-01 1.880877e-01 6.991210e-01 -1.953036e-01 2.276991e-01 1.535626e-01 7.174700e-01
-1.953036e-01 2.276991e-01 1.535626e-01 7.174700e-01 -1.953036e-01 2.276991e-01 1.166344e-01 7.339027e-01
-1.953036e-01 2.276991e-01 1.166344e-01 7.339027e-01 -1.953036e-01 2.276991e-01 7.729363e-02 7.482123e-01
-1.953036e-01 2.276991e-01 7.729363e-02 7.482123e-01 -1.953036e-01 2.276991e-01 3.555864e-02 7.601699e-01
-1.953036e-01 2.276991e-01 3.555864e-02 7.601699e-01 -1.953036e-01 2.276991e-01 -8.511223e-03 7.695273e-01
-1.953036e-01 2.276991e-01 -8.511223e-03 7.695273e-01 -1.953036e-01 2.276991e-01 -5.479924e-02 7.760227e-01
-1.953036e-01 2.276991e-01 -5.479924e-02 7.760227e-01 -1.953036e-01 2.276991e-01 -1.031130e-01 7.793914e-01
-1.953036e-01 2.276991e-01 -1.031130e-01 7.793914e-01 -1.953036e-01 2.276991e-01 -1.531664e-01 7.793823e-01
-1.953036e-01 2.276991e-01 -1.531664e-01 7.793823e-01 -1.953036e-01 2.276991e-01 -2.045658e-01 7.757801e-01
-1.953036e-01 2.276991e-01 -2.045658e-01 7.757801e-01 -1.953036e-01 2.276991e-01 -2.568062e-01 7.684318e-01
-1.953036e-01 2.276991e-01 -2.568062e-01 7.684318e-01 -1.953036e-01 2.276991e-01 -3.092825e-01 7.572735e-01
-1.953036e-01 2.276991e-01 -3.092825e-01 7.572735e-01 -1.953036e-01 2.276991e-01 -3.613200e-01 7.423504e-01
-1.953036e-01 2.276991e-01 -3.613200e-01 7.423504e-01 -1.953036e-01 2.276991e-01 -4.122208e-01 7.238252e-01
-1.953036e-01 2.276991e-01 -4.122208e-01 7.238252e-01 -1.953036e-01 2.276991e-01 -4.613188e-01 7.019695e-01
-1.953036e-01 2.276991e-01 -4.613188e-01 7.019695e-01 -1.953036e-01 2.276991e-01 -5.080303e-01 6.771393e-01
-1.953036e-01 2.276991e-01 -5.080303e-01 6.771393e-01 -1.953036e-01 2.276991e-01 -5.518894e-01 6.497423e-01
-1.953036e-01 2.276991e-01 -5.518894e-01 6.497423e-01 -1.953036e-01 2.276991e-01 -5.925631e-01 6.202022e-01
-1.953036e-01 2.276991e-01 -5.925631e-01 6.202022e-01 -1.953036e-01 2.276991e-01 -6.298467e-01 5.889301e-01
-1.953036e-01 2.276991e-01 -6.298467e-01 5.889301e-01 -1.953036e-01 2.276991e-01 -6.636464e-01 5.563039e-01
-1.953036e-01 2.276991e-01 -6.636464e-01 5.563039e-01 -1.953036e-01 2.276991e-01 -6.939552e-01 5.226572e-01
-1.953036e-01 2.276991e-01 -6.939552e-01 5.226572e-01 -1.953036e-01 2.276991e-01 -7.208283e-01 4.882764e-01
-1.953036e-01 2.276991e-01 -7.208283e-01 4.882764e-01 -1.953036e-01 2.276991e-01 -7.443619e-01 4.534022e-01
-1.953036e-01 2.276991e-01 -7.443619e-01 4.534022e-01 -1.953036e-01 2.276991e-01 -7.646753e-01 4.182346e-01
-1.953036e-01 2.276991e-01 -7.646753e-01 4.182346e-01 -1.953036e-01 2.276991e-01 -7.818986e-01 3.829385e-01
-1.953036e-01 2.276991e-01 -7.818986e-01 3.829385e-01 -1.953036e-01 2.276991e-01 -7.961633e-01 3.476500e-01
-1.953036e-01 2.276991e-01 -7.961633e-01 3.476500e-01 -1.953036e-01 2.276991e-01 -8.075964e-01 3.124817e-01
-1.953036e-01 2.276991e-01 -8.075964e-01 3.124817e-01 -1.953036e-01 2.276991e-01 -8.163168e-01 2.775277e-01
-1.953036e-01 2.276991e-01 -8.163168e-01 2.775277e-01 -1.953036e-01 2.276991e-01 -8.224328e-01 2.428679e-01
-1.953036e-01 2.276991e-01 -8.224328e-01 2.428679e-01 -1.953036e-01 2.276991e-01 -8.260413e-01 2.085711e-01
-1.953036e-01 2.276991e-01 -8.260413e-01 2.085711e-01 -1.953036e-01 2.276991e-01 -8.272273e-01 1.746985e-01
