-1.048000e+00 -5.700000e-01 -1.056869e+00 -5.505154e-01 -1.053000e+00 -5.650000e-01 -1.059948e+00 -5.445519e-01
-1.048000e+00 -5.700000e-01 -1.056869e+00 -5.505154e-01 -1.043000e+00 -5.650000e-01 -1.057638e+00 -5.488949e-01
-1.058000e+00 -5.600000e-01 -1.062984e+00 -5.384763e-01 -1.063000e+00 -5.550000e-01 -1.065925e+00 -5.325377e-01
-1.053000e+00 -5.650000e-01 -1.059948e+00 -5.445519e-01 -1.058000e+00 -5.600000e-01 -1.062984e+00 -5.384763e-01
-1.043000e+00 -5.650000e-01 -1.057638e+00 -5.488949e-01 -1.043000e+00 -5.550000e-01 -1.061900e+00 -5.416033e-01
-1.068000e+00 -5.500000e-01 -1.068618e+00 -5.263799e-01 -1.073000e+00 -5.450000e-01 -1.071494e+00 -5.205285e-01
-1.063000e+00 -5.550000e-01 -1.065925e+00 -5.325377e-01 -1.068000e+00 -5.500000e-01 -1.068618e+00 -5.263799e-01
-1.048000e+00 -5.500000e-01 -1.066076e+00 -5.360232e-01 -1.053000e+00 -5.450000e-01 -1.069369e+00 -5.299941e-01
-1.043000e+00 -5.550000e-01 -1.061900e+00 -5.416033e-01 -1.048000e+00 -5.500000e-01 -1.066076e+00 -5.360232e-01
-1.078000e+00 -5.400000e-01 -1.073998e+00 -5.144152e-01 -1.083000e+00 -5.350000e-01 -1.076830e+00 -5.086927e-01
-1.073000e+00 -5.450000e-01 -1.071494e+00 -5.205285e-01 -1.078000e+00 -5.400000e-01 -1.073998e+00 -5.144152e-01
-1.053000e+00 -5.450000e-01 -1.069369e+00 -5.299941e-01 -1.053000e+00 -5.350000e-01 -1.074195e+00 -5.231948e-01
-1.083000e+00 -5.350000e-01 -1.076830e+00 -5.086927e-01 -1.083000e+00 -5.250000e-01 -1.080144e+00 -5.000192e-01
-1.058000e+00 -5.300000e-01 -1.078522e+00 -5.176861e-01 -1.063000e+00 -5.250000e-01 -1.081701e+00 -5.115422e-01
-1.053000e+00 -5.350000e-01 -1.074195e+00 -5.231948e-01 -1.058000e+00 -5.300000e-01 -1.078522e+00 -5.176861e-01
-1.088000e+00 -5.200000e-01 -1.081980e+00 -4.936587e-01 -1.093000e+00 -5.150000e-01 -1.084327e+00 -4.879047e-01
-1.083000e+00 -5.250000e-01 -1.080144e+00 -5.000192e-01 -1.088000e+00 -5.200000e-01 -1.081980e+00 -4.936587e-01
-1.063000e+00 -5.250000e-01 -1.081701e+00 -5.115422e-01 -1.063000e+00 -5.150000e-01 -1.087160e+00 -5.053979e-01
-1.093000e+00 -5.150000e-01 -1.084327e+00 -4.879047e-01 -1.093000e+00 -5.050000e-01 -1.088025e+00 -4.792989e-01
-1.063000e+00 -5.150000e-01 -1.087160e+00 -5.053979e-01 -1.063000e+00 -5.050000e-01 -1.091697e+00 -4.991446e-01
-1.098000e+00 -5.000000e-01 -1.088719e+00 -4.725745e-01 -1.103000e+00 -4.950000e-01 -1.090270e+00 -4.669045e-01
-1.093000e+00 -5.050000e-01 -1.088025e+00 -4.792989e-01 -1.098000e+00 -5.000000e-01 -1.088719e+00 -4.725745e-01
-1.068000e+00 -5.000000e-01 -1.096729e+00 -4.941775e-01 -1.073000e+00 -4.950000e-01 -1.101061e+00 -4.886357e-01
-1.063000e+00 -5.050000e-01 -1.091697e+00 -4.991446e-01 -1.068000e+00 -5.000000e-01 -1.096729e+00 -4.941775e-01
-1.108000e+00 -4.900000e-01 -1.090724e+00 -4.607969e-01 -1.113000e+00 -4.850000e-01 -1.092006e+00 -4.558569e-01
-1.103000e+00 -4.950000e-01 -1.090270e+00 -4.669045e-01 -1.108000e+00 -4.900000e-01 -1.090724e+00 -4.607969e-01
-1.073000e+00 -4.950000e-01 -1.101061e+00 -4.886357e-01 -1.073000e+00 -4.850000e-01 -1.105711e+00 -4.832385e-01
-1.113000e+00 -4.850000e-01 -1.092006e+00 -4.558569e-01 -1.113000e+00 -4.750000e-01 -1.092444e+00 -4.461826e-01
-1.078000e+00 -4.800000e-01 -1.111167e+00 -4.788706e-01 -1.083000e+00 -4.750000e-01 -1.116258e+00 -4.739645e-01
-1.073000e+00 -4.850000e-01 -1.105711e+00 -4.832385e-01 -1.078000e+00 -4.800000e-01 -1.111167e+00 -4.788706e-01
-1.118000e+00 -4.700000e-01 -1.089886e+00 -4.415492e-01 -1.123000e+00 -4.650000e-01 -1.090324e+00 -4.391103e-01
-1.113000e+00 -4.750000e-01 -1.092444e+00 -4.461826e-01 -1.118000e+00 -4.700000e-01 -1.089886e+00 -4.415492e-01
-1.088000e+00 -4.700000e-01 -1.121976e+00 -4.701195e-01 -1.093000e+00 -4.650000e-01 -1.127187e+00 -4.653414e-01
-1.083000e+00 -4.750000e-01 -1.116258e+00 -4.739645e-01 -1.088000e+00 -4.700000e-01 -1.121976e+00 -4.701195e-01
-1.123000e+00 -4.650000e-01 -1.090324e+00 -4.391103e-01 -1.123000e+00 -4.550000e-01 -1.084992e+00 -4.350657e-01
-1.093000e+00 -4.650000e-01 -1.127187e+00 -4.653414e-01 -1.093000e+00 -4.550000e-01 -1.132171e+00 -4.651988e-01
-1.128000e+00 -4.500000e-01 -1.089407e+00 -4.380099e-01 -1.133000e+00 -4.450000e-01 -1.094455e+00 -4.370265e-01
-1.123000e+00 -4.550000e-01 -1.084992e+00 -4.350657e-01 -1.128000e+00 -4.500000e-01 -1.089407e+00 -4.380099e-01
-1.098000e+00 -4.500000e-01 -1.136671e+00 -4.645132e-01 -1.103000e+00 -4.450000e-01 -1.138958e+00 -4.677875e-01
-1.093000e+00 -4.550000e-01 -1.132171e+00 -4.651988e-01 -1.098000e+00 -4.500000e-01 -1.136671e+00 -4.645132e-01
-1.138000e+00 -4.400000e-01 -1.100572e+00 -4.341582e-01 -1.143000e+00 -4.350000e-01 -1.106260e+00 -4.311048e-01
-1.133000e+00 -4.450000e-01 -1.094455e+00 -4.370265e-01 -1.138000e+00 -4.400000e-01 -1.100572e+00 -4.341582e-01
-1.103000e+00 -4.450000e-01 -1.138958e+00 -4.677875e-01 -1.103000e+00 -4.350000e-01 -1.134264e+00 -4.617405e-01
-1.143000e+00 -4.350000e-01 -1.106260e+00 -4.311048e-01 -1.143000e+00 -4.250000e-01 -1.110751e+00 -4.271917e-01
-1.108000e+00 -4.300000e-01 -1.134770e+00 -4.588355e-01 -1.113000e+00 -4.250000e-01 -1.132894e+00 -4.538844e-01
-1.103000e+00 -4.350000e-01 -1.134264e+00 -4.617405e-01 -1.108000e+00 -4.300000e-01 -1.134770e+00 -4.588355e-01
-1.148000e+00 -4.200000e-01 -1.115659e+00 -4.221018e-01 -1.153000e+00 -4.150000e-01 -1.121050e+00 -4.176091e-01
-1.143000e+00 -4.250000e-01 -1.110751e+00 -4.271917e-01 -1.148000e+00 -4.200000e-01 -1.115659e+00 -4.221018e-01
-1.113000e+00 -4.250000e-01 -1.132894e+00 -4.538844e-01 -1.113000e+00 -4.150000e-01 -1.133469e+00 -4.441664e-01
-1.153000e+00 -4.150000e-01 -1.121050e+00 -4.176091e-01 -1.153000e+00 -4.050000e-01 -1.125846e+00 -4.121489e-01
-1.118000e+00 -4.100000e-01 -1.134931e+00 -4.391590e-01 -1.123000e+00 -4.050000e-01 -1.135654e+00 -4.331066e-01
-1.113000e+00 -4.150000e-01 -1.133469e+00 -4.441664e-01 -1.118000e+00 -4.100000e-01 -1.134931e+00 -4.391590e-01
-1.158000e+00 -4.000000e-01 -1.130039e+00 -4.065162e-01 -1.163000e+00 -3.950000e-01 -1.135007e+00 -4.014842e-01
-1.153000e+00 -4.050000e-01 -1.125846e+00 -4.121489e-01 -1.158000e+00 -4.000000e-01 -1.130039e+00 -4.065162e-01
-1.128000e+00 -4.000000e-01 -1.137362e+00 -4.274532e-01 -1.133000e+00 -3.950000e-01 -1.138298e+00 -4.208488e-01
-1.123000e+00 -4.050000e-01 -1.135654e+00 -4.331066e-01 -1.128000e+00 -4.000000e-01 -1.137362e+00 -4.274532e-01
-1.163000e+00 -3.950000e-01 -1.135007e+00 -4.014842e-01 -1.163000e+00 -3.850000e-01 -1.139632e+00 -3.952008e-01
-1.133000e+00 -3.950000e-01 -1.138298e+00 -4.208488e-01 -1.133000e+00 -3.850000e-01 -1.141768e+00 -4.121382e-01
-1.163000e+00 -3.850000e-01 -1.139632e+00 -3.952008e-01 -1.163000e+00 -3.750000e-01 -1.145124e+00 -3.890020e-01
-1.138000e+00 -3.800000e-01 -1.144209e+00 -4.064113e-01 -1.143000e+00 -3.750000e-01 -1.146175e+00 -4.001226e-01
-1.133000e+00 -3.850000e-01 -1.141768e+00 -4.121382e-01 -1.138000e+00 -3.800000e-01 -1.144209e+00 -4.064113e-01
-1.168000e+00 -3.700000e-01 -1.148232e+00 -3.828331e-01 -1.173000e+00 -3.650000e-01 -1.152493e+00 -3.772857e-01
-1.163000e+00 -3.750000e-01 -1.145124e+00 -3.890020e-01 -1.168000e+00 -3.700000e-01 -1.148232e+00 -3.828331e-01
-1.148000e+00 -3.700000e-01 -1.148687e+00 -3.941956e-01 -1.153000e+00 -3.650000e-01 -1.150884e+00 -3.878071e-01
-1.143000e+00 -3.750000e-01 -1.146175e+00 -4.001226e-01 -1.148000e+00 -3.700000e-01 -1.148687e+00 -3.941956e-01
-1.173000e+00 -3.650000e-01 -1.152493e+00 -3.772857e-01 -1.173000e+00 -3.550000e-01 -1.157314e+00 -3.704349e-01
-1.153000e+00 -3.650000e-01 -1.150884e+00 -3.878071e-01 -1.153000e+00 -3.550000e-01 -1.154803e+00 -3.796044e-01
-1.178000e+00 -3.500000e-01 -1.160573e+00 -3.643995e-01 -1.183000e+00 -3.450000e-01 -1.164699e+00 -3.587935e-01
-1.173000e+00 -3.550000e-01 -1.157314e+00 -3.704349e-01 -1.178000e+00 -3.500000e-01 -1.160573e+00 -3.643995e-01
-1.158000e+00 -3.500000e-01 -1.157740e+00 -3.737835e-01 -1.163000e+00 -3.450000e-01 -1.160487e+00 -3.676650e-01
-1.153000e+00 -3.550000e-01 -1.154803e+00 -3.796044e-01 -1.158000e+00 -3.500000e-01 -1.157740e+00 -3.737835e-01
-1.183000e+00 -3.450000e-01 -1.164699e+00 -3.587935e-01 -1.183000e+00 -3.350000e-01 -1.168937e+00 -3.514549e-01
-1.168000e+00 -3.400000e-01 -1.163482e+00 -3.617589e-01 -1.173000e+00 -3.350000e-01 -1.166532e+00 -3.557031e-01
-1.163000e+00 -3.450000e-01 -1.160487e+00 -3.676650e-01 -1.168000e+00 -3.400000e-01 -1.163482e+00 -3.617589e-01
-1.183000e+00 -3.350000e-01 -1.168937e+00 -3.514549e-01 -1.178000e+00 -3.300000e-01 -1.169649e+00 -3.497670e-01
-1.173000e+00 -3.350000e-01 -1.166532e+00 -3.557031e-01 -1.178000e+00 -3.300000e-01 -1.169649e+00 -3.497670e-01
-1.112652e+00 -4.512492e-01 -1.147215e+00 -4.649932e-01 -1.112652e+00 -4.512492e-01 -1.147188e+00 -4.657799e-01
-1.112652e+00 -4.512492e-01 -1.147188e+00 -4.657799e-01 -1.112652e+00 -4.512492e-01 -1.147109e+00 -4.665265e-01
-1.112652e+00 -4.512492e-01 -1.147109e+00 -4.665265e-01 -1.112652e+00 -4.512492e-01 -1.146984e+00 -4.672369e-01
-1.112652e+00 -4.512492e-01 -1.146984e+00 -4.672369e-01 -1.112652e+00 -4.512492e-01 -1.146815e+00 -4.679147e-01
-1.112652e+00 -4.512492e-01 -1.146815e+00 -4.679147e-01 -1.112652e+00 -4.512492e-01 -1.146605e+00 -4.685628e-01
-1.112652e+00 -4.512492e-01 -1.146605e+00 -4.685628e-01 -1.112652e+00 -4.512492e-01 -1.146354e+00 -4.691839e-01
-1.112652e+00 -4.512492e-01 -1.146354e+00 -4.691839e-01 -1.112652e+00 -4.512492e-01 -1.146063e+00 -4.697800e-01
-1.112652e+00 -4.512492e-01 -1.146063e+00 -4.697800e-01 -1.112652e+00 -4.512492e-01 -1.145732e+00 -4.703529e-01
-1.112652e+00 -4.512492e-01 -1.145732e+00 -4.703529e-01 -1.112652e+00 -4.512492e-01 -1.145361e+00 -4.709041e-01
-1.112652e+00 -4.512492e-01 -1.145361e+00 -4.709041e-01 -1.112652e+00 -4.512492e-01 -1.144946e+00 -4.714344e-01
-1.112652e+00 -4.512492e-01 -1.144946e+00 -4.714344e-01 -1.112652e+00 -4.512492e-01 -1.144487e+00 -4.719444e-01
-1.112652e+00 -4.512492e-01 -1.144487e+00 -4.719444e-01 -1.112652e+00 -4.512492e-01 -1.143979e+00 -4.724343e-01
-1.112652e+00 -4.512492e-01 -1.143979e+00 -4.724343e-01 -1.112652e+00 -4.512492e-01 -1.143420e+00 -4.729035e-01
-1.112652e+00 -4.512492e-01 -1.143420e+00 -4.729035e-01 -1.112652e+00 -4.512492e-01 -1.142804e+00 -4.733510e-01
-1.112652e+00 -4.512492e-01 -1.142804e+00 -4.733510e-01 -1.112652e+00 -4.512492e-01 -1.142124e+00 -4.737752e-01
-1.112652e+00 -4.512492e-01 -1.142124e+00 -4.737752e-01 -1.112652e+00 -4.512492e-01 -1.141375e+00 -4.741734e-01
-1.112652e+00 -4.512492e-01 -1.141375e+00 -4.741734e-01 -1.112652e+00 -4.512492e-01 -1.140546e+00 -4.745421e-01
-1.112652e+00 -4.512492e-01 -1.140546e+00 -4.745421e-01 -1.112652e+00 -4.512492e-01 -1.139627e+00 -4.748762e-01
-1.112652e+00 -4.512492e-01 -1.139627e+00 -4.748762e-01 -1.112652e+00 -4.512492e-01 -1.138603e+00 -4.751692e-01
-1.112652e+00 -4.512492e-01 -1.138603e+00 -4.751692e-01 -1.112652e+00 -4.512492e-01 -1.137457e+00 -4.754120e-01
-1.112652e+00 -4.512492e-01 -1.137457e+00 -4.754120e-01 -1.112652e+00 -4.512492e-01 -1.136167e+00 -4.755925e-01
-1.112652e+00 -4.512492e-01 -1.136167e+00 -4.755925e-01 -1.112652e+00 -4.512492e-01 -1.134701e+00 -4.756938e-01
-1.112652e+00 -4.512492e-01 -1.134701e+00 -4.756938e-01 -1.112652e+00 -4.512492e-01 -1.133020e+00 -4.756924e-01
-1.112652e+00 -4.512492e-01 -1.133020e+00 -4.756924e-01 -1.112652e+00 -4.512492e-01 -1.131063e+00 -4.755537e-01
-1.112652e+00 -4.512492e-01 -1.131063e+00 -4.755537e-01 -1.112652e+00 -4.512492e-01 -1.128744e+00 -4.752252e-01
-1.112652e+00 -4.512492e-01 -1.128744e+00 -4.752252e-01 -1.112652e+00 -4.512492e-01 -1.125927e+00 -4.746225e-01
-1.112652e+00 -4.512492e-01 -1.125927e+00 -4.746225e-01 -1.112652e+00 -4.512492e-01 -1.122383e+00 -4.736004e-01
-1.112652e+00 -4.512492e-01 -1.122383e+00 -4.736004e-01 -1.112652e+00 -4.512492e-01 -1.117721e+00 -4.718935e-01
-1.112652e+00 -4.512492e-01 -1.117721e+00 -4.718935e-01 -1.112652e+00 -4.512492e-01 -1.111341e+00 -4.690377e-01
-1.112652e+00 -4.512492e-01 -1.111341e+00 -4.690377e-01 -1.112652e+00 -4.512492e-01 -1.103288e+00 -4.647472e-01
-1.112652e+00 -4.512492e-01 -1.103288e+00 -4.647472e-01 -1.112652e+00 -4.512492e-01 -1.096007e+00 -4.602121e-01
-1.112652e+00 -4.512492e-01 -1.096007e+00 -4.602121e-01 -1.112652e+00 -4.512492e-01 -1.090950e+00 -4.565536e-01
-1.112652e+00 -4.512492e-01 -1.090950e+00 -4.565536e-01 -1.112652e+00 -4.512492e-01 -1.087513e+00 -4.536803e-01
-1.112652e+00 -4.512492e-01 -1.087513e+00 -4.536803e-01 -1.112652e+00 -4.512492e-01 -1.085074e+00 -4.513319e-01
-1.112652e+00 -4.512492e-01 -1.085074e+00 -4.513319e-01 -1.112652e+00 -4.512492e-01 -1.083276e+00 -4.493402e-01
-1.112652e+00 -4.512492e-01 -1.083276e+00 -4.493402e-01 -1.112652e+00 -4.512492e-01 -1.081917e+00 -4.476047e-01
-1.112652e+00 -4.512492e-01 -1.081917e+00 -4.476047e-01 -1.112652e+00 -4.512492e-01 -1.080875e+00 -4.460624e-01
-1.112652e+00 -4.512492e-01 -1.080875e+00 -4.460624e-01 -1.112652e+00 -4.512492e-01 -1.080071e+00 -4.446720e-01
-1.112652e+00 -4.512492e-01 -1.080071e+00 -4.446720e-01 -1.112652e+00 -4.512492e-01 -1.079452e+00 -4.434048e-01
-1.112652e+00 -4.512492e-01 -1.079452e+00 -4.434048e-01 -1.112652e+00 -4.512492e-01 -1.078980e+00 -4.422398e-01
-1.112652e+00 -4.512492e-01 -1.078980e+00 -4.422398e-01 -1.112652e+00 -4.512492e-01 -1.078629e+00 -4.411615e-01
-1.112652e+00 -4.512492e-01 -1.078629e+00 -4.411615e-01 -1.112652e+00 -4.512492e-01 -1.078378e+00 -4.401578e-01
-1.112652e+00 -4.512492e-01 -1.078378e+00 -4.401578e-01 -1.112652e+00 -4.512492e-01 -1.078212e+00 -4.392188e-01
-1.112652e+00 -4.512492e-01 -1.078212e+00 -4.392188e-01 -1.112652e+00 -4.512492e-01 -1.078119e+00 -4.383368e-01
-1.112652e+00 -4.512492e-01 -1.078119e+00 -4.383368e-01 -1.112652e+00 -4.512492e-01 -1.078090e+00 -4.375052e-01
-1.112652e+00 -4.512492e-01 -1.078090e+00 -4.375052e-01 -1.112652e+00 -4.512492e-01 -1.078117e+00 -4.367185e-01
-1.112652e+00 -4.512492e-01 -1.078117e+00 -4.367185e-01 -1.112652e+00 -4.512492e-01 -1.078195e+00 -4.359719e-01
-1.112652e+00 -4.512492e-01 -1.078195e+00 -4.359719e-01 -1.112652e+00 -4.512492e-01 -1.078320e+00 -4.352615e-01
-1.112652e+00 -4.512492e-01 -1.078320e+00 -4.352615e-01 -1.112652e+00 -4.512492e-01 -1.078489e+00 -4.345837e-01
-1.112652e+00 -4.512492e-01 -1.078489e+00 -4.345837e-01 -1.112652e+00 -4.512492e-01 -1.078700e+00 -4.339356e-01
-1.112652e+00 -4.512492e-01 -1.078700e+00 -4.339356e-01 -1.112652e+00 -4.512492e-01 -1.078951e+00 -4.333145e-01
-1.112652e+00 -4.512492e-01 -1.078951e+00 -4.333145e-01 -1.112652e+00 -4.512492e-01 -1.079241e+00 -4.327184e-01
-1.112652e+00 -4.512492e-01 -1.079241e+00 -4.327184e-01 -1.112652e+00 -4.512492e-01 -1.079572e+00 -4.321455e-01
-1.112652e+00 -4.512492e-01 -1.079572e+00 -4.321455e-01 -1.112652e+00 -4.512492e-01 -1.079944e+00 -4.315943e-01
-1.112652e+00 -4.512492e-01 -1.079944e+00 -4.315943e-01 -1.112652e+00 -4.512492e-01 -1.080358e+00 -4.310640e-01
-1.112652e+00 -4.512492e-01 -1.080358e+00 -4.310640e-01 -1.112652e+00 -4.512492e-01 -1.080818e+00 -4.305540e-01
-1.112652e+00 -4.512492e-01 -1.080818e+00 -4.305540e-01 -1.112652e+00 -4.512492e-01 -1.081325e+00 -4.300641e-01
-1.112652e+00 -4.512492e-01 -1.081325e+00 -4.300641e-01 -1.112652e+00 -4.512492e-01 -1.081885e+00 -4.295949e-01
-1.112652e+00 -4.512492e-01 -1.081885e+00 -4.295949e-01 -1.112652e+00 -4.512492e-01 -1.082501e+00 -4.291474e-01
-1.112652e+00 -4.512492e-01 -1.082501e+00 -4.291474e-01 -1.112652e+00 -4.512492e-01 -1.083180e+00 -4.287232e-01
-1.112652e+00 -4.512492e-01 -1.083180e+00 -4.287232e-01 -1.112652e+00 -4.512492e-01 -1.083930e+00 -4.283250e-01
-1.112652e+00 -4.512492e-01 -1.083930e+00 -4.283250e-01 -1.112652e+00 -4.512492e-01 -1.084759e+00 -4.279563e-01
-1.112652e+00 -4.512492e-01 -1.084759e+00 -4.279563e-01 -1.112652e+00 -4.512492e-01 -1.085678e+00 -4.276222e-01
-1.112652e+00 -4.512492e-01 -1.085678e+00 -4.276222e-01 -1.112652e+00 -4.512492e-01 -1.086702e+00 -4.273293e-01
-1.112652e+00 -4.512492e-01 -1.086702e+00 -4.273293e-01 -1.112652e+00 -4.512492e-01 -1.087847e+00 -4.270864e-01
-1.112652e+00 -4.512492e-01 -1.087847e+00 -4.270864e-01 -1.112652e+00 -4.512492e-01 -1.089138e+00 -4.269060e-01
-1.112652e+00 -4.512492e-01 -1.089138e+00 -4.269060e-01 -1.112652e+00 -4.512492e-01 -1.090603e+00 -4.268046e-01
-1.112652e+00 -4.512492e-01 -1.090603e+00 -4.268046e-01 -1.112652e+00 -4.512492e-01 -1.092285e+00 -4.268060e-01
-1.112652e+00 -4.512492e-01 -1.092285e+00 -4.268060e-01 -1.112652e+00 -4.512492e-01 -1.094242e+00 -4.269447e-01
-1.112652e+00 -4.512492e-01 -1.094242e+00 -4.269447e-01 -1.112652e+00 -4.512492e-01 -1.096561e+00 -4.272732e-01
-1.112652e+00 -4.512492e-01 -1.096561e+00 -4.272732e-01 -1.112652e+00 -4.512492e-01 -1.099378e+00 -4.278759e-01
-1.112652e+00 -4.512492e-01 -1.099378e+00 -4.278759e-01 -1.112652e+00 -4.512492e-01 -1.102921e+00 -4.288980e-01
-1.112652e+00 -4.512492e-01 -1.102921e+00 -4.288980e-01 -1.112652e+00 -4.512492e-01 -1.107584e+00 -4.306049e-01
-1.112652e+00 -4.512492e-01 -1.107584e+00 -4.306049e-01 -1.112652e+00 -4.512492e-01 -1.113963e+00 -4.334607e-01
-1.112652e+00 -4.512492e-01 -1.113963e+00 -4.334607e-01 -1.112652e+00 -4.512492e-01 -1.122017e+00 -4.377512e-01
-1.112652e+00 -4.512492e-01 -1.122017e+00 -4.377512e-01 -1.112652e+00 -4.512492e-01 -1.129298e+00 -4.422863e-01
-1.112652e+00 -4.512492e-01 -1.129298e+00 -4.422863e-01 -1.112652e+00 -4.512492e-01 -1.134355e+00 -4.459448e-01
-1.112652e+00 -4.512492e-01 -1.134355e+00 -4.459448e-01 -1.112652e+00 -4.512492e-01 -1.137792e+00 -4.488181e-01
-1.112652e+00 -4.512492e-01 -1.137792e+00 -4.488181e-01 -1.112652e+00 -4.512492e-01 -1.140231e+00 -4.511665e-01
-1.112652e+00 -4.512492e-01 -1.140231e+00 -4.511665e-01 -1.112652e+00 -4.512492e-01 -1.142028e+00 -4.531582e-01
-1.112652e+00 -4.512492e-01 -1.142028e+00 -4.531582e-01 -1.112652e+00 -4.512492e-01 -1.143387e+00 -4.548938e-01
-1.112652e+00 -4.512492e-01 -1.143387e+00 -4.548938e-01 -1.112652e+00 -4.512492e-01 -1.144430e+00 -4.564360e-01
-1.112652e+00 -4.512492e-01 -1.144430e+00 -4.564360e-01 -1.112652e+00 -4.512492e-01 -1.145234e+00 -4.578264e-01
-1.112652e+00 -4.512492e-01 -1.145234e+00 -4.578264e-01 -1.112652e+00 -4.512492e-01 -1.145853e+00 -4.590936e-01
-1.112652e+00 -4.512492e-01 -1.145853e+00 -4.590936e-01 -1.112652e+00 -4.512492e-01 -1.146325e+00 -4.602586e-01
-1.112652e+00 -4.512492e-01 -1.146325e+00 -4.602586e-01 -1.112652e+00 -4.512492e-01 -1.146676e+00 -4.613369e-01
-1.112652e+00 -4.512492e-01 -1.146676e+00 -4.613369e-01 -1.112652e+00 -4.512492e-01 -1.146926e+00 -4.623407e-01
-1.112652e+00 -4.512492e-01 -1.146926e+00 -4.623407e-01 -1.112652e+00 -4.512492e-01 -1.147092e+00 -4.632796e-01
-1.112652e+00 -4.512492e-01 -1.147092e+00 -4.632796e-01 -1.112652e+00 -4.512492e-01 -1.147185e+00 -4.641616e-01
-1.112652e+00 -4.512492e-01 -1.147185e+00 -4.641616e-01 -1.112652e+00 -4.512492e-01 -1.147215e+00 -4.649932e-01
