8.850000e-01 5.800000e-01 9.312693e-01 1.018857e+00 8.800000e-01 5.850000e-01 9.315829e-01 1.023430e+00
8.850000e-01 5.800000e-01 9.312693e-01 1.018857e+00 8.950000e-01 5.800000e-01 9.313568e-01 1.019410e+00
8.950000e-01 5.800000e-01 9.313568e-01 1.019410e+00 9.050000e-01 5.800000e-01 9.313860e-01 1.019724e+00
9.050000e-01 5.800000e-01 9.313860e-01 1.019724e+00 9.150000e-01 5.800000e-01 9.313730e-01 1.019794e+00
9.150000e-01 5.800000e-01 9.313730e-01 1.019794e+00 9.250000e-01 5.800000e-01 9.313343e-01 1.019620e+00
9.250000e-01 5.800000e-01 9.313343e-01 1.019620e+00 9.350000e-01 5.800000e-01 9.312867e-01 1.019201e+00
9.350000e-01 5.800000e-01 9.312867e-01 1.019201e+00 9.450000e-01 5.800000e-01 9.312469e-01 1.018537e+00
9.450000e-01 5.800000e-01 9.312469e-01 1.018537e+00 9.550000e-01 5.800000e-01 9.312315e-01 1.017630e+00
9.550000e-01 5.800000e-01 9.312315e-01 1.017630e+00 9.650000e-01 5.800000e-01 9.312570e-01 1.016484e+00
9.650000e-01 5.800000e-01 9.312570e-01 1.016484e+00 9.750000e-01 5.800000e-01 9.313396e-01 1.015102e+00
9.750000e-01 5.800000e-01 9.313396e-01 1.015102e+00 9.850000e-01 5.800000e-01 9.314949e-01 1.013490e+00
9.850000e-01 5.800000e-01 9.314949e-01 1.013490e+00 9.950000e-01 5.800000e-01 9.317379e-01 1.011655e+00
9.950000e-01 5.800000e-01 9.317379e-01 1.011655e+00 1.005000e+00 5.800000e-01 9.320830e-01 1.009603e+00
1.005000e+00 5.800000e-01 9.320830e-01 1.009603e+00 1.015000e+00 5.800000e-01 9.325437e-01 1.007343e+00
1.015000e+00 5.800000e-01 9.325437e-01 1.007343e+00 1.025000e+00 5.800000e-01 9.331328e-01 1.004884e+00
1.025000e+00 5.800000e-01 9.331328e-01 1.004884e+00 1.035000e+00 5.800000e-01 9.338620e-01 1.002235e+00
1.035000e+00 5.800000e-01 9.338620e-01 1.002235e+00 1.045000e+00 5.800000e-01 9.347420e-01 9.994072e-01
1.045000e+00 5.800000e-01 9.347420e-01 9.994072e-01 1.055000e+00 5.800000e-01 9.357826e-01 9.964105e-01
1.055000e+00 5.800000e-01 9.357826e-01 9.964105e-01 1.065000e+00 5.800000e-01 9.369924e-01 9.932560e-01
1.065000e+00 5.800000e-01 9.369924e-01 9.932560e-01 1.070000e+00 5.850000e-01 9.360360e-01 9.959727e-01
8.350000e-01 5.900000e-01 9.312447e-01 1.022320e+00 8.300000e-01 5.950000e-01 9.319524e-01 1.026137e+00
8.350000e-01 5.900000e-01 9.312447e-01 1.022320e+00 8.450000e-01 5.900000e-01 9.316367e-01 1.024072e+00
8.450000e-01 5.900000e-01 9.316367e-01 1.024072e+00 8.550000e-01 5.900000e-01 9.318900e-01 1.025604e+00
8.550000e-01 5.900000e-01 9.318900e-01 1.025604e+00 8.650000e-01 5.900000e-01 9.320181e-01 1.026910e+00
8.650000e-01 5.900000e-01 9.320181e-01 1.026910e+00 8.750000e-01 5.900000e-01 9.320357e-01 1.027980e+00
8.800000e-01 5.850000e-01 9.315829e-01 1.023430e+00 8.750000e-01 5.900000e-01 9.320357e-01 1.027980e+00
1.070000e+00 5.850000e-01 9.360360e-01 9.959727e-01 1.075000e+00 5.900000e-01 9.349394e-01 9.985771e-01
1.075000e+00 5.900000e-01 9.349394e-01 9.985771e-01 1.085000e+00 5.900000e-01 9.363793e-01 9.950002e-01
1.085000e+00 5.900000e-01 9.363793e-01 9.950002e-01 1.095000e+00 5.900000e-01 9.380200e-01 9.912983e-01
1.095000e+00 5.900000e-01 9.380200e-01 9.912983e-01 1.105000e+00 5.900000e-01 9.398660e-01 9.874833e-01
1.105000e+00 5.900000e-01 9.398660e-01 9.874833e-01 1.110000e+00 5.950000e-01 9.389361e-01 9.895605e-01
8.050000e-01 6.000000e-01 9.316091e-01 1.025174e+00 8.000000e-01 6.050000e-01 9.324837e-01 1.028472e+00
8.050000e-01 6.000000e-01 9.316091e-01 1.025174e+00 8.150000e-01 6.000000e-01 9.323025e-01 1.027629e+00
8.150000e-01 6.000000e-01 9.323025e-01 1.027629e+00 8.250000e-01 6.000000e-01 9.328114e-01 1.029891e+00
8.300000e-01 5.950000e-01 9.319524e-01 1.026137e+00 8.250000e-01 6.000000e-01 9.328114e-01 1.029891e+00
1.110000e+00 5.950000e-01 9.389361e-01 9.895605e-01 1.115000e+00 6.000000e-01 9.378849e-01 9.915012e-01
1.115000e+00 6.000000e-01 9.378849e-01 9.915012e-01 1.125000e+00 6.000000e-01 9.400680e-01 9.873493e-01
1.125000e+00 6.000000e-01 9.400680e-01 9.873493e-01 1.135000e+00 6.000000e-01 9.424751e-01 9.831217e-01
1.135000e+00 6.000000e-01 9.424751e-01 9.831217e-01 1.140000e+00 6.050000e-01 9.416455e-01 9.847262e-01
7.750000e-01 6.100000e-01 9.314396e-01 1.025648e+00 7.700000e-01 6.150000e-01 9.323739e-01 1.028416e+00
7.750000e-01 6.100000e-01 9.314396e-01 1.025648e+00 7.850000e-01 6.100000e-01 9.325855e-01 1.028745e+00
7.850000e-01 6.100000e-01 9.325855e-01 1.028745e+00 7.950000e-01 6.100000e-01 9.335092e-01 1.031681e+00
8.000000e-01 6.050000e-01 9.324837e-01 1.028472e+00 7.950000e-01 6.100000e-01 9.335092e-01 1.031681e+00
1.140000e+00 6.050000e-01 9.416455e-01 9.847262e-01 1.145000e+00 6.100000e-01 9.407142e-01 9.861805e-01
1.145000e+00 6.100000e-01 9.407142e-01 9.861805e-01 1.155000e+00 6.100000e-01 9.435234e-01 9.816929e-01
1.155000e+00 6.100000e-01 9.435234e-01 9.816929e-01 1.160000e+00 6.150000e-01 9.427819e-01 9.829586e-01
7.550000e-01 6.200000e-01 9.319713e-01 1.027547e+00 7.500000e-01 6.250000e-01 9.329276e-01 1.029923e+00
7.550000e-01 6.200000e-01 9.319713e-01 1.027547e+00 7.650000e-01 6.200000e-01 9.334501e-01 1.031068e+00
7.700000e-01 6.150000e-01 9.323739e-01 1.028416e+00 7.650000e-01 6.200000e-01 9.334501e-01 1.031068e+00
1.160000e+00 6.150000e-01 9.427819e-01 9.829586e-01 1.165000e+00 6.200000e-01 9.419542e-01 9.840657e-01
1.165000e+00 6.200000e-01 9.419542e-01 9.840657e-01 1.175000e+00 6.200000e-01 9.452055e-01 9.793754e-01
1.175000e+00 6.200000e-01 9.452055e-01 9.793754e-01 1.180000e+00 6.250000e-01 9.445984e-01 9.803268e-01
7.350000e-01 6.300000e-01 9.321373e-01 1.028267e+00 7.300000e-01 6.350000e-01 9.330601e-01 1.030257e+00
7.350000e-01 6.300000e-01 9.321373e-01 1.028267e+00 7.450000e-01 6.300000e-01 9.340168e-01 1.032167e+00
7.500000e-01 6.250000e-01 9.329276e-01 1.029923e+00 7.450000e-01 6.300000e-01 9.340168e-01 1.032167e+00
1.180000e+00 6.250000e-01 9.445984e-01 9.803268e-01 1.185000e+00 6.300000e-01 9.439223e-01 9.811146e-01
1.185000e+00 6.300000e-01 9.439223e-01 9.811146e-01 1.195000e+00 6.300000e-01 9.476454e-01 9.762824e-01
1.195000e+00 6.300000e-01 9.476454e-01 9.762824e-01 1.200000e+00 6.350000e-01 9.472146e-01 9.769505e-01
7.150000e-01 6.400000e-01 9.317640e-01 1.027875e+00 7.100000e-01 6.450000e-01 9.325982e-01 1.029492e+00
7.150000e-01 6.400000e-01 9.317640e-01 1.027875e+00 7.250000e-01 6.400000e-01 9.341029e-01 1.032098e+00
7.300000e-01 6.350000e-01 9.330601e-01 1.030257e+00 7.250000e-01 6.400000e-01 9.341029e-01 1.032098e+00
1.200000e+00 6.350000e-01 9.472146e-01 9.769505e-01 1.205000e+00 6.400000e-01 9.467334e-01 9.774536e-01
1.205000e+00 6.400000e-01 9.467334e-01 9.774536e-01 1.210000e+00 6.450000e-01 9.463839e-01 9.779119e-01
6.950000e-01 6.500000e-01 9.306910e-01 1.026467e+00 6.900000e-01 6.550000e-01 9.313842e-01 1.027734e+00
6.950000e-01 6.500000e-01 9.306910e-01 1.026467e+00 7.050000e-01 6.500000e-01 9.335359e-01 1.030948e+00
7.100000e-01 6.450000e-01 9.325982e-01 1.029492e+00 7.050000e-01 6.500000e-01 9.335359e-01 1.030948e+00
1.210000e+00 6.450000e-01 9.463839e-01 9.779119e-01 1.215000e+00 6.500000e-01 9.459955e-01 9.782027e-01
1.215000e+00 6.500000e-01 9.459955e-01 9.782027e-01 1.225000e+00 6.500000e-01 9.504795e-01 9.732197e-01
1.225000e+00 6.500000e-01 9.504795e-01 9.732197e-01 1.230000e+00 6.550000e-01 9.503681e-01 9.734519e-01
6.850000e-01 6.600000e-01 9.321620e-01 1.028831e+00 6.800000e-01 6.650000e-01 9.328041e-01 1.029848e+00
6.900000e-01 6.550000e-01 9.313842e-01 1.027734e+00 6.850000e-01 6.600000e-01 9.321620e-01 1.028831e+00
1.230000e+00 6.550000e-01 9.503681e-01 9.734519e-01 1.235000e+00 6.600000e-01 9.502371e-01 9.735209e-01
1.235000e+00 6.600000e-01 9.502371e-01 9.735209e-01 1.240000e+00 6.650000e-01 9.502494e-01 9.735764e-01
6.650000e-01 6.700000e-01 9.298515e-01 1.025881e+00 6.600000e-01 6.750000e-01 9.302735e-01 1.026596e+00
6.650000e-01 6.700000e-01 9.298515e-01 1.025881e+00 6.750000e-01 6.700000e-01 9.335196e-01 1.030688e+00
6.800000e-01 6.650000e-01 9.328041e-01 1.029848e+00 6.750000e-01 6.700000e-01 9.335196e-01 1.030688e+00
1.240000e+00 6.650000e-01 9.502494e-01 9.735764e-01 1.245000e+00 6.700000e-01 9.502544e-01 9.734700e-01
1.245000e+00 6.700000e-01 9.502544e-01 9.734700e-01 1.250000e+00 6.750000e-01 9.504064e-01 9.733624e-01
6.550000e-01 6.800000e-01 9.307470e-01 1.027130e+00 6.500000e-01 6.850000e-01 9.310653e-01 1.027619e+00
6.600000e-01 6.750000e-01 9.302735e-01 1.026596e+00 6.550000e-01 6.800000e-01 9.307470e-01 1.027130e+00
1.250000e+00 6.750000e-01 9.504064e-01 9.733624e-01 1.255000e+00 6.800000e-01 9.505636e-01 9.730957e-01
1.255000e+00 6.800000e-01 9.505636e-01 9.730957e-01 1.260000e+00 6.850000e-01 9.508704e-01 9.728404e-01
6.450000e-01 6.900000e-01 9.314216e-01 1.027924e+00 6.400000e-01 6.950000e-01 9.316159e-01 1.028199e+00
6.500000e-01 6.850000e-01 9.310653e-01 1.027619e+00 6.450000e-01 6.900000e-01 9.314216e-01 1.027924e+00
1.260000e+00 6.850000e-01 9.508704e-01 9.728404e-01 1.265000e+00 6.900000e-01 9.511948e-01 9.724302e-01
1.265000e+00 6.900000e-01 9.511948e-01 9.724302e-01 1.270000e+00 6.950000e-01 9.516701e-01 9.720438e-01
6.350000e-01 7.000000e-01 9.318340e-01 1.028288e+00 6.300000e-01 7.050000e-01 9.318847e-01 1.028361e+00
6.400000e-01 6.950000e-01 9.316159e-01 1.028199e+00 6.350000e-01 7.000000e-01 9.318340e-01 1.028288e+00
1.270000e+00 6.950000e-01 9.516701e-01 9.720438e-01 1.275000e+00 7.000000e-01 9.521750e-01 9.715083e-01
1.275000e+00 7.000000e-01 9.521750e-01 9.715083e-01 1.280000e+00 7.050000e-01 9.528306e-01 9.710085e-01
6.150000e-01 7.100000e-01 9.267232e-01 1.023249e+00 6.100000e-01 7.150000e-01 9.264459e-01 1.023140e+00
6.150000e-01 7.100000e-01 9.267232e-01 1.023249e+00 6.250000e-01 7.100000e-01 9.319446e-01 1.028248e+00
6.300000e-01 7.050000e-01 9.318847e-01 1.028361e+00 6.250000e-01 7.100000e-01 9.319446e-01 1.028248e+00
1.280000e+00 7.050000e-01 9.528306e-01 9.710085e-01 1.285000e+00 7.100000e-01 9.535277e-01 9.703667e-01
1.285000e+00 7.100000e-01 9.535277e-01 9.703667e-01 1.290000e+00 7.150000e-01 9.543738e-01 9.697720e-01
6.050000e-01 7.200000e-01 9.261564e-01 1.022855e+00 6.000000e-01 7.250000e-01 9.256997e-01 1.022590e+00
6.100000e-01 7.150000e-01 9.264459e-01 1.023140e+00 6.050000e-01 7.200000e-01 9.261564e-01 1.022855e+00
1.290000e+00 7.150000e-01 9.543738e-01 9.697720e-01 1.295000e+00 7.200000e-01 9.552725e-01 9.690436e-01
1.295000e+00 7.200000e-01 9.552725e-01 9.690436e-01 1.300000e+00 7.250000e-01 9.563175e-01 9.683730e-01
5.950000e-01 7.300000e-01 9.252168e-01 1.022153e+00 5.900000e-01 7.350000e-01 9.245675e-01 1.021750e+00
6.000000e-01 7.250000e-01 9.256997e-01 1.022590e+00 5.950000e-01 7.300000e-01 9.252168e-01 1.022153e+00
1.300000e+00 7.250000e-01 9.563175e-01 9.683730e-01 1.305000e+00 7.300000e-01 9.574254e-01 9.675781e-01
1.305000e+00 7.300000e-01 9.574254e-01 9.675781e-01 1.310000e+00 7.350000e-01 9.586756e-01 9.668509e-01
5.850000e-01 7.400000e-01 9.238784e-01 1.021182e+00 5.800000e-01 7.450000e-01 9.230252e-01 1.020660e+00
5.900000e-01 7.350000e-01 9.245675e-01 1.021750e+00 5.850000e-01 7.400000e-01 9.238784e-01 1.021182e+00
1.310000e+00 7.350000e-01 9.586756e-01 9.668509e-01 1.310000e+00 7.450000e-01 9.541619e-01 9.696809e-01
5.750000e-01 7.500000e-01 9.221195e-01 1.019981e+00 5.700000e-01 7.550000e-01 9.210533e-01 1.019360e+00
5.800000e-01 7.450000e-01 9.230252e-01 1.020660e+00 5.750000e-01 7.500000e-01 9.221195e-01 1.019981e+00
1.310000e+00 7.450000e-01 9.541619e-01 9.696809e-01 1.315000e+00 7.500000e-01 9.555645e-01 9.687287e-01
1.315000e+00 7.500000e-01 9.555645e-01 9.687287e-01 1.320000e+00 7.550000e-01 9.571051e-01 9.678607e-01
5.650000e-01 7.600000e-01 9.199226e-01 1.018592e+00 5.600000e-01 7.650000e-01 9.186366e-01 1.017893e+00
5.700000e-01 7.550000e-01 9.210533e-01 1.019360e+00 5.650000e-01 7.600000e-01 9.199226e-01 1.018592e+00
1.320000e+00 7.550000e-01 9.571051e-01 9.678607e-01 1.325000e+00 7.600000e-01 9.587339e-01 9.668936e-01
1.325000e+00 7.600000e-01 9.587339e-01 9.668936e-01 1.330000e+00 7.650000e-01 9.604940e-01 9.660182e-01
5.600000e-01 7.650000e-01 9.186366e-01 1.017893e+00 5.600000e-01 7.750000e-01 9.231195e-01 1.020702e+00
1.330000e+00 7.650000e-01 9.604940e-01 9.660182e-01 1.330000e+00 7.750000e-01 9.563759e-01 9.682103e-01
5.550000e-01 7.800000e-01 9.216735e-01 1.019730e+00 5.500000e-01 7.850000e-01 9.200778e-01 1.018847e+00
5.600000e-01 7.750000e-01 9.231195e-01 1.020702e+00 5.550000e-01 7.800000e-01 9.216735e-01 1.019730e+00
1.330000e+00 7.750000e-01 9.563759e-01 9.682103e-01 1.335000e+00 7.800000e-01 9.583329e-01 9.671666e-01
1.335000e+00 7.800000e-01 9.583329e-01 9.671666e-01 1.340000e+00 7.850000e-01 9.604127e-01 9.662276e-01
5.450000e-01 7.900000e-01 9.183881e-01 1.017841e+00 5.400000e-01 7.950000e-01 9.165568e-01 1.016933e+00
5.500000e-01 7.850000e-01 9.200778e-01 1.018847e+00 5.450000e-01 7.900000e-01 9.183881e-01 1.017841e+00
1.340000e+00 7.850000e-01 9.604127e-01 9.662276e-01 1.340000e+00 7.950000e-01 9.565805e-01 9.680435e-01
5.350000e-01 8.000000e-01 9.146235e-01 1.015915e+00 5.300000e-01 8.050000e-01 9.125577e-01 1.015002e+00
5.400000e-01 7.950000e-01 9.165568e-01 1.016933e+00 5.350000e-01 8.000000e-01 9.146235e-01 1.015915e+00
1.340000e+00 7.950000e-01 9.565805e-01 9.680435e-01 1.345000e+00 8.000000e-01 9.588805e-01 9.669746e-01
1.345000e+00 8.000000e-01 9.588805e-01 9.669746e-01 1.350000e+00 8.050000e-01 9.612923e-01 9.660206e-01
5.300000e-01 8.050000e-01 9.125577e-01 1.015002e+00 5.300000e-01 8.150000e-01 9.164017e-01 1.016825e+00
1.350000e+00 8.050000e-01 9.612923e-01 9.660206e-01 1.350000e+00 8.150000e-01 9.577905e-01 9.675166e-01
5.250000e-01 8.200000e-01 9.141106e-01 1.015724e+00 5.200000e-01 8.250000e-01 9.116991e-01 1.014742e+00
5.300000e-01 8.150000e-01 9.164017e-01 1.016825e+00 5.250000e-01 8.200000e-01 9.141106e-01 1.015724e+00
1.350000e+00 8.150000e-01 9.577905e-01 9.675166e-01 1.350000e+00 8.250000e-01 9.544062e-01 9.688144e-01
5.200000e-01 8.250000e-01 9.116991e-01 1.014742e+00 5.200000e-01 8.350000e-01 9.152060e-01 1.016130e+00
1.350000e+00 8.250000e-01 9.544062e-01 9.688144e-01 1.355000e+00 8.300000e-01 9.571824e-01 9.677399e-01
1.355000e+00 8.300000e-01 9.571824e-01 9.677399e-01 1.360000e+00 8.350000e-01 9.600538e-01 9.667923e-01
5.150000e-01 8.400000e-01 9.125457e-01 1.015002e+00 5.100000e-01 8.450000e-01 9.097793e-01 1.014004e+00
5.200000e-01 8.350000e-01 9.152060e-01 1.016130e+00 5.150000e-01 8.400000e-01 9.125457e-01 1.015002e+00
1.360000e+00 8.350000e-01 9.600538e-01 9.667923e-01 1.360000e+00 8.450000e-01 9.570559e-01 9.678559e-01
5.050000e-01 8.500000e-01 9.068829e-01 1.012951e+00 5.000000e-01 8.550000e-01 9.038913e-01 1.012028e+00
5.100000e-01 8.450000e-01 9.097793e-01 1.014004e+00 5.050000e-01 8.500000e-01 9.068829e-01 1.012951e+00
1.360000e+00 8.450000e-01 9.570559e-01 9.678559e-01 1.360000e+00 8.550000e-01 9.542056e-01 9.687525e-01
5.000000e-01 8.550000e-01 9.038913e-01 1.012028e+00 5.000000e-01 8.650000e-01 9.067471e-01 1.012957e+00
1.360000e+00 8.550000e-01 9.542056e-01 9.687525e-01 1.360000e+00 8.650000e-01 9.515129e-01 9.694909e-01
4.950000e-01 8.700000e-01 9.034894e-01 1.011963e+00 4.900000e-01 8.750000e-01 9.001523e-01 1.011104e+00
5.000000e-01 8.650000e-01 9.067471e-01 1.012957e+00 4.950000e-01 8.700000e-01 9.034894e-01 1.011963e+00
1.360000e+00 8.650000e-01 9.515129e-01 9.694909e-01 1.360000e+00 8.750000e-01 9.489875e-01 9.700808e-01
4.900000e-01 8.750000e-01 9.001523e-01 1.011104e+00 4.900000e-01 8.850000e-01 9.025786e-01 1.011775e+00
1.360000e+00 8.750000e-01 9.489875e-01 9.700808e-01 1.365000e+00 8.800000e-01 9.525239e-01 9.691332e-01
1.365000e+00 8.800000e-01 9.525239e-01 9.691332e-01 1.370000e+00 8.850000e-01 9.561251e-01 9.683217e-01
4.900000e-01 8.850000e-01 9.025786e-01 1.011775e+00 4.900000e-01 8.950000e-01 9.048294e-01 1.012255e+00
1.370000e+00 8.850000e-01 9.561251e-01 9.683217e-01 1.370000e+00 8.950000e-01 9.540498e-01 9.688344e-01
4.850000e-01 9.000000e-01 9.010816e-01 1.011373e+00 4.800000e-01 9.050000e-01 8.972762e-01 1.010628e+00
4.900000e-01 8.950000e-01 9.048294e-01 1.012255e+00 4.850000e-01 9.000000e-01 9.010816e-01 1.011373e+00
1.370000e+00 8.950000e-01 9.540498e-01 9.688344e-01 1.370000e+00 9.050000e-01 9.521613e-01 9.692412e-01
4.800000e-01 9.050000e-01 8.972762e-01 1.010628e+00 4.800000e-01 9.150000e-01 8.990636e-01 1.010954e+00
1.370000e+00 9.050000e-01 9.521613e-01 9.692412e-01 1.370000e+00 9.150000e-01 9.504664e-01 9.695550e-01
4.750000e-01 9.200000e-01 8.949865e-01 1.010249e+00 4.700000e-01 9.250000e-01 8.908674e-01 1.009677e+00
4.800000e-01 9.150000e-01 8.990636e-01 1.010954e+00 4.750000e-01 9.200000e-01 8.949865e-01 1.010249e+00
1.370000e+00 9.150000e-01 9.504664e-01 9.695550e-01 1.370000e+00 9.250000e-01 9.489712e-01 9.697890e-01
4.700000e-01 9.250000e-01 8.908674e-01 1.009677e+00 4.700000e-01 9.350000e-01 8.921882e-01 1.009925e+00
1.370000e+00 9.250000e-01 9.489712e-01 9.697890e-01 1.370000e+00 9.350000e-01 9.476810e-01 9.699572e-01
4.700000e-01 9.350000e-01 8.921882e-01 1.009925e+00 4.700000e-01 9.450000e-01 8.933019e-01 1.010056e+00
1.370000e+00 9.350000e-01 9.476810e-01 9.699572e-01 1.370000e+00 9.450000e-01 9.466003e-01 9.700741e-01
4.700000e-01 9.450000e-01 8.933019e-01 1.010056e+00 4.700000e-01 9.550000e-01 8.942020e-01 1.010084e+00
1.370000e+00 9.450000e-01 9.466003e-01 9.700741e-01 1.370000e+00 9.550000e-01 9.457326e-01 9.701543e-01
4.650000e-01 9.600000e-01 8.895661e-01 1.009713e+00 4.600000e-01 9.650000e-01 8.849140e-01 1.009466e+00
4.700000e-01 9.550000e-01 8.942020e-01 1.010084e+00 4.650000e-01 9.600000e-01 8.895661e-01 1.009713e+00
1.370000e+00 9.550000e-01 9.457326e-01 9.701543e-01 1.370000e+00 9.650000e-01 9.450806e-01 9.702129e-01
4.600000e-01 9.650000e-01 8.849140e-01 1.009466e+00 4.600000e-01 9.750000e-01 8.853512e-01 1.009553e+00
1.370000e+00 9.650000e-01 9.450806e-01 9.702129e-01 1.370000e+00 9.750000e-01 9.446458e-01 9.702652e-01
4.600000e-01 9.750000e-01 8.853512e-01 1.009553e+00 4.600000e-01 9.850000e-01 8.855707e-01 1.009585e+00
1.370000e+00 9.750000e-01 9.446458e-01 9.702652e-01 1.370000e+00 9.850000e-01 9.444288e-01 9.703263e-01
4.600000e-01 9.850000e-01 8.855707e-01 1.009585e+00 4.600000e-01 9.950000e-01 8.855701e-01 1.009578e+00
1.370000e+00 9.850000e-01 9.444288e-01 9.703263e-01 1.370000e+00 9.950000e-01 9.444293e-01 9.704114e-01
4.600000e-01 9.950000e-01 8.855701e-01 1.009578e+00 4.600000e-01 1.005000e+00 8.853480e-01 1.009546e+00
1.365000e+00 1.000000e+00 9.395406e-01 9.703653e-01 1.360000e+00 1.005000e+00 9.346568e-01 9.702044e-01
1.370000e+00 9.950000e-01 9.444293e-01 9.704114e-01 1.365000e+00 1.000000e+00 9.395406e-01 9.703653e-01
4.600000e-01 1.005000e+00 8.853480e-01 1.009546e+00 4.600000e-01 1.015000e+00 8.849039e-01 1.009506e+00
1.360000e+00 1.005000e+00 9.346568e-01 9.702044e-01 1.360000e+00 1.015000e+00 9.351065e-01 9.701653e-01
4.600000e-01 1.015000e+00 8.849039e-01 1.009506e+00 4.600000e-01 1.025000e+00 8.842386e-01 1.009472e+00
1.360000e+00 1.015000e+00 9.351065e-01 9.701653e-01 1.360000e+00 1.025000e+00 9.357759e-01 9.701978e-01
4.600000e-01 1.025000e+00 8.842386e-01 1.009472e+00 4.600000e-01 1.035000e+00 8.833537e-01 1.009461e+00
1.360000e+00 1.025000e+00 9.357759e-01 9.701978e-01 1.360000e+00 1.035000e+00 9.366604e-01 9.703168e-01
4.600000e-01 1.035000e+00 8.833537e-01 1.009461e+00 4.600000e-01 1.045000e+00 8.822520e-01 1.009489e+00
1.355000e+00 1.040000e+00 9.322694e-01 9.698797e-01 1.350000e+00 1.045000e+00 9.279072e-01 9.693124e-01
1.360000e+00 1.035000e+00 9.366604e-01 9.703168e-01 1.355000e+00 1.040000e+00 9.322694e-01 9.698797e-01
4.600000e-01 1.045000e+00 8.822520e-01 1.009489e+00 4.600000e-01 1.055000e+00 8.809371e-01 1.009569e+00
1.350000e+00 1.045000e+00 9.279072e-01 9.693124e-01 1.350000e+00 1.055000e+00 9.292629e-01 9.694412e-01
4.600000e-01 1.055000e+00 8.809371e-01 1.009569e+00 4.600000e-01 1.065000e+00 8.794136e-01 1.009717e+00
1.350000e+00 1.055000e+00 9.292629e-01 9.694412e-01 1.350000e+00 1.065000e+00 9.308229e-01 9.697036e-01
4.600000e-01 1.065000e+00 8.794136e-01 1.009717e+00 4.600000e-01 1.075000e+00 8.776871e-01 1.009948e+00
1.345000e+00 1.070000e+00 9.268622e-01 9.690302e-01 1.340000e+00 1.075000e+00 9.229515e-01 9.682203e-01
1.350000e+00 1.065000e+00 9.308229e-01 9.697036e-01 1.345000e+00 1.070000e+00 9.268622e-01 9.690302e-01
4.600000e-01 1.075000e+00 8.776871e-01 1.009948e+00 4.600000e-01 1.085000e+00 8.757640e-01 1.010274e+00
1.340000e+00 1.075000e+00 9.229515e-01 9.682203e-01 1.340000e+00 1.085000e+00 9.249794e-01 9.685999e-01
4.600000e-01 1.085000e+00 8.757640e-01 1.010274e+00 4.600000e-01 1.095000e+00 8.736513e-01 1.010710e+00
1.340000e+00 1.085000e+00 9.249794e-01 9.685999e-01 1.340000e+00 1.095000e+00 9.271911e-01 9.691566e-01
4.600000e-01 1.095000e+00 8.736513e-01 1.010710e+00 4.600000e-01 1.105000e+00 8.713569e-01 1.011266e+00
1.335000e+00 1.100000e+00 9.236911e-01 9.683365e-01 1.330000e+00 1.105000e+00 9.202628e-01 9.673804e-01
1.340000e+00 1.095000e+00 9.271911e-01 9.691566e-01 1.335000e+00 1.100000e+00 9.236911e-01 9.683365e-01
4.600000e-01 1.105000e+00 8.713569e-01 1.011266e+00 4.600000e-01 1.115000e+00 8.688890e-01 1.011955e+00
1.330000e+00 1.105000e+00 9.202628e-01 9.673804e-01 1.330000e+00 1.115000e+00 9.229163e-01 9.681598e-01
4.600000e-01 1.115000e+00 8.688890e-01 1.011955e+00 4.600000e-01 1.125000e+00 8.662567e-01 1.012788e+00
1.325000e+00 1.120000e+00 9.197583e-01 9.672529e-01 1.320000e+00 1.125000e+00 9.166882e-01 9.662125e-01
1.330000e+00 1.115000e+00 9.229163e-01 9.681598e-01 1.325000e+00 1.120000e+00 9.197583e-01 9.672529e-01
4.600000e-01 1.125000e+00 8.662567e-01 1.012788e+00 4.650000e-01 1.130000e+00 8.694317e-01 1.011887e+00
4.650000e-01 1.130000e+00 8.694317e-01 1.011887e+00 4.700000e-01 1.135000e+00 8.725239e-01 1.010855e+00
1.320000e+00 1.125000e+00 9.166882e-01 9.662125e-01 1.320000e+00 1.135000e+00 9.197584e-01 9.672868e-01
4.700000e-01 1.135000e+00 8.725239e-01 1.010855e+00 4.700000e-01 1.145000e+00 8.694763e-01 1.011859e+00
1.315000e+00 1.140000e+00 9.169499e-01 9.663418e-01 1.310000e+00 1.145000e+00 9.142446e-01 9.652695e-01
1.320000e+00 1.135000e+00 9.197584e-01 9.672868e-01 1.315000e+00 1.140000e+00 9.169499e-01 9.663418e-01
4.700000e-01 1.145000e+00 8.694763e-01 1.011859e+00 4.700000e-01 1.155000e+00 8.662904e-01 1.013043e+00
1.305000e+00 1.150000e+00 9.116655e-01 9.642634e-01 1.300000e+00 1.155000e+00 9.092005e-01 9.631326e-01
1.310000e+00 1.145000e+00 9.142446e-01 9.652695e-01 1.305000e+00 1.150000e+00 9.116655e-01 9.642634e-01
4.700000e-01 1.155000e+00 8.662904e-01 1.013043e+00 4.750000e-01 1.160000e+00 8.689975e-01 1.012071e+00
4.750000e-01 1.160000e+00 8.689975e-01 1.012071e+00 4.800000e-01 1.165000e+00 8.716030e-01 1.010976e+00
1.300000e+00 1.155000e+00 9.092005e-01 9.631326e-01 1.300000e+00 1.165000e+00 9.128938e-01 9.647245e-01
4.800000e-01 1.165000e+00 8.716030e-01 1.010976e+00 4.800000e-01 1.175000e+00 8.680469e-01 1.012426e+00
1.295000e+00 1.170000e+00 9.106670e-01 9.637624e-01 1.290000e+00 1.175000e+00 9.085676e-01 9.626875e-01
1.300000e+00 1.165000e+00 9.128938e-01 9.647245e-01 1.295000e+00 1.170000e+00 9.106670e-01 9.637624e-01
4.800000e-01 1.175000e+00 8.680469e-01 1.012426e+00 4.800000e-01 1.185000e+00 8.643844e-01 1.014084e+00
1.285000e+00 1.180000e+00 9.065780e-01 9.617144e-01 1.280000e+00 1.185000e+00 9.047255e-01 9.606349e-01
1.290000e+00 1.175000e+00 9.085676e-01 9.626875e-01 1.285000e+00 1.180000e+00 9.065780e-01 9.617144e-01
4.800000e-01 1.185000e+00 8.643844e-01 1.014084e+00 4.850000e-01 1.190000e+00 8.666375e-01 1.013140e+00
4.850000e-01 1.190000e+00 8.666375e-01 1.013140e+00 4.900000e-01 1.195000e+00 8.687736e-01 1.012086e+00
1.280000e+00 1.185000e+00 9.047255e-01 9.606349e-01 1.280000e+00 1.195000e+00 9.089332e-01 9.629130e-01
4.900000e-01 1.195000e+00 8.687736e-01 1.012086e+00 4.900000e-01 1.205000e+00 8.648024e-01 1.014091e+00
1.275000e+00 1.200000e+00 9.072772e-01 9.620687e-01 1.270000e+00 1.205000e+00 9.057675e-01 9.611349e-01
1.280000e+00 1.195000e+00 9.089332e-01 9.629130e-01 1.275000e+00 1.200000e+00 9.072772e-01 9.620687e-01
4.900000e-01 1.205000e+00 8.648024e-01 1.014091e+00 4.950000e-01 1.210000e+00 8.667295e-01 1.013185e+00
4.950000e-01 1.210000e+00 8.667295e-01 1.013185e+00 5.000000e-01 1.215000e+00 8.685298e-01 1.012182e+00
1.265000e+00 1.210000e+00 9.043426e-01 9.603330e-01 1.260000e+00 1.215000e+00 9.030714e-01 9.594512e-01
1.270000e+00 1.205000e+00 9.057675e-01 9.611349e-01 1.265000e+00 1.210000e+00 9.043426e-01 9.603330e-01
5.000000e-01 1.215000e+00 8.685298e-01 1.012182e+00 5.050000e-01 1.220000e+00 8.702349e-01 1.011268e+00
5.050000e-01 1.220000e+00 8.702349e-01 1.011268e+00 5.100000e-01 1.225000e+00 8.718058e-01 1.010263e+00
1.255000e+00 1.220000e+00 9.018746e-01 9.587127e-01 1.250000e+00 1.225000e+00 9.008376e-01 9.579053e-01
1.260000e+00 1.215000e+00 9.030714e-01 9.594512e-01 1.255000e+00 1.220000e+00 9.018746e-01 9.587127e-01
5.100000e-01 1.225000e+00 8.718058e-01 1.010263e+00 5.100000e-01 1.235000e+00 8.673975e-01 1.012864e+00
1.245000e+00 1.230000e+00 8.998636e-01 9.572514e-01 1.240000e+00 1.235000e+00 8.990543e-01 9.565406e-01
1.250000e+00 1.225000e+00 9.008376e-01 9.579053e-01 1.245000e+00 1.230000e+00 8.998636e-01 9.572514e-01
5.100000e-01 1.235000e+00 8.673975e-01 1.012864e+00 5.150000e-01 1.240000e+00 8.687999e-01 1.012067e+00
5.150000e-01 1.240000e+00 8.687999e-01 1.012067e+00 5.200000e-01 1.245000e+00 8.700622e-01 1.011195e+00
1.235000e+00 1.240000e+00 8.982954e-01 9.559923e-01 1.230000e+00 1.245000e+00 8.977046e-01 9.554002e-01
1.240000e+00 1.235000e+00 8.990543e-01 9.565406e-01 1.235000e+00 1.240000e+00 8.982954e-01 9.559923e-01
5.200000e-01 1.245000e+00 8.700622e-01 1.011195e+00 5.250000e-01 1.250000e+00 8.712529e-01 1.010439e+00
5.250000e-01 1.250000e+00 8.712529e-01 1.010439e+00 5.300000e-01 1.255000e+00 8.722985e-01 1.009617e+00
1.225000e+00 1.250000e+00 8.971509e-01 9.549780e-01 1.220000e+00 1.255000e+00 8.967673e-01 9.545259e-01
1.230000e+00 1.245000e+00 8.977046e-01 9.554002e-01 1.225000e+00 1.250000e+00 8.971509e-01 9.549780e-01
5.300000e-01 1.255000e+00 8.722985e-01 1.009617e+00 5.300000e-01 1.265000e+00 8.675878e-01 1.012938e+00
1.215000e+00 1.260000e+00 8.964067e-01 9.542495e-01 1.210000e+00 1.265000e+00 8.962164e-01 9.539574e-01
1.220000e+00 1.255000e+00 8.967673e-01 9.545259e-01 1.215000e+00 1.260000e+00 8.964067e-01 9.542495e-01
5.300000e-01 1.265000e+00 8.675878e-01 1.012938e+00 5.350000e-01 1.270000e+00 8.685174e-01 1.012372e+00
5.350000e-01 1.270000e+00 8.685174e-01 1.012372e+00 5.400000e-01 1.275000e+00 8.693011e-01 1.011758e+00
1.205000e+00 1.270000e+00 8.960347e-01 9.538452e-01 1.200000e+00 1.275000e+00 8.960219e-01 9.537317e-01
1.210000e+00 1.265000e+00 8.962164e-01 9.539574e-01 1.205000e+00 1.270000e+00 8.960347e-01 9.538452e-01
5.400000e-01 1.275000e+00 8.693011e-01 1.011758e+00 5.450000e-01 1.280000e+00 8.700412e-01 1.011281e+00
5.450000e-01 1.280000e+00 8.700412e-01 1.011281e+00 5.500000e-01 1.285000e+00 8.706337e-01 1.010767e+00
1.195000e+00 1.280000e+00 8.960031e-01 9.538005e-01 1.190000e+00 1.285000e+00 8.961501e-01 9.538826e-01
1.200000e+00 1.275000e+00 8.960219e-01 9.537317e-01 1.195000e+00 1.280000e+00 8.960031e-01 9.538005e-01
5.500000e-01 1.285000e+00 8.706337e-01 1.010767e+00 5.550000e-01 1.290000e+00 8.711939e-01 1.010397e+00
5.550000e-01 1.290000e+00 8.711939e-01 1.010397e+00 5.600000e-01 1.295000e+00 8.716060e-01 1.010000e+00
1.185000e+00 1.290000e+00 8.962767e-01 9.541474e-01 1.180000e+00 1.295000e+00 8.965641e-01 9.544398e-01
1.190000e+00 1.285000e+00 8.961501e-01 9.538826e-01 1.185000e+00 1.290000e+00 8.962767e-01 9.541474e-01
5.600000e-01 1.295000e+00 8.716060e-01 1.010000e+00 5.650000e-01 1.300000e+00 8.719975e-01 1.009755e+00
5.650000e-01 1.300000e+00 8.719975e-01 1.009755e+00 5.700000e-01 1.305000e+00 8.722417e-01 1.009495e+00
1.165000e+00 1.300000e+00 8.927298e-01 9.500100e-01 1.160000e+00 1.305000e+00 8.932932e-01 9.505752e-01
1.165000e+00 1.300000e+00 8.927298e-01 9.500100e-01 1.175000e+00 1.300000e+00 8.968173e-01 9.549136e-01
1.180000e+00 1.295000e+00 8.965641e-01 9.544398e-01 1.175000e+00 1.300000e+00 8.968173e-01 9.549136e-01
5.700000e-01 1.305000e+00 8.722417e-01 1.009495e+00 5.750000e-01 1.310000e+00 8.724773e-01 1.009390e+00
5.750000e-01 1.310000e+00 8.724773e-01 1.009390e+00 5.800000e-01 1.315000e+00 8.725677e-01 1.009283e+00
1.155000e+00 1.310000e+00 8.937999e-01 9.513228e-01 1.150000e+00 1.315000e+00 8.944532e-01 9.521337e-01
1.160000e+00 1.305000e+00 8.932932e-01 9.505752e-01 1.155000e+00 1.310000e+00 8.937999e-01 9.513228e-01
5.800000e-01 1.315000e+00 8.725677e-01 1.009283e+00 5.850000e-01 1.320000e+00 8.726618e-01 1.009334e+00
5.850000e-01 1.320000e+00 8.726618e-01 1.009334e+00 5.950000e-01 1.320000e+00 8.775588e-01 1.004342e+00
5.950000e-01 1.320000e+00 8.775588e-01 1.004342e+00 6.000000e-01 1.325000e+00 8.773670e-01 1.004419e+00
1.135000e+00 1.320000e+00 8.918149e-01 9.484570e-01 1.130000e+00 1.325000e+00 8.926698e-01 9.496047e-01
1.135000e+00 1.320000e+00 8.918149e-01 9.484570e-01 1.145000e+00 1.320000e+00 8.950372e-01 9.531214e-01
1.150000e+00 1.315000e+00 8.944532e-01 9.521337e-01 1.145000e+00 1.320000e+00 8.950372e-01 9.531214e-01
6.000000e-01 1.325000e+00 8.773670e-01 1.004419e+00 6.050000e-01 1.330000e+00 8.771977e-01 1.004662e+00
6.050000e-01 1.330000e+00 8.771977e-01 1.004662e+00 6.100000e-01 1.335000e+00 8.768900e-01 1.004934e+00
1.115000e+00 1.330000e+00 8.907524e-01 9.464655e-01 1.110000e+00 1.335000e+00 8.917574e-01 9.479838e-01
1.115000e+00 1.330000e+00 8.907524e-01 9.464655e-01 1.125000e+00 1.330000e+00 8.934347e-01 9.509232e-01
1.130000e+00 1.325000e+00 8.926698e-01 9.496047e-01 1.125000e+00 1.330000e+00 8.934347e-01 9.509232e-01
6.100000e-01 1.335000e+00 8.768900e-01 1.004934e+00 6.150000e-01 1.340000e+00 8.766168e-01 1.005370e+00
6.150000e-01 1.340000e+00 8.766168e-01 1.005370e+00 6.250000e-01 1.340000e+00 8.807315e-01 1.000446e+00
6.250000e-01 1.340000e+00 8.807315e-01 1.000446e+00 6.300000e-01 1.345000e+00 8.801951e-01 1.000971e+00
1.105000e+00 1.340000e+00 8.926535e-01 9.496630e-01 1.100000e+00 1.345000e+00 8.936536e-01 9.514549e-01
1.110000e+00 1.335000e+00 8.917574e-01 9.479838e-01 1.105000e+00 1.340000e+00 8.926535e-01 9.496630e-01
6.300000e-01 1.345000e+00 8.801951e-01 1.000971e+00 6.350000e-01 1.350000e+00 8.797124e-01 1.001662e+00
6.350000e-01 1.350000e+00 8.797124e-01 1.001662e+00 6.450000e-01 1.350000e+00 8.833349e-01 9.968279e-01
6.450000e-01 1.350000e+00 8.833349e-01 9.968279e-01 6.500000e-01 1.355000e+00 8.826083e-01 9.976459e-01
1.075000e+00 1.350000e+00 8.908188e-01 9.456159e-01 1.070000e+00 1.355000e+00 8.919497e-01 9.479396e-01
1.075000e+00 1.350000e+00 8.908188e-01 9.456159e-01 1.085000e+00 1.350000e+00 8.925455e-01 9.494564e-01
1.085000e+00 1.350000e+00 8.925455e-01 9.494564e-01 1.095000e+00 1.350000e+00 8.945373e-01 9.533964e-01
1.100000e+00 1.345000e+00 8.936536e-01 9.514549e-01 1.095000e+00 1.350000e+00 8.945373e-01 9.533964e-01
6.500000e-01 1.355000e+00 8.826083e-01 9.976459e-01 6.550000e-01 1.360000e+00 8.819541e-01 9.986283e-01
6.550000e-01 1.360000e+00 8.819541e-01 9.986283e-01 6.650000e-01 1.360000e+00 8.851048e-01 9.939468e-01
6.650000e-01 1.360000e+00 8.851048e-01 9.939468e-01 6.700000e-01 1.365000e+00 8.842327e-01 9.950917e-01
1.055000e+00 1.360000e+00 8.916070e-01 9.469492e-01 1.050000e+00 1.365000e+00 8.927103e-01 9.496869e-01
1.055000e+00 1.360000e+00 8.916070e-01 9.469492e-01 1.065000e+00 1.360000e+00 8.929435e-01 9.503940e-01
1.070000e+00 1.355000e+00 8.919497e-01 9.479396e-01 1.065000e+00 1.360000e+00 8.929435e-01 9.503940e-01
6.700000e-01 1.365000e+00 8.842327e-01 9.950917e-01 6.750000e-01 1.370000e+00 8.834503e-01 9.963953e-01
6.750000e-01 1.370000e+00 8.834503e-01 9.963953e-01 6.850000e-01 1.370000e+00 8.861609e-01 9.919277e-01
6.850000e-01 1.370000e+00 8.861609e-01 9.919277e-01 6.900000e-01 1.375000e+00 8.851926e-01 9.934266e-01
1.025000e+00 1.370000e+00 8.918519e-01 9.466959e-01 1.020000e+00 1.375000e+00 8.928832e-01 9.499952e-01
1.025000e+00 1.370000e+00 8.918519e-01 9.466959e-01 1.035000e+00 1.370000e+00 8.926509e-01 9.495317e-01
1.035000e+00 1.370000e+00 8.926509e-01 9.495317e-01 1.045000e+00 1.370000e+00 8.936683e-01 9.525365e-01
1.050000e+00 1.365000e+00 8.927103e-01 9.496869e-01 1.045000e+00 1.370000e+00 8.936683e-01 9.525365e-01
6.900000e-01 1.375000e+00 8.851926e-01 9.934266e-01 6.950000e-01 1.380000e+00 8.843291e-01 9.950752e-01
6.950000e-01 1.380000e+00 8.843291e-01 9.950752e-01 7.050000e-01 1.380000e+00 8.866421e-01 9.908788e-01
7.050000e-01 1.380000e+00 8.866421e-01 9.908788e-01 7.150000e-01 1.380000e+00 8.887313e-01 9.867631e-01
7.150000e-01 1.380000e+00 8.887313e-01 9.867631e-01 7.200000e-01 1.385000e+00 8.876544e-01 9.887570e-01
9.950000e-01 1.380000e+00 8.927672e-01 9.488934e-01 9.900000e-01 1.385000e+00 8.936106e-01 9.527373e-01
9.950000e-01 1.380000e+00 8.927672e-01 9.488934e-01 1.005000e+00 1.380000e+00 8.931753e-01 9.510359e-01
1.005000e+00 1.380000e+00 8.931753e-01 9.510359e-01 1.015000e+00 1.380000e+00 8.937618e-01 9.533800e-01
1.020000e+00 1.375000e+00 8.928832e-01 9.499952e-01 1.015000e+00 1.380000e+00 8.937618e-01 9.533800e-01
7.200000e-01 1.385000e+00 8.876544e-01 9.887570e-01 7.250000e-01 1.390000e+00 8.867016e-01 9.908859e-01
7.250000e-01 1.390000e+00 8.867016e-01 9.908859e-01 7.350000e-01 1.390000e+00 8.884611e-01 9.871178e-01
7.350000e-01 1.390000e+00 8.884611e-01 9.871178e-01 7.450000e-01 1.390000e+00 8.900171e-01 9.834679e-01
7.450000e-01 1.390000e+00 8.900171e-01 9.834679e-01 7.550000e-01 1.390000e+00 8.913746e-01 9.799481e-01
7.550000e-01 1.390000e+00 8.913746e-01 9.799481e-01 7.600000e-01 1.395000e+00 8.902692e-01 9.826138e-01
9.550000e-01 1.390000e+00 8.937472e-01 9.524414e-01 9.500000e-01 1.395000e+00 8.942315e-01 9.569318e-01
9.550000e-01 1.390000e+00 8.937472e-01 9.524414e-01 9.650000e-01 1.390000e+00 8.938107e-01 9.536117e-01
9.650000e-01 1.390000e+00 8.938107e-01 9.536117e-01 9.750000e-01 1.390000e+00 8.939910e-01 9.550137e-01
9.750000e-01 1.390000e+00 8.939910e-01 9.550137e-01 9.850000e-01 1.390000e+00 8.943023e-01 9.566393e-01
9.900000e-01 1.385000e+00 8.936106e-01 9.527373e-01 9.850000e-01 1.390000e+00 8.943023e-01 9.566393e-01
7.600000e-01 1.395000e+00 8.902692e-01 9.826138e-01 7.650000e-01 1.400000e+00 8.893060e-01 9.853895e-01
7.650000e-01 1.400000e+00 8.893060e-01 9.853895e-01 7.750000e-01 1.400000e+00 8.904443e-01 9.823008e-01
7.750000e-01 1.400000e+00 8.904443e-01 9.823008e-01 7.850000e-01 1.400000e+00 8.914168e-01 9.793745e-01
7.850000e-01 1.400000e+00 8.914168e-01 9.793745e-01 7.950000e-01 1.400000e+00 8.922329e-01 9.766215e-01
7.950000e-01 1.400000e+00 8.922329e-01 9.766215e-01 8.050000e-01 1.400000e+00 8.929025e-01 9.740522e-01
8.050000e-01 1.400000e+00 8.929025e-01 9.740522e-01 8.150000e-01 1.400000e+00 8.934370e-01 9.716765e-01
8.150000e-01 1.400000e+00 8.934370e-01 9.716765e-01 8.250000e-01 1.400000e+00 8.938483e-01 9.695038e-01
8.250000e-01 1.400000e+00 8.938483e-01 9.695038e-01 8.350000e-01 1.400000e+00 8.941498e-01 9.675428e-01
8.350000e-01 1.400000e+00 8.941498e-01 9.675428e-01 8.450000e-01 1.400000e+00 8.943551e-01 9.658012e-01
8.450000e-01 1.400000e+00 8.943551e-01 9.658012e-01 8.550000e-01 1.400000e+00 8.944790e-01 9.642861e-01
8.550000e-01 1.400000e+00 8.944790e-01 9.642861e-01 8.650000e-01 1.400000e+00 8.945367e-01 9.630033e-01
8.650000e-01 1.400000e+00 8.945367e-01 9.630033e-01 8.750000e-01 1.400000e+00 8.945442e-01 9.619578e-01
8.750000e-01 1.400000e+00 8.945442e-01 9.619578e-01 8.850000e-01 1.400000e+00 8.945177e-01 9.611534e-01
8.850000e-01 1.400000e+00 8.945177e-01 9.611534e-01 8.950000e-01 1.400000e+00 8.944738e-01 9.605924e-01
8.950000e-01 1.400000e+00 8.944738e-01 9.605924e-01 9.050000e-01 1.400000e+00 8.944291e-01 9.602765e-01
9.050000e-01 1.400000e+00 8.944291e-01 9.602765e-01 9.150000e-01 1.400000e+00 8.944005e-01 9.602057e-01
9.150000e-01 1.400000e+00 8.944005e-01 9.602057e-01 9.250000e-01 1.400000e+00 8.944045e-01 9.603790e-01
9.250000e-01 1.400000e+00 8.944045e-01 9.603790e-01 9.350000e-01 1.400000e+00 8.944575e-01 9.607941e-01
9.350000e-01 1.400000e+00 8.944575e-01 9.607941e-01 9.450000e-01 1.400000e+00 8.945755e-01 9.614474e-01
9.500000e-01 1.395000e+00 8.942315e-01 9.569318e-01 9.450000e-01 1.400000e+00 8.945755e-01 9.614474e-01
9.128914e-01 9.899752e-01 4.922933e-01 9.703647e-01 9.128914e-01 9.899752e-01 4.933775e-01 9.392640e-01
9.128914e-01 9.899752e-01 4.933775e-01 9.392640e-01 9.128914e-01 9.899752e-01 4.965929e-01 9.086520e-01
9.128914e-01 9.899752e-01 4.965929e-01 9.086520e-01 9.128914e-01 9.899752e-01 5.018750e-01 8.786837e-01
9.128914e-01 9.899752e-01 5.018750e-01 8.786837e-01 9.128914e-01 9.899752e-01 5.091494e-01 8.494992e-01
9.128914e-01 9.899752e-01 5.091494e-01 8.494992e-01 9.128914e-01 9.899752e-01 5.183344e-01 8.212244e-01
9.128914e-01 9.899752e-01 5.183344e-01 8.212244e-01 9.128914e-01 9.899752e-01 5.293430e-01 7.939719e-01
9.128914e-01 9.899752e-01 5.293430e-01 7.939719e-01 9.128914e-01 9.899752e-01 5.420855e-01 7.678417e-01
9.128914e-01 9.899752e-01 5.420855e-01 7.678417e-01 9.128914e-01 9.899752e-01 5.564705e-01 7.429229e-01
9.128914e-01 9.899752e-01 5.564705e-01 7.429229e-01 9.128914e-01 9.899752e-01 5.724059e-01 7.192950e-01
9.128914e-01 9.899752e-01 5.724059e-01 7.192950e-01 9.128914e-01 9.899752e-01 5.898005e-01 6.970288e-01
9.128914e-01 9.899752e-01 5.898005e-01 6.970288e-01 9.128914e-01 9.899752e-01 6.085636e-01 6.761885e-01
9.128914e-01 9.899752e-01 6.085636e-01 6.761885e-01 9.128914e-01 9.899752e-01 6.286061e-01 6.568324e-01
9.128914e-01 9.899752e-01 6.286061e-01 6.568324e-01 9.128914e-01 9.899752e-01 6.498400e-01 6.390141e-01
9.128914e-01 9.899752e-01 6.498400e-01 6.390141e-01 9.128914e-01 9.899752e-01 6.721784e-01 6.227836e-01
9.128914e-01 9.899752e-01 6.721784e-01 6.227836e-01 9.128914e-01 9.899752e-01 6.955354e-01 6.081882e-01
9.128914e-01 9.899752e-01 6.955354e-01 6.081882e-01 9.128914e-01 9.899752e-01 7.198255e-01 5.952729e-01
9.128914e-01 9.899752e-01 7.198255e-01 5.952729e-01 9.128914e-01 9.899752e-01 7.449628e-01 5.840812e-01
9.128914e-01 9.899752e-01 7.449628e-01 5.840812e-01 9.128914e-01 9.899752e-01 7.708612e-01 5.746553e-01
9.128914e-01 9.899752e-01 7.708612e-01 5.746553e-01 9.128914e-01 9.899752e-01 7.974326e-01 5.670367e-01
9.128914e-01 9.899752e-01 7.974326e-01 5.670367e-01 9.128914e-01 9.899752e-01 8.245872e-01 5.612656e-01
9.128914e-01 9.899752e-01 8.245872e-01 5.612656e-01 9.128914e-01 9.899752e-01 8.522319e-01 5.573814e-01
9.128914e-01 9.899752e-01 8.522319e-01 5.573814e-01 9.128914e-01 9.899752e-01 8.802696e-01 5.554220e-01
9.128914e-01 9.899752e-01 8.802696e-01 5.554220e-01 9.128914e-01 9.899752e-01 9.085988e-01 5.554234e-01
9.128914e-01 9.899752e-01 9.085988e-01 5.554234e-01 9.128914e-01 9.899752e-01 9.371120e-01 5.574188e-01
9.128914e-01 9.899752e-01 9.371120e-01 5.574188e-01 9.128914e-01 9.899752e-01 9.656955e-01 5.614377e-01
9.128914e-01 9.899752e-01 9.656955e-01 5.614377e-01 9.128914e-01 9.899752e-01 9.942285e-01 5.675045e-01
9.128914e-01 9.899752e-01 9.942285e-01 5.675045e-01 9.128914e-01 9.899752e-01 1.022582e+00 5.756369e-01
9.128914e-01 9.899752e-01 1.022582e+00 5.756369e-01 9.128914e-01 9.899752e-01 1.050621e+00 5.858441e-01
9.128914e-01 9.899752e-01 1.050621e+00 5.858441e-01 9.128914e-01 9.899752e-01 1.078199e+00 5.981249e-01
9.128914e-01 9.899752e-01 1.078199e+00 5.981249e-01 9.128914e-01 9.899752e-01 1.105165e+00 6.124652e-01
9.128914e-01 9.899752e-01 1.105165e+00 6.124652e-01 9.128914e-01 9.899752e-01 1.131359e+00 6.288357e-01
9.128914e-01 9.899752e-01 1.131359e+00 6.288357e-01 9.128914e-01 9.899752e-01 1.156618e+00 6.471899e-01
9.128914e-01 9.899752e-01 1.156618e+00 6.471899e-01 9.128914e-01 9.899752e-01 1.180775e+00 6.674618e-01
9.128914e-01 9.899752e-01 1.180775e+00 6.674618e-01 9.128914e-01 9.899752e-01 1.203661e+00 6.895645e-01
9.128914e-01 9.899752e-01 1.203661e+00 6.895645e-01 9.128914e-01 9.899752e-01 1.225111e+00 7.133896e-01
9.128914e-01 9.899752e-01 1.225111e+00 7.133896e-01 9.128914e-01 9.899752e-01 1.244967e+00 7.388063e-01
9.128914e-01 9.899752e-01 1.244967e+00 7.388063e-01 9.128914e-01 9.899752e-01 1.263082e+00 7.656632e-01
9.128914e-01 9.899752e-01 1.263082e+00 7.656632e-01 9.128914e-01 9.899752e-01 1.279320e+00 7.937898e-01
9.128914e-01 9.899752e-01 1.279320e+00 7.937898e-01 9.128914e-01 9.899752e-01 1.293567e+00 8.229997e-01
9.128914e-01 9.899752e-01 1.293567e+00 8.229997e-01 9.128914e-01 9.899752e-01 1.305727e+00 8.530941e-01
9.128914e-01 9.899752e-01 1.305727e+00 8.530941e-01 9.128914e-01 9.899752e-01 1.315726e+00 8.838665e-01
9.128914e-01 9.899752e-01 1.315726e+00 8.838665e-01 9.128914e-01 9.899752e-01 1.323516e+00 9.151072e-01
9.128914e-01 9.899752e-01 1.323516e+00 9.151072e-01 9.128914e-01 9.899752e-01 1.329072e+00 9.466078e-01
9.128914e-01 9.899752e-01 1.329072e+00 9.466078e-01 9.128914e-01 9.899752e-01 1.332390e+00 9.781653e-01
9.128914e-01 9.899752e-01 1.332390e+00 9.781653e-01 9.128914e-01 9.899752e-01 1.333489e+00 1.009586e+00
9.128914e-01 9.899752e-01 1.333489e+00 1.009586e+00 9.128914e-01 9.899752e-01 1.332405e+00 1.040686e+00
9.128914e-01 9.899752e-01 1.332405e+00 1.040686e+00 9.128914e-01 9.899752e-01 1.329190e+00 1.071298e+00
9.128914e-01 9.899752e-01 1.329190e+00 1.071298e+00 9.128914e-01 9.899752e-01 1.323908e+00 1.101267e+00
9.128914e-01 9.899752e-01 1.323908e+00 1.101267e+00 9.128914e-01 9.899752e-01 1.316633e+00 1.130451e+00
9.128914e-01 9.899752e-01 1.316633e+00 1.130451e+00 9.128914e-01 9.899752e-01 1.307448e+00 1.158726e+00
9.128914e-01 9.899752e-01 1.307448e+00 1.158726e+00 9.128914e-01 9.899752e-01 1.296440e+00 1.185979e+00
9.128914e-01 9.899752e-01 1.296440e+00 1.185979e+00 9.128914e-01 9.899752e-01 1.283697e+00 1.212109e+00
9.128914e-01 9.899752e-01 1.283697e+00 1.212109e+00 9.128914e-01 9.899752e-01 1.269312e+00 1.237027e+00
9.128914e-01 9.899752e-01 1.269312e+00 1.237027e+00 9.128914e-01 9.899752e-01 1.253377e+00 1.260655e+00
9.128914e-01 9.899752e-01 1.253377e+00 1.260655e+00 9.128914e-01 9.899752e-01 1.235982e+00 1.282922e+00
9.128914e-01 9.899752e-01 1.235982e+00 1.282922e+00 9.128914e-01 9.899752e-01 1.217219e+00 1.303762e+00
9.128914e-01 9.899752e-01 1.217219e+00 1.303762e+00 9.128914e-01 9.899752e-01 1.197177e+00 1.323118e+00
9.128914e-01 9.899752e-01 1.197177e+00 1.323118e+00 9.128914e-01 9.899752e-01 1.175943e+00 1.340936e+00
9.128914e-01 9.899752e-01 1.175943e+00 1.340936e+00 9.128914e-01 9.899752e-01 1.153604e+00 1.357167e+00
9.128914e-01 9.899752e-01 1.153604e+00 1.357167e+00 9.128914e-01 9.899752e-01 1.130247e+00 1.371762e+00
9.128914e-01 9.899752e-01 1.130247e+00 1.371762e+00 9.128914e-01 9.899752e-01 1.105957e+00 1.384677e+00
9.128914e-01 9.899752e-01 1.105957e+00 1.384677e+00 9.128914e-01 9.899752e-01 1.080820e+00 1.395869e+00
9.128914e-01 9.899752e-01 1.080820e+00 1.395869e+00 9.128914e-01 9.899752e-01 1.054922e+00 1.405295e+00
9.128914e-01 9.899752e-01 1.054922e+00 1.405295e+00 9.128914e-01 9.899752e-01 1.028350e+00 1.412914e+00
9.128914e-01 9.899752e-01 1.028350e+00 1.412914e+00 9.128914e-01 9.899752e-01 1.001196e+00 1.418685e+00
9.128914e-01 9.899752e-01 1.001196e+00 1.418685e+00 9.128914e-01 9.899752e-01 9.735509e-01 1.422569e+00
9.128914e-01 9.899752e-01 9.735509e-01 1.422569e+00 9.128914e-01 9.899752e-01 9.455131e-01 1.424528e+00
9.128914e-01 9.899752e-01 9.455131e-01 1.424528e+00 9.128914e-01 9.899752e-01 9.171840e-01 1.424527e+00
9.128914e-01 9.899752e-01 9.171840e-01 1.424527e+00 9.128914e-01 9.899752e-01 8.886708e-01 1.422532e+00
9.128914e-01 9.899752e-01 8.886708e-01 1.422532e+00 9.128914e-01 9.899752e-01 8.600872e-01 1.418513e+00
9.128914e-01 9.899752e-01 8.600872e-01 1.418513e+00 9.128914e-01 9.899752e-01 8.315542e-01 1.412446e+00
9.128914e-01 9.899752e-01 8.315542e-01 1.412446e+00 9.128914e-01 9.899752e-01 8.032003e-01 1.404313e+00
9.128914e-01 9.899752e-01 8.032003e-01 1.404313e+00 9.128914e-01 9.899752e-01 7.751620e-01 1.394106e+00
9.128914e-01 9.899752e-01 7.751620e-01 1.394106e+00 9.128914e-01 9.899752e-01 7.475838e-01 1.381825e+00
9.128914e-01 9.899752e-01 7.475838e-01 1.381825e+00 9.128914e-01 9.899752e-01 7.206181e-01 1.367485e+00
9.128914e-01 9.899752e-01 7.206181e-01 1.367485e+00 9.128914e-01 9.899752e-01 6.944236e-01 1.351115e+00
9.128914e-01 9.899752e-01 6.944236e-01 1.351115e+00 9.128914e-01 9.899752e-01 6.691645e-01 1.332760e+00
9.128914e-01 9.899752e-01 6.691645e-01 1.332760e+00 9.128914e-01 9.899752e-01 6.450081e-01 1.312489e+00
9.128914e-01 9.899752e-01 6.450081e-01 1.312489e+00 9.128914e-01 9.899752e-01 6.221222e-01 1.290386e+00
9.128914e-01 9.899752e-01 6.221222e-01 1.290386e+00 9.128914e-01 9.899752e-01 6.006717e-01 1.266561e+00
9.128914e-01 9.899752e-01 6.006717e-01 1.266561e+00 9.128914e-01 9.899752e-01 5.808153e-01 1.241144e+00
9.128914e-01 9.899752e-01 5.808153e-01 1.241144e+00 9.128914e-01 9.899752e-01 5.627008e-01 1.214287e+00
9.128914e-01 9.899752e-01 5.627008e-01 1.214287e+00 9.128914e-01 9.899752e-01 5.464623e-01 1.186161e+00
9.128914e-01 9.899752e-01 5.464623e-01 1.186161e+00 9.128914e-01 9.899752e-01 5.322156e-01 1.156951e+00
9.128914e-01 9.899752e-01 5.322156e-01 1.156951e+00 9.128914e-01 9.899752e-01 5.200562e-01 1.126856e+00
9.128914e-01 9.899752e-01 5.200562e-01 1.126856e+00 9.128914e-01 9.899752e-01 5.100569e-01 1.096084e+00
9.128914e-01 9.899752e-01 5.100569e-01 1.096084e+00 9.128914e-01 9.899752e-01 5.022666e-01 1.064843e+00
9.128914e-01 9.899752e-01 5.022666e-01 1.064843e+00 9.128914e-01 9.899752e-01 4.967108e-01 1.033343e+00
9.128914e-01 9.899752e-01 4.967108e-01 1.033343e+00 9.128914e-01 9.899752e-01 4.933923e-01 1.001785e+00
9.128914e-01 9.899752e-01 4.933923e-01 1.001785e+00 9.128914e-01 9.899752e-01 4.922933e-01 9.703647e-01
