-2.017000e+00 -3.600000e-01 -1.957151e+00 4.563271e-01 -2.022000e+00 -3.550000e-01 -1.956890e+00 4.609918e-01
-2.017000e+00 -3.600000e-01 -1.957151e+00 4.563271e-01 -2.007000e+00 -3.600000e-01 -1.957070e+00 4.568296e-01
-2.007000e+00 -3.600000e-01 -1.957070e+00 4.568296e-01 -1.997000e+00 -3.600000e-01 -1.957013e+00 4.572034e-01
-1.997000e+00 -3.600000e-01 -1.957013e+00 4.572034e-01 -1.987000e+00 -3.600000e-01 -1.956974e+00 4.574479e-01
-1.987000e+00 -3.600000e-01 -1.956974e+00 4.574479e-01 -1.977000e+00 -3.600000e-01 -1.956950e+00 4.575625e-01
-1.977000e+00 -3.600000e-01 -1.956950e+00 4.575625e-01 -1.967000e+00 -3.600000e-01 -1.956934e+00 4.575467e-01
-1.967000e+00 -3.600000e-01 -1.956934e+00 4.575467e-01 -1.957000e+00 -3.600000e-01 -1.956923e+00 4.574007e-01
-1.957000e+00 -3.600000e-01 -1.956923e+00 4.574007e-01 -1.947000e+00 -3.600000e-01 -1.956911e+00 4.571242e-01
-1.947000e+00 -3.600000e-01 -1.956911e+00 4.571242e-01 -1.937000e+00 -3.600000e-01 -1.956895e+00 4.567175e-01
-1.937000e+00 -3.600000e-01 -1.956895e+00 4.567175e-01 -1.927000e+00 -3.600000e-01 -1.956868e+00 4.561809e-01
-1.927000e+00 -3.600000e-01 -1.956868e+00 4.561809e-01 -1.917000e+00 -3.600000e-01 -1.956827e+00 4.555153e-01
-1.917000e+00 -3.600000e-01 -1.956827e+00 4.555153e-01 -1.907000e+00 -3.600000e-01 -1.956766e+00 4.547210e-01
-1.907000e+00 -3.600000e-01 -1.956766e+00 4.547210e-01 -1.897000e+00 -3.600000e-01 -1.956681e+00 4.537993e-01
-1.897000e+00 -3.600000e-01 -1.956681e+00 4.537993e-01 -1.887000e+00 -3.600000e-01 -1.956567e+00 4.527512e-01
-1.887000e+00 -3.600000e-01 -1.956567e+00 4.527512e-01 -1.877000e+00 -3.600000e-01 -1.956421e+00 4.515779e-01
-1.877000e+00 -3.600000e-01 -1.956421e+00 4.515779e-01 -1.867000e+00 -3.600000e-01 -1.956236e+00 4.502809e-01
-1.867000e+00 -3.600000e-01 -1.956236e+00 4.502809e-01 -1.857000e+00 -3.600000e-01 -1.956010e+00 4.488620e-01
-1.857000e+00 -3.600000e-01 -1.956010e+00 4.488620e-01 -1.847000e+00 -3.600000e-01 -1.955737e+00 4.473227e-01
-1.847000e+00 -3.600000e-01 -1.955737e+00 4.473227e-01 -1.837000e+00 -3.600000e-01 -1.955414e+00 4.456651e-01
-1.837000e+00 -3.600000e-01 -1.955414e+00 4.456651e-01 -1.827000e+00 -3.600000e-01 -1.955036e+00 4.438913e-01
-1.827000e+00 -3.600000e-01 -1.955036e+00 4.438913e-01 -1.822000e+00 -3.550000e-01 -1.955761e+00 4.477608e-01
-2.087000e+00 -3.500000e-01 -1.957305e+00 4.590898e-01 -2.092000e+00 -3.450000e-01 -1.956699e+00 4.632086e-01
-2.087000e+00 -3.500000e-01 -1.957305e+00 4.590898e-01 -2.077000e+00 -3.500000e-01 -1.957054e+00 4.604931e-01
-2.077000e+00 -3.500000e-01 -1.957054e+00 4.604931e-01 -2.067000e+00 -3.500000e-01 -1.956860e+00 4.617747e-01
-2.067000e+00 -3.500000e-01 -1.956860e+00 4.617747e-01 -2.057000e+00 -3.500000e-01 -1.956718e+00 4.629326e-01
-2.057000e+00 -3.500000e-01 -1.956718e+00 4.629326e-01 -2.047000e+00 -3.500000e-01 -1.956623e+00 4.639651e-01
-2.047000e+00 -3.500000e-01 -1.956623e+00 4.639651e-01 -2.037000e+00 -3.500000e-01 -1.956571e+00 4.648705e-01
-2.037000e+00 -3.500000e-01 -1.956571e+00 4.648705e-01 -2.027000e+00 -3.500000e-01 -1.956557e+00 4.656472e-01
-2.022000e+00 -3.550000e-01 -1.956890e+00 4.609918e-01 -2.027000e+00 -3.500000e-01 -1.956557e+00 4.656472e-01
-1.822000e+00 -3.550000e-01 -1.955761e+00 4.477608e-01 -1.817000e+00 -3.500000e-01 -1.956568e+00 4.515992e-01
-1.817000e+00 -3.500000e-01 -1.956568e+00 4.515992e-01 -1.807000e+00 -3.500000e-01 -1.956181e+00 4.495492e-01
-1.807000e+00 -3.500000e-01 -1.956181e+00 4.495492e-01 -1.797000e+00 -3.500000e-01 -1.955725e+00 4.473876e-01
-1.797000e+00 -3.500000e-01 -1.955725e+00 4.473876e-01 -1.787000e+00 -3.500000e-01 -1.955197e+00 4.451170e-01
-1.787000e+00 -3.500000e-01 -1.955197e+00 4.451170e-01 -1.777000e+00 -3.500000e-01 -1.954594e+00 4.427403e-01
-1.777000e+00 -3.500000e-01 -1.954594e+00 4.427403e-01 -1.767000e+00 -3.500000e-01 -1.953912e+00 4.402603e-01
-1.767000e+00 -3.500000e-01 -1.953912e+00 4.402603e-01 -1.757000e+00 -3.500000e-01 -1.953147e+00 4.376800e-01
-1.757000e+00 -3.500000e-01 -1.953147e+00 4.376800e-01 -1.752000e+00 -3.450000e-01 -1.954061e+00 4.409493e-01
-2.137000e+00 -3.400000e-01 -1.957480e+00 4.598797e-01 -2.142000e+00 -3.350000e-01 -1.956693e+00 4.635699e-01
-2.137000e+00 -3.400000e-01 -1.957480e+00 4.598797e-01 -2.127000e+00 -3.400000e-01 -1.957000e+00 4.619063e-01
-2.127000e+00 -3.400000e-01 -1.957000e+00 4.619063e-01 -2.117000e+00 -3.400000e-01 -1.956598e+00 4.638209e-01
-2.117000e+00 -3.400000e-01 -1.956598e+00 4.638209e-01 -2.107000e+00 -3.400000e-01 -1.956270e+00 4.656207e-01
-2.107000e+00 -3.400000e-01 -1.956270e+00 4.656207e-01 -2.097000e+00 -3.400000e-01 -1.956013e+00 4.673030e-01
-2.092000e+00 -3.450000e-01 -1.956699e+00 4.632086e-01 -2.097000e+00 -3.400000e-01 -1.956013e+00 4.673030e-01
-1.752000e+00 -3.450000e-01 -1.954061e+00 4.409493e-01 -1.747000e+00 -3.400000e-01 -1.955055e+00 4.441716e-01
-1.747000e+00 -3.400000e-01 -1.955055e+00 4.441716e-01 -1.737000e+00 -3.400000e-01 -1.954211e+00 4.413338e-01
-1.737000e+00 -3.400000e-01 -1.954211e+00 4.413338e-01 -1.727000e+00 -3.400000e-01 -1.953272e+00 4.384036e-01
-1.727000e+00 -3.400000e-01 -1.953272e+00 4.384036e-01 -1.717000e+00 -3.400000e-01 -1.952238e+00 4.353845e-01
-1.717000e+00 -3.400000e-01 -1.952238e+00 4.353845e-01 -1.707000e+00 -3.400000e-01 -1.951104e+00 4.322797e-01
-1.707000e+00 -3.400000e-01 -1.951104e+00 4.322797e-01 -1.702000e+00 -3.350000e-01 -1.952080e+00 4.351069e-01
-2.167000e+00 -3.300000e-01 -1.956996e+00 4.625221e-01 -2.172000e+00 -3.250000e-01 -1.956107e+00 4.659309e-01
-2.167000e+00 -3.300000e-01 -1.956996e+00 4.625221e-01 -2.157000e+00 -3.300000e-01 -1.956365e+00 4.649255e-01
-2.157000e+00 -3.300000e-01 -1.956365e+00 4.649255e-01 -2.147000e+00 -3.300000e-01 -1.955824e+00 4.672237e-01
-2.142000e+00 -3.350000e-01 -1.956693e+00 4.635699e-01 -2.147000e+00 -3.300000e-01 -1.955824e+00 4.672237e-01
-1.702000e+00 -3.350000e-01 -1.952080e+00 4.351069e-01 -1.697000e+00 -3.300000e-01 -1.953133e+00 4.378762e-01
-1.697000e+00 -3.300000e-01 -1.953133e+00 4.378762e-01 -1.687000e+00 -3.300000e-01 -1.951873e+00 4.345367e-01
-1.687000e+00 -3.300000e-01 -1.951873e+00 4.345367e-01 -1.677000e+00 -3.300000e-01 -1.950504e+00 4.311213e-01
-1.677000e+00 -3.300000e-01 -1.950504e+00 4.311213e-01 -1.672000e+00 -3.250000e-01 -1.951509e+00 4.336638e-01
-2.207000e+00 -3.200000e-01 -1.957622e+00 4.610057e-01 -2.212000e+00 -3.150000e-01 -1.956669e+00 4.640474e-01
-2.207000e+00 -3.200000e-01 -1.957622e+00 4.610057e-01 -2.197000e+00 -3.200000e-01 -1.956688e+00 4.638632e-01
-2.197000e+00 -3.200000e-01 -1.956688e+00 4.638632e-01 -2.187000e+00 -3.200000e-01 -1.955860e+00 4.666277e-01
-2.187000e+00 -3.200000e-01 -1.955860e+00 4.666277e-01 -2.177000e+00 -3.200000e-01 -1.955135e+00 4.692954e-01
-2.172000e+00 -3.250000e-01 -1.956107e+00 4.659309e-01 -2.177000e+00 -3.200000e-01 -1.955135e+00 4.692954e-01
-1.672000e+00 -3.250000e-01 -1.951509e+00 4.336638e-01 -1.667000e+00 -3.200000e-01 -1.952587e+00 4.361416e-01
-1.667000e+00 -3.200000e-01 -1.952587e+00 4.361416e-01 -1.657000e+00 -3.200000e-01 -1.951064e+00 4.325075e-01
-1.657000e+00 -3.200000e-01 -1.951064e+00 4.325075e-01 -1.647000e+00 -3.200000e-01 -1.949425e+00 4.288081e-01
-1.647000e+00 -3.200000e-01 -1.949425e+00 4.288081e-01 -1.642000e+00 -3.150000e-01 -1.950427e+00 4.310697e-01
-2.237000e+00 -3.100000e-01 -1.957887e+00 4.607437e-01 -2.242000e+00 -3.050000e-01 -1.956904e+00 4.634973e-01
-2.237000e+00 -3.100000e-01 -1.957887e+00 4.607437e-01 -2.227000e+00 -3.100000e-01 -1.956704e+00 4.639310e-01
-2.227000e+00 -3.100000e-01 -1.956704e+00 4.639310e-01 -2.217000e+00 -3.100000e-01 -1.955637e+00 4.670354e-01
-2.212000e+00 -3.150000e-01 -1.956669e+00 4.640474e-01 -2.217000e+00 -3.100000e-01 -1.955637e+00 4.670354e-01
-1.642000e+00 -3.150000e-01 -1.950427e+00 4.310697e-01 -1.637000e+00 -3.100000e-01 -1.951499e+00 4.332607e-01
-1.637000e+00 -3.100000e-01 -1.951499e+00 4.332607e-01 -1.627000e+00 -3.100000e-01 -1.949680e+00 4.293618e-01
-1.627000e+00 -3.100000e-01 -1.949680e+00 4.293618e-01 -1.617000e+00 -3.100000e-01 -1.947738e+00 4.254087e-01
-1.617000e+00 -3.100000e-01 -1.947738e+00 4.254087e-01 -1.612000e+00 -3.050000e-01 -1.948707e+00 4.273972e-01
-2.257000e+00 -3.000000e-01 -1.957190e+00 4.627718e-01 -2.262000e+00 -2.950000e-01 -1.956180e+00 4.653130e-01
-2.257000e+00 -3.000000e-01 -1.957190e+00 4.627718e-01 -2.247000e+00 -3.000000e-01 -1.955845e+00 4.661899e-01
-2.242000e+00 -3.050000e-01 -1.956904e+00 4.634973e-01 -2.247000e+00 -3.000000e-01 -1.955845e+00 4.661899e-01
-1.612000e+00 -3.050000e-01 -1.948707e+00 4.273972e-01 -1.607000e+00 -3.000000e-01 -1.949741e+00 4.293098e-01
-1.607000e+00 -3.000000e-01 -1.949741e+00 4.293098e-01 -1.597000e+00 -3.000000e-01 -1.947597e+00 4.251788e-01
-1.597000e+00 -3.000000e-01 -1.947597e+00 4.251788e-01 -1.587000e+00 -3.000000e-01 -1.945326e+00 4.210053e-01
-1.587000e+00 -3.000000e-01 -1.945326e+00 4.210053e-01 -1.582000e+00 -2.950000e-01 -1.946233e+00 4.227320e-01
-2.277000e+00 -2.900000e-01 -1.956624e+00 4.641508e-01 -2.267000e+00 -2.900000e-01 -1.955095e+00 4.677879e-01
-2.262000e+00 -2.950000e-01 -1.956180e+00 4.653130e-01 -2.267000e+00 -2.900000e-01 -1.955095e+00 4.677879e-01
-1.582000e+00 -2.950000e-01 -1.946233e+00 4.227320e-01 -1.577000e+00 -2.900000e-01 -1.947199e+00 4.243785e-01
-1.577000e+00 -2.900000e-01 -1.947199e+00 4.243785e-01 -1.567000e+00 -2.900000e-01 -1.944706e+00 4.200504e-01
-1.567000e+00 -2.900000e-01 -1.944706e+00 4.200504e-01 -1.562000e+00 -2.850000e-01 -1.945574e+00 4.215833e-01
-1.562000e+00 -2.850000e-01 -1.945574e+00 4.215833e-01 -1.557000e+00 -2.800000e-01 -1.946497e+00 4.230327e-01
-1.557000e+00 -2.800000e-01 -1.946497e+00 4.230327e-01 -1.547000e+00 -2.800000e-01 -1.943770e+00 4.185669e-01
-1.547000e+00 -2.800000e-01 -1.943770e+00 4.185669e-01 -1.542000e+00 -2.750000e-01 -1.944584e+00 4.199117e-01
-1.542000e+00 -2.750000e-01 -1.944584e+00 4.199117e-01 -1.537000e+00 -2.700000e-01 -1.945449e+00 4.211706e-01
-1.537000e+00 -2.700000e-01 -1.945449e+00 4.211706e-01 -1.527000e+00 -2.700000e-01 -1.942475e+00 4.165843e-01
-1.527000e+00 -2.700000e-01 -1.942475e+00 4.165843e-01 -1.522000e+00 -2.650000e-01 -1.943222e+00 4.177482e-01
-1.522000e+00 -2.650000e-01 -1.943222e+00 4.177482e-01 -1.517000e+00 -2.600000e-01 -1.944014e+00 4.188239e-01
-1.517000e+00 -2.600000e-01 -1.944014e+00 4.188239e-01 -1.507000e+00 -2.600000e-01 -1.940784e+00 4.141354e-01
-1.507000e+00 -2.600000e-01 -1.940784e+00 4.141354e-01 -1.502000e+00 -2.550000e-01 -1.941449e+00 4.151266e-01
-1.502000e+00 -2.550000e-01 -1.941449e+00 4.151266e-01 -1.497000e+00 -2.500000e-01 -1.942154e+00 4.160281e-01
-1.497000e+00 -2.500000e-01 -1.942154e+00 4.160281e-01 -1.487000e+00 -2.500000e-01 -1.938660e+00 4.112558e-01
-1.487000e+00 -2.500000e-01 -1.938660e+00 4.112558e-01 -1.482000e+00 -2.450000e-01 -1.939232e+00 4.120835e-01
-1.482000e+00 -2.450000e-01 -1.939232e+00 4.120835e-01 -1.477000e+00 -2.400000e-01 -1.939837e+00 4.128206e-01
-1.477000e+00 -2.400000e-01 -1.939837e+00 4.128206e-01 -1.467000e+00 -2.400000e-01 -1.936072e+00 4.079831e-01
-1.467000e+00 -2.400000e-01 -1.936072e+00 4.079831e-01 -1.462000e+00 -2.350000e-01 -1.936538e+00 4.086574e-01
-1.462000e+00 -2.350000e-01 -1.936538e+00 4.086574e-01 -1.457000e+00 -2.300000e-01 -1.937032e+00 4.092409e-01
-1.457000e+00 -2.300000e-01 -1.937032e+00 4.092409e-01 -1.452000e+00 -2.250000e-01 -1.937454e+00 4.097974e-01
-1.452000e+00 -2.250000e-01 -1.937454e+00 4.097974e-01 -1.447000e+00 -2.200000e-01 -1.937901e+00 4.102620e-01
-1.447000e+00 -2.200000e-01 -1.937901e+00 4.102620e-01 -1.437000e+00 -2.200000e-01 -1.933713e+00 4.053299e-01
-1.437000e+00 -2.200000e-01 -1.933713e+00 4.053299e-01 -1.432000e+00 -2.150000e-01 -1.934010e+00 4.057501e-01
-1.432000e+00 -2.150000e-01 -1.934010e+00 4.057501e-01 -1.427000e+00 -2.100000e-01 -1.934326e+00 4.060788e-01
-1.427000e+00 -2.100000e-01 -1.934326e+00 4.060788e-01 -1.422000e+00 -2.050000e-01 -1.934566e+00 4.063899e-01
-1.422000e+00 -2.050000e-01 -1.934566e+00 4.063899e-01 -1.417000e+00 -2.000000e-01 -1.934821e+00 4.066093e-01
-1.417000e+00 -2.000000e-01 -1.934821e+00 4.066093e-01 -1.412000e+00 -1.950000e-01 -1.934998e+00 4.068149e-01
-1.412000e+00 -1.950000e-01 -1.934998e+00 4.068149e-01 -1.407000e+00 -1.900000e-01 -1.935187e+00 4.069285e-01
-1.407000e+00 -1.900000e-01 -1.935187e+00 4.069285e-01 -1.397000e+00 -1.900000e-01 -1.930404e+00 4.019280e-01
-1.397000e+00 -1.900000e-01 -1.930404e+00 4.019280e-01 -1.392000e+00 -1.850000e-01 -1.930434e+00 4.020232e-01
-1.392000e+00 -1.850000e-01 -1.930434e+00 4.020232e-01 -1.387000e+00 -1.800000e-01 -1.930469e+00 4.020284e-01
-1.387000e+00 -1.800000e-01 -1.930469e+00 4.020284e-01 -1.382000e+00 -1.750000e-01 -1.930424e+00 4.020291e-01
-1.382000e+00 -1.750000e-01 -1.930424e+00 4.020291e-01 -1.377000e+00 -1.700000e-01 -1.930382e+00 4.019403e-01
-1.377000e+00 -1.700000e-01 -1.930382e+00 4.019403e-01 -1.372000e+00 -1.650000e-01 -1.930258e+00 4.018507e-01
-1.372000e+00 -1.650000e-01 -1.930258e+00 4.018507e-01 -1.367000e+00 -1.600000e-01 -1.930133e+00 4.016723e-01
-1.367000e+00 -1.600000e-01 -1.930133e+00 4.016723e-01 -1.362000e+00 -1.550000e-01 -1.929925e+00 4.014969e-01
-1.362000e+00 -1.550000e-01 -1.929925e+00 4.014969e-01 -1.357000e+00 -1.500000e-01 -1.929713e+00 4.012336e-01
-1.357000e+00 -1.500000e-01 -1.929713e+00 4.012336e-01 -1.352000e+00 -1.450000e-01 -1.929417e+00 4.009770e-01
-1.352000e+00 -1.450000e-01 -1.929417e+00 4.009770e-01 -1.347000e+00 -1.400000e-01 -1.929113e+00 4.006339e-01
-1.347000e+00 -1.400000e-01 -1.929113e+00 4.006339e-01 -1.342000e+00 -1.350000e-01 -1.928726e+00 4.003011e-01
-1.342000e+00 -1.350000e-01 -1.928726e+00 4.003011e-01 -1.337000e+00 -1.300000e-01 -1.928327e+00 3.998831e-01
-1.337000e+00 -1.300000e-01 -1.928327e+00 3.998831e-01 -1.327000e+00 -1.300000e-01 -1.922440e+00 3.949624e-01
-1.327000e+00 -1.300000e-01 -1.922440e+00 3.949624e-01 -1.322000e+00 -1.250000e-01 -1.921875e+00 3.945739e-01
-1.322000e+00 -1.250000e-01 -1.921875e+00 3.945739e-01 -1.322000e+00 -1.150000e-01 -1.926763e+00 3.985222e-01
-1.322000e+00 -1.150000e-01 -1.926763e+00 3.985222e-01 -1.317000e+00 -1.100000e-01 -1.926161e+00 3.979709e-01
-1.317000e+00 -1.100000e-01 -1.926161e+00 3.979709e-01 -1.312000e+00 -1.050000e-01 -1.925477e+00 3.974408e-01
-1.312000e+00 -1.050000e-01 -1.925477e+00 3.974408e-01 -1.307000e+00 -1.000000e-01 -1.924769e+00 3.968312e-01
-1.307000e+00 -1.000000e-01 -1.924769e+00 3.968312e-01 -1.302000e+00 -9.500000e-02 -1.923979e+00 3.962462e-01
-1.302000e+00 -9.500000e-02 -1.923979e+00 3.962462e-01 -1.297000e+00 -9.000000e-02 -1.923163e+00 3.955840e-01
-1.297000e+00 -9.000000e-02 -1.923163e+00 3.955840e-01 -1.292000e+00 -8.500000e-02 -1.922265e+00 3.949497e-01
-1.292000e+00 -8.500000e-02 -1.922265e+00 3.949497e-01 -1.287000e+00 -8.000000e-02 -1.921338e+00 3.942408e-01
-1.287000e+00 -8.000000e-02 -1.921338e+00 3.942408e-01 -1.282000e+00 -7.500000e-02 -1.920330e+00 3.935629e-01
-1.282000e+00 -7.500000e-02 -1.920330e+00 3.935629e-01 -1.277000e+00 -7.000000e-02 -1.919290e+00 3.928130e-01
-1.277000e+00 -7.000000e-02 -1.919290e+00 3.928130e-01 -1.272000e+00 -6.500000e-02 -1.918170e+00 3.920973e-01
-1.272000e+00 -6.500000e-02 -1.918170e+00 3.920973e-01 -1.267000e+00 -6.000000e-02 -1.917014e+00 3.913124e-01
-1.267000e+00 -6.000000e-02 -1.917014e+00 3.913124e-01 -1.262000e+00 -5.500000e-02 -1.915780e+00 3.905646e-01
-1.262000e+00 -5.500000e-02 -1.915780e+00 3.905646e-01 -1.262000e+00 -4.500000e-02 -1.920323e+00 3.934789e-01
-1.262000e+00 -4.500000e-02 -1.920323e+00 3.934789e-01 -1.257000e+00 -4.000000e-02 -1.919009e+00 3.925995e-01
-1.257000e+00 -4.000000e-02 -1.919009e+00 3.925995e-01 -1.252000e+00 -3.500000e-02 -1.917619e+00 3.917622e-01
-1.252000e+00 -3.500000e-02 -1.917619e+00 3.917622e-01 -1.247000e+00 -3.000000e-02 -1.916186e+00 3.908627e-01
-1.247000e+00 -3.000000e-02 -1.916186e+00 3.908627e-01 -1.242000e+00 -2.500000e-02 -1.914677e+00 3.900078e-01
-1.242000e+00 -2.500000e-02 -1.914677e+00 3.900078e-01 -1.242000e+00 -1.500000e-02 -1.919030e+00 3.925340e-01
-1.242000e+00 -1.500000e-02 -1.919030e+00 3.925340e-01 -1.237000e+00 -1.000000e-02 -1.917428e+00 3.915628e-01
-1.237000e+00 -1.000000e-02 -1.917428e+00 3.915628e-01 -1.232000e+00 -5.000000e-03 -1.915751e+00 3.906407e-01
-1.232000e+00 -5.000000e-03 -1.915751e+00 3.906407e-01 -1.227000e+00 2.081668e-17 -1.914024e+00 3.896646e-01
-1.227000e+00 2.081668e-17 -1.914024e+00 3.896646e-01 -1.222000e+00 5.000000e-03 -1.912226e+00 3.887398e-01
-1.222000e+00 5.000000e-03 -1.912226e+00 3.887398e-01 -1.222000e+00 1.500000e-02 -1.916352e+00 3.909140e-01
-1.222000e+00 1.500000e-02 -1.916352e+00 3.909140e-01 -1.217000e+00 2.000000e-02 -1.914447e+00 3.898899e-01
-1.217000e+00 2.000000e-02 -1.914447e+00 3.898899e-01 -1.212000e+00 2.500000e-02 -1.912473e+00 3.889212e-01
-1.212000e+00 2.500000e-02 -1.912473e+00 3.889212e-01 -1.212000e+00 3.500000e-02 -1.916450e+00 3.908698e-01
-1.212000e+00 3.500000e-02 -1.916450e+00 3.908698e-01 -1.207000e+00 4.000000e-02 -1.914362e+00 3.898127e-01
-1.207000e+00 4.000000e-02 -1.914362e+00 3.898127e-01 -1.202000e+00 4.500000e-02 -1.912209e+00 3.888145e-01
-1.202000e+00 4.500000e-02 -1.912209e+00 3.888145e-01 -1.202000e+00 5.500000e-02 -1.916023e+00 3.905525e-01
-1.202000e+00 5.500000e-02 -1.916023e+00 3.905525e-01 -1.197000e+00 6.000000e-02 -1.913748e+00 3.894775e-01
-1.197000e+00 6.000000e-02 -1.913748e+00 3.894775e-01 -1.192000e+00 6.500000e-02 -1.911411e+00 3.884646e-01
-1.192000e+00 6.500000e-02 -1.911411e+00 3.884646e-01 -1.192000e+00 7.500000e-02 -1.915048e+00 3.900083e-01
-1.192000e+00 7.500000e-02 -1.915048e+00 3.900083e-01 -1.187000e+00 8.000000e-02 -1.912584e+00 3.889307e-01
-1.187000e+00 8.000000e-02 -1.912584e+00 3.889307e-01 -1.182000e+00 8.500000e-02 -1.910061e+00 3.879178e-01
-1.182000e+00 8.500000e-02 -1.910061e+00 3.879178e-01 -1.182000e+00 9.500000e-02 -1.913509e+00 3.892849e-01
-1.182000e+00 9.500000e-02 -1.913509e+00 3.892849e-01 -1.177000e+00 1.000000e-01 -1.910854e+00 3.882199e-01
-1.177000e+00 1.000000e-01 -1.910854e+00 3.882199e-01 -1.172000e+00 1.050000e-01 -1.908145e+00 3.872218e-01
-1.172000e+00 1.050000e-01 -1.908145e+00 3.872218e-01 -1.172000e+00 1.150000e-01 -1.911393e+00 3.884308e-01
-1.172000e+00 1.150000e-01 -1.911393e+00 3.884308e-01 -1.172000e+00 1.250000e-01 -1.914569e+00 3.895317e-01
-1.172000e+00 1.250000e-01 -1.914569e+00 3.895317e-01 -1.167000e+00 1.300000e-01 -1.911654e+00 3.884783e-01
-1.167000e+00 1.300000e-01 -1.911654e+00 3.884783e-01 -1.162000e+00 1.350000e-01 -1.908690e+00 3.874948e-01
-1.162000e+00 1.350000e-01 -1.908690e+00 3.874948e-01 -1.162000e+00 1.450000e-01 -1.911651e+00 3.884642e-01
-1.162000e+00 1.450000e-01 -1.911651e+00 3.884642e-01 -1.157000e+00 1.500000e-01 -1.908546e+00 3.874594e-01
-1.157000e+00 1.500000e-01 -1.908546e+00 3.874594e-01 -1.152000e+00 1.550000e-01 -1.905395e+00 3.865254e-01
-1.152000e+00 1.550000e-01 -1.905395e+00 3.865254e-01 -1.152000e+00 1.650000e-01 -1.908134e+00 3.873839e-01
-1.152000e+00 1.650000e-01 -1.908134e+00 3.873839e-01 -1.152000e+00 1.750000e-01 -1.910786e+00 3.881515e-01
-1.152000e+00 1.750000e-01 -1.910786e+00 3.881515e-01 -1.152000e+00 1.850000e-01 -1.913351e+00 3.888309e-01
-1.152000e+00 1.850000e-01 -1.913351e+00 3.888309e-01 -1.147000e+00 1.900000e-01 -1.909913e+00 3.878912e-01
-1.147000e+00 1.900000e-01 -1.909913e+00 3.878912e-01 -1.142000e+00 1.950000e-01 -1.906438e+00 3.870241e-01
-1.142000e+00 1.950000e-01 -1.906438e+00 3.870241e-01 -1.142000e+00 2.050000e-01 -1.908766e+00 3.876302e-01
-1.142000e+00 2.050000e-01 -1.908766e+00 3.876302e-01 -1.142000e+00 2.150000e-01 -1.910999e+00 3.881596e-01
-1.142000e+00 2.150000e-01 -1.910999e+00 3.881596e-01 -1.142000e+00 2.250000e-01 -1.913134e+00 3.886157e-01
-1.142000e+00 2.250000e-01 -1.913134e+00 3.886157e-01 -1.142000e+00 2.350000e-01 -1.915169e+00 3.890018e-01
-1.142000e+00 2.350000e-01 -1.915169e+00 3.890018e-01 -1.137000e+00 2.400000e-01 -1.911329e+00 3.881952e-01
-1.137000e+00 2.400000e-01 -1.911329e+00 3.881952e-01 -1.132000e+00 2.450000e-01 -1.907460e+00 3.874616e-01
-1.132000e+00 2.450000e-01 -1.907460e+00 3.874616e-01 -1.132000e+00 2.550000e-01 -1.909247e+00 3.878231e-01
-1.132000e+00 2.550000e-01 -1.909247e+00 3.878231e-01 -1.132000e+00 2.650000e-01 -1.910930e+00 3.881275e-01
-1.132000e+00 2.650000e-01 -1.910930e+00 3.881275e-01 -1.132000e+00 2.750000e-01 -1.912506e+00 3.883788e-01
-1.132000e+00 2.750000e-01 -1.912506e+00 3.883788e-01 -1.132000e+00 2.850000e-01 -1.913973e+00 3.885808e-01
-1.132000e+00 2.850000e-01 -1.913973e+00 3.885808e-01 -1.132000e+00 2.950000e-01 -1.915330e+00 3.887375e-01
-1.132000e+00 2.950000e-01 -1.915330e+00 3.887375e-01 -1.132000e+00 3.050000e-01 -1.916575e+00 3.888531e-01
-1.132000e+00 3.050000e-01 -1.916575e+00 3.888531e-01 -1.132000e+00 3.150000e-01 -1.917707e+00 3.889316e-01
-1.132000e+00 3.150000e-01 -1.917707e+00 3.889316e-01 -1.127000e+00 3.200000e-01 -1.913268e+00 3.884460e-01
-1.127000e+00 3.200000e-01 -1.913268e+00 3.884460e-01 -1.122000e+00 3.250000e-01 -1.908815e+00 3.880291e-01
-1.122000e+00 3.250000e-01 -1.908815e+00 3.880291e-01 -1.122000e+00 3.350000e-01 -1.909695e+00 3.881615e-01
-1.122000e+00 3.350000e-01 -1.909695e+00 3.881615e-01 -1.122000e+00 3.450000e-01 -1.910462e+00 3.882710e-01
-1.122000e+00 3.450000e-01 -1.910462e+00 3.882710e-01 -1.122000e+00 3.550000e-01 -1.911114e+00 3.883617e-01
-1.122000e+00 3.550000e-01 -1.911114e+00 3.883617e-01 -1.122000e+00 3.650000e-01 -1.911649e+00 3.884380e-01
-1.122000e+00 3.650000e-01 -1.911649e+00 3.884380e-01 -1.122000e+00 3.750000e-01 -1.912069e+00 3.885044e-01
-1.122000e+00 3.750000e-01 -1.912069e+00 3.885044e-01 -1.122000e+00 3.850000e-01 -1.912372e+00 3.885651e-01
-1.127000e+00 3.900000e-01 -1.917464e+00 3.886881e-01 -1.132000e+00 3.950000e-01 -1.922557e+00 3.887542e-01
-1.122000e+00 3.850000e-01 -1.912372e+00 3.885651e-01 -1.127000e+00 3.900000e-01 -1.917464e+00 3.886881e-01
-1.132000e+00 3.950000e-01 -1.922557e+00 3.887542e-01 -1.132000e+00 4.050000e-01 -1.922628e+00 3.886989e-01
-1.132000e+00 4.050000e-01 -1.922628e+00 3.886989e-01 -1.132000e+00 4.150000e-01 -1.922580e+00 3.886513e-01
-1.132000e+00 4.150000e-01 -1.922580e+00 3.886513e-01 -1.132000e+00 4.250000e-01 -1.922413e+00 3.886161e-01
-1.132000e+00 4.250000e-01 -1.922413e+00 3.886161e-01 -1.132000e+00 4.350000e-01 -1.922126e+00 3.885979e-01
-1.132000e+00 4.350000e-01 -1.922126e+00 3.885979e-01 -1.132000e+00 4.450000e-01 -1.921722e+00 3.886010e-01
-1.132000e+00 4.450000e-01 -1.921722e+00 3.886010e-01 -1.132000e+00 4.550000e-01 -1.921200e+00 3.886298e-01
-1.132000e+00 4.550000e-01 -1.921200e+00 3.886298e-01 -1.132000e+00 4.650000e-01 -1.920561e+00 3.886889e-01
-1.132000e+00 4.650000e-01 -1.920561e+00 3.886889e-01 -1.132000e+00 4.750000e-01 -1.919807e+00 3.887824e-01
-1.137000e+00 4.800000e-01 -1.924335e+00 3.884144e-01 -1.142000e+00 4.850000e-01 -1.928850e+00 3.879785e-01
-1.132000e+00 4.750000e-01 -1.919807e+00 3.887824e-01 -1.137000e+00 4.800000e-01 -1.924335e+00 3.884144e-01
-1.142000e+00 4.850000e-01 -1.928850e+00 3.879785e-01 -1.142000e+00 4.950000e-01 -1.927845e+00 3.880400e-01
-1.142000e+00 4.950000e-01 -1.927845e+00 3.880400e-01 -1.142000e+00 5.050000e-01 -1.926726e+00 3.881499e-01
-1.142000e+00 5.050000e-01 -1.926726e+00 3.881499e-01 -1.142000e+00 5.150000e-01 -1.925495e+00 3.883124e-01
-1.142000e+00 5.150000e-01 -1.925495e+00 3.883124e-01 -1.142000e+00 5.250000e-01 -1.924153e+00 3.885314e-01
-1.147000e+00 5.300000e-01 -1.928319e+00 3.879459e-01 -1.152000e+00 5.350000e-01 -1.932465e+00 3.872890e-01
-1.142000e+00 5.250000e-01 -1.924153e+00 3.885314e-01 -1.147000e+00 5.300000e-01 -1.928319e+00 3.879459e-01
-1.152000e+00 5.350000e-01 -1.932465e+00 3.872890e-01 -1.152000e+00 5.450000e-01 -1.930871e+00 3.875257e-01
-1.152000e+00 5.450000e-01 -1.930871e+00 3.875257e-01 -1.152000e+00 5.550000e-01 -1.929171e+00 3.878323e-01
-1.157000e+00 5.600000e-01 -1.933099e+00 3.871203e-01 -1.162000e+00 5.650000e-01 -1.937001e+00 3.863352e-01
-1.152000e+00 5.550000e-01 -1.929171e+00 3.878323e-01 -1.157000e+00 5.600000e-01 -1.933099e+00 3.871203e-01
-1.162000e+00 5.650000e-01 -1.937001e+00 3.863352e-01 -1.162000e+00 5.750000e-01 -1.935050e+00 3.866906e-01
-1.162000e+00 5.750000e-01 -1.935050e+00 3.866906e-01 -1.162000e+00 5.850000e-01 -1.932999e+00 3.871288e-01
-1.162000e+00 5.850000e-01 -1.932999e+00 3.871288e-01 -1.162000e+00 5.950000e-01 -1.930849e+00 3.876528e-01
-1.167000e+00 6.000000e-01 -1.934458e+00 3.868367e-01 -1.172000e+00 6.050000e-01 -1.938031e+00 3.859477e-01
-1.162000e+00 5.950000e-01 -1.930849e+00 3.876528e-01 -1.167000e+00 6.000000e-01 -1.934458e+00 3.868367e-01
-1.172000e+00 6.050000e-01 -1.938031e+00 3.859477e-01 -1.172000e+00 6.150000e-01 -1.935641e+00 3.865603e-01
-1.177000e+00 6.200000e-01 -1.939068e+00 3.856746e-01 -1.182000e+00 6.250000e-01 -1.942456e+00 3.847159e-01
-1.172000e+00 6.150000e-01 -1.935641e+00 3.865603e-01 -1.177000e+00 6.200000e-01 -1.939068e+00 3.856746e-01
-1.182000e+00 6.250000e-01 -1.942456e+00 3.847159e-01 -1.182000e+00 6.350000e-01 -1.939829e+00 3.854386e-01
-1.182000e+00 6.350000e-01 -1.939829e+00 3.854386e-01 -1.182000e+00 6.450000e-01 -1.937116e+00 3.862669e-01
-1.187000e+00 6.500000e-01 -1.940287e+00 3.853371e-01 -1.192000e+00 6.550000e-01 -1.943412e+00 3.843360e-01
-1.182000e+00 6.450000e-01 -1.937116e+00 3.862669e-01 -1.187000e+00 6.500000e-01 -1.940287e+00 3.853371e-01
-1.192000e+00 6.550000e-01 -1.943412e+00 3.843360e-01 -1.192000e+00 6.650000e-01 -1.940474e+00 3.853034e-01
-1.197000e+00 6.700000e-01 -1.943458e+00 3.843376e-01 -1.202000e+00 6.750000e-01 -1.946391e+00 3.833016e-01
-1.192000e+00 6.650000e-01 -1.940474e+00 3.853034e-01 -1.197000e+00 6.700000e-01 -1.943458e+00 3.843376e-01
-1.202000e+00 6.750000e-01 -1.946391e+00 3.833016e-01 -1.202000e+00 6.850000e-01 -1.943238e+00 3.844284e-01
-1.207000e+00 6.900000e-01 -1.946033e+00 3.834410e-01 -1.212000e+00 6.950000e-01 -1.948773e+00 3.823853e-01
-1.202000e+00 6.850000e-01 -1.943238e+00 3.844284e-01 -1.207000e+00 6.900000e-01 -1.946033e+00 3.834410e-01
-1.212000e+00 6.950000e-01 -1.948773e+00 3.823853e-01 -1.212000e+00 7.050000e-01 -1.945414e+00 3.836911e-01
-1.217000e+00 7.100000e-01 -1.948020e+00 3.826969e-01 -1.222000e+00 7.150000e-01 -1.950567e+00 3.816366e-01
-1.212000e+00 7.050000e-01 -1.945414e+00 3.836911e-01 -1.217000e+00 7.100000e-01 -1.948020e+00 3.826969e-01
-1.222000e+00 7.150000e-01 -1.950567e+00 3.816366e-01 -1.222000e+00 7.250000e-01 -1.947015e+00 3.831399e-01
-1.227000e+00 7.300000e-01 -1.949433e+00 3.821539e-01 -1.232000e+00 7.350000e-01 -1.951788e+00 3.811047e-01
-1.222000e+00 7.250000e-01 -1.947015e+00 3.831399e-01 -1.227000e+00 7.300000e-01 -1.949433e+00 3.821539e-01
-1.237000e+00 7.400000e-01 -1.954081e+00 3.800977e-01 -1.242000e+00 7.450000e-01 -1.956308e+00 3.790288e-01
-1.232000e+00 7.350000e-01 -1.951788e+00 3.811047e-01 -1.237000e+00 7.400000e-01 -1.954081e+00 3.800977e-01
-1.242000e+00 7.450000e-01 -1.956308e+00 3.790288e-01 -1.242000e+00 7.550000e-01 -1.952454e+00 3.808373e-01
-1.247000e+00 7.600000e-01 -1.954561e+00 3.798627e-01 -1.252000e+00 7.650000e-01 -1.956599e+00 3.788298e-01
-1.242000e+00 7.550000e-01 -1.952454e+00 3.808373e-01 -1.247000e+00 7.600000e-01 -1.954561e+00 3.798627e-01
-1.257000e+00 7.700000e-01 -1.958580e+00 3.778489e-01 -1.262000e+00 7.750000e-01 -1.960490e+00 3.768116e-01
-1.252000e+00 7.650000e-01 -1.956599e+00 3.788298e-01 -1.257000e+00 7.700000e-01 -1.958580e+00 3.778489e-01
-1.262000e+00 7.750000e-01 -1.960490e+00 3.768116e-01 -1.262000e+00 7.850000e-01 -1.956366e+00 3.789716e-01
-1.267000e+00 7.900000e-01 -1.958167e+00 3.780474e-01 -1.272000e+00 7.950000e-01 -1.959894e+00 3.770712e-01
-1.262000e+00 7.850000e-01 -1.956366e+00 3.789716e-01 -1.267000e+00 7.900000e-01 -1.958167e+00 3.780474e-01
-1.277000e+00 8.000000e-01 -1.961570e+00 3.761560e-01 -1.282000e+00 8.050000e-01 -1.963169e+00 3.751911e-01
-1.272000e+00 7.950000e-01 -1.959894e+00 3.770712e-01 -1.277000e+00 8.000000e-01 -1.961570e+00 3.761560e-01
-1.282000e+00 8.050000e-01 -1.963169e+00 3.751911e-01 -1.282000e+00 8.150000e-01 -1.958816e+00 3.777436e-01
-1.287000e+00 8.200000e-01 -1.960321e+00 3.769090e-01 -1.292000e+00 8.250000e-01 -1.961747e+00 3.760296e-01
-1.282000e+00 8.150000e-01 -1.958816e+00 3.777436e-01 -1.287000e+00 8.200000e-01 -1.960321e+00 3.769090e-01
-1.297000e+00 8.300000e-01 -1.963130e+00 3.752192e-01 -1.302000e+00 8.350000e-01 -1.964433e+00 3.743668e-01
-1.292000e+00 8.250000e-01 -1.961747e+00 3.760296e-01 -1.297000e+00 8.300000e-01 -1.963130e+00 3.752192e-01
-1.307000e+00 8.400000e-01 -1.965695e+00 3.735867e-01 -1.312000e+00 8.450000e-01 -1.966875e+00 3.727675e-01
-1.302000e+00 8.350000e-01 -1.964433e+00 3.743668e-01 -1.307000e+00 8.400000e-01 -1.965695e+00 3.735867e-01
-1.317000e+00 8.500000e-01 -1.968017e+00 3.720237e-01 -1.322000e+00 8.550000e-01 -1.969076e+00 3.712439e-01
-1.312000e+00 8.450000e-01 -1.966875e+00 3.727675e-01 -1.317000e+00 8.500000e-01 -1.968017e+00 3.720237e-01
-1.327000e+00 8.600000e-01 -1.970101e+00 3.705423e-01 -1.332000e+00 8.650000e-01 -1.971040e+00 3.698082e-01
-1.322000e+00 8.550000e-01 -1.969076e+00 3.712439e-01 -1.327000e+00 8.600000e-01 -1.970101e+00 3.705423e-01
-1.337000e+00 8.700000e-01 -1.971949e+00 3.691549e-01 -1.342000e+00 8.750000e-01 -1.972771e+00 3.684726e-01
-1.332000e+00 8.650000e-01 -1.971040e+00 3.698082e-01 -1.337000e+00 8.700000e-01 -1.971949e+00 3.691549e-01
-1.342000e+00 8.750000e-01 -1.972771e+00 3.684726e-01 -1.342000e+00 8.850000e-01 -1.967969e+00 3.720774e-01
-1.347000e+00 8.900000e-01 -1.968739e+00 3.715616e-01 -1.352000e+00 8.950000e-01 -1.969423e+00 3.710228e-01
-1.342000e+00 8.850000e-01 -1.967969e+00 3.720774e-01 -1.347000e+00 8.900000e-01 -1.968739e+00 3.715616e-01
-1.357000e+00 9.000000e-01 -1.970086e+00 3.705695e-01 -1.362000e+00 9.050000e-01 -1.970662e+00 3.700967e-01
-1.352000e+00 8.950000e-01 -1.969423e+00 3.710228e-01 -1.357000e+00 9.000000e-01 -1.970086e+00 3.705695e-01
-1.367000e+00 9.100000e-01 -1.971221e+00 3.697112e-01 -1.372000e+00 9.150000e-01 -1.971693e+00 3.693101e-01
-1.362000e+00 9.050000e-01 -1.970662e+00 3.700967e-01 -1.367000e+00 9.100000e-01 -1.971221e+00 3.697112e-01
-1.387000e+00 9.200000e-01 -1.977845e+00 3.640457e-01 -1.392000e+00 9.250000e-01 -1.978127e+00 3.637115e-01
-1.387000e+00 9.200000e-01 -1.977845e+00 3.640457e-01 -1.377000e+00 9.200000e-01 -1.972151e+00 3.689979e-01
-1.372000e+00 9.150000e-01 -1.971693e+00 3.693101e-01 -1.377000e+00 9.200000e-01 -1.972151e+00 3.689979e-01
-1.397000e+00 9.300000e-01 -1.978401e+00 3.634700e-01 -1.402000e+00 9.350000e-01 -1.978586e+00 3.632222e-01
-1.392000e+00 9.250000e-01 -1.978127e+00 3.637115e-01 -1.397000e+00 9.300000e-01 -1.978401e+00 3.634700e-01
-1.407000e+00 9.400000e-01 -1.978768e+00 3.630682e-01 -1.412000e+00 9.450000e-01 -1.978861e+00 3.629120e-01
-1.402000e+00 9.350000e-01 -1.978586e+00 3.632222e-01 -1.407000e+00 9.400000e-01 -1.978768e+00 3.630682e-01
-1.417000e+00 9.500000e-01 -1.978954e+00 3.628504e-01 -1.422000e+00 9.550000e-01 -1.978961e+00 3.627907e-01
-1.412000e+00 9.450000e-01 -1.978861e+00 3.629120e-01 -1.417000e+00 9.500000e-01 -1.978954e+00 3.628504e-01
-1.427000e+00 9.600000e-01 -1.978970e+00 3.628261e-01 -1.432000e+00 9.650000e-01 -1.978894e+00 3.628673e-01
-1.422000e+00 9.550000e-01 -1.978961e+00 3.627907e-01 -1.427000e+00 9.600000e-01 -1.978970e+00 3.628261e-01
-1.437000e+00 9.700000e-01 -1.978826e+00 3.630040e-01 -1.442000e+00 9.750000e-01 -1.978672e+00 3.631506e-01
-1.432000e+00 9.650000e-01 -1.978894e+00 3.628673e-01 -1.437000e+00 9.700000e-01 -1.978826e+00 3.630040e-01
-1.457000e+00 9.800000e-01 -1.983053e+00 3.584194e-01 -1.462000e+00 9.850000e-01 -1.982744e+00 3.586912e-01
-1.457000e+00 9.800000e-01 -1.983053e+00 3.584194e-01 -1.447000e+00 9.800000e-01 -1.978531e+00 3.633925e-01
-1.442000e+00 9.750000e-01 -1.978672e+00 3.631506e-01 -1.447000e+00 9.800000e-01 -1.978531e+00 3.633925e-01
-1.467000e+00 9.900000e-01 -1.982453e+00 3.590597e-01 -1.472000e+00 9.950000e-01 -1.982079e+00 3.594483e-01
-1.462000e+00 9.850000e-01 -1.982744e+00 3.586912e-01 -1.467000e+00 9.900000e-01 -1.982453e+00 3.590597e-01
-1.487000e+00 1.000000e+00 -1.985781e+00 3.550157e-01 -1.492000e+00 1.005000e+00 -1.985269e+00 3.555504e-01
-1.487000e+00 1.000000e+00 -1.985781e+00 3.550157e-01 -1.477000e+00 1.000000e+00 -1.981728e+00 3.599329e-01
-1.472000e+00 9.950000e-01 -1.982079e+00 3.594483e-01 -1.477000e+00 1.000000e+00 -1.981728e+00 3.599329e-01
-1.497000e+00 1.010000e+00 -1.984785e+00 3.561815e-01 -1.502000e+00 1.015000e+00 -1.984223e+00 3.568426e-01
-1.492000e+00 1.005000e+00 -1.985269e+00 3.555504e-01 -1.497000e+00 1.010000e+00 -1.984785e+00 3.561815e-01
-1.517000e+00 1.020000e+00 -1.987291e+00 3.527899e-01 -1.522000e+00 1.025000e+00 -1.986610e+00 3.536157e-01
-1.517000e+00 1.020000e+00 -1.987291e+00 3.527899e-01 -1.507000e+00 1.020000e+00 -1.983693e+00 3.575987e-01
-1.502000e+00 1.015000e+00 -1.984223e+00 3.568426e-01 -1.507000e+00 1.020000e+00 -1.983693e+00 3.575987e-01
-1.527000e+00 1.030000e+00 -1.985968e+00 3.545358e-01 -1.532000e+00 1.035000e+00 -1.985253e+00 3.554955e-01
-1.522000e+00 1.025000e+00 -1.986610e+00 3.536157e-01 -1.527000e+00 1.030000e+00 -1.985968e+00 3.545358e-01
-1.547000e+00 1.040000e+00 -1.987744e+00 3.518984e-01 -1.552000e+00 1.045000e+00 -1.986934e+00 3.530384e-01
-1.547000e+00 1.040000e+00 -1.987744e+00 3.518984e-01 -1.537000e+00 1.040000e+00 -1.984580e+00 3.565474e-01
-1.532000e+00 1.035000e+00 -1.985253e+00 3.554955e-01 -1.537000e+00 1.040000e+00 -1.984580e+00 3.565474e-01
-1.567000e+00 1.050000e+00 -1.989056e+00 3.497265e-01 -1.572000e+00 1.055000e+00 -1.988164e+00 3.510561e-01
-1.567000e+00 1.050000e+00 -1.989056e+00 3.497265e-01 -1.557000e+00 1.050000e+00 -1.986170e+00 3.542688e-01
-1.552000e+00 1.045000e+00 -1.986934e+00 3.530384e-01 -1.557000e+00 1.050000e+00 -1.986170e+00 3.542688e-01
-1.587000e+00 1.060000e+00 -1.989942e+00 3.480577e-01 -1.592000e+00 1.065000e+00 -1.988984e+00 3.495850e-01
-1.587000e+00 1.060000e+00 -1.989942e+00 3.480577e-01 -1.577000e+00 1.060000e+00 -1.987325e+00 3.524739e-01
-1.572000e+00 1.055000e+00 -1.988164e+00 3.510561e-01 -1.577000e+00 1.060000e+00 -1.987325e+00 3.524739e-01
-1.607000e+00 1.070000e+00 -1.990443e+00 3.469265e-01 -1.612000e+00 1.075000e+00 -1.989435e+00 3.486582e-01
-1.607000e+00 1.070000e+00 -1.990443e+00 3.469265e-01 -1.597000e+00 1.070000e+00 -1.988083e+00 3.511974e-01
-1.592000e+00 1.065000e+00 -1.988984e+00 3.495850e-01 -1.597000e+00 1.070000e+00 -1.988083e+00 3.511974e-01
-1.627000e+00 1.080000e+00 -1.990605e+00 3.463637e-01 -1.632000e+00 1.085000e+00 -1.989563e+00 3.483049e-01
-1.627000e+00 1.080000e+00 -1.990605e+00 3.463637e-01 -1.617000e+00 1.080000e+00 -1.988489e+00 3.504714e-01
-1.612000e+00 1.075000e+00 -1.989435e+00 3.486582e-01 -1.617000e+00 1.080000e+00 -1.988489e+00 3.504714e-01
-1.647000e+00 1.090000e+00 -1.990476e+00 3.463963e-01 -1.652000e+00 1.095000e+00 -1.989416e+00 3.485506e-01
-1.647000e+00 1.090000e+00 -1.990476e+00 3.463963e-01 -1.637000e+00 1.090000e+00 -1.988587e+00 3.503237e-01
-1.632000e+00 1.085000e+00 -1.989563e+00 3.483049e-01 -1.637000e+00 1.090000e+00 -1.988587e+00 3.503237e-01
-1.667000e+00 1.100000e+00 -1.990104e+00 3.470466e-01 -1.672000e+00 1.105000e+00 -1.989044e+00 3.494162e-01
-1.667000e+00 1.100000e+00 -1.990104e+00 3.470466e-01 -1.657000e+00 1.100000e+00 -1.988426e+00 3.507782e-01
-1.652000e+00 1.095000e+00 -1.989416e+00 3.485506e-01 -1.657000e+00 1.100000e+00 -1.988426e+00 3.507782e-01
-1.697000e+00 1.110000e+00 -1.990903e+00 3.448821e-01 -1.702000e+00 1.115000e+00 -1.989834e+00 3.475440e-01
-1.697000e+00 1.110000e+00 -1.990903e+00 3.448821e-01 -1.687000e+00 1.110000e+00 -1.989542e+00 3.483327e-01
-1.687000e+00 1.110000e+00 -1.989542e+00 3.483327e-01 -1.677000e+00 1.110000e+00 -1.988056e+00 3.518543e-01
-1.672000e+00 1.105000e+00 -1.989044e+00 3.494162e-01 -1.677000e+00 1.110000e+00 -1.988056e+00 3.518543e-01
-1.727000e+00 1.120000e+00 -1.991115e+00 3.439079e-01 -1.732000e+00 1.125000e+00 -1.990071e+00 3.468660e-01
-1.727000e+00 1.120000e+00 -1.991115e+00 3.439079e-01 -1.717000e+00 1.120000e+00 -1.990037e+00 3.470467e-01
-1.717000e+00 1.120000e+00 -1.990037e+00 3.470467e-01 -1.707000e+00 1.120000e+00 -1.988842e+00 3.502678e-01
-1.702000e+00 1.115000e+00 -1.989834e+00 3.475440e-01 -1.707000e+00 1.120000e+00 -1.988842e+00 3.502678e-01
-1.757000e+00 1.130000e+00 -1.990883e+00 3.441859e-01 -1.762000e+00 1.135000e+00 -1.989896e+00 3.474394e-01
-1.757000e+00 1.130000e+00 -1.990883e+00 3.441859e-01 -1.747000e+00 1.130000e+00 -1.990048e+00 3.469860e-01
-1.747000e+00 1.130000e+00 -1.990048e+00 3.469860e-01 -1.737000e+00 1.130000e+00 -1.989106e+00 3.498786e-01
-1.732000e+00 1.125000e+00 -1.990071e+00 3.468660e-01 -1.737000e+00 1.130000e+00 -1.989106e+00 3.498786e-01
-2.277000e+00 1.140000e+00 -1.996335e+00 3.818016e-01 -2.267000e+00 1.140000e+00 -1.994897e+00 3.783162e-01
-2.267000e+00 1.140000e+00 -1.994897e+00 3.783162e-01 -2.257000e+00 1.140000e+00 -1.993569e+00 3.749042e-01
-2.257000e+00 1.140000e+00 -1.993569e+00 3.749042e-01 -2.252000e+00 1.145000e+00 -1.994627e+00 3.776031e-01
-1.797000e+00 1.140000e+00 -1.990896e+00 3.434240e-01 -1.802000e+00 1.145000e+00 -1.990009e+00 3.470507e-01
-1.797000e+00 1.140000e+00 -1.990896e+00 3.434240e-01 -1.787000e+00 1.140000e+00 -1.990354e+00 3.457590e-01
-1.787000e+00 1.140000e+00 -1.990354e+00 3.457590e-01 -1.777000e+00 1.140000e+00 -1.989720e+00 3.481988e-01
-1.777000e+00 1.140000e+00 -1.989720e+00 3.481988e-01 -1.767000e+00 1.140000e+00 -1.988991e+00 3.507400e-01
-1.762000e+00 1.135000e+00 -1.989896e+00 3.474394e-01 -1.767000e+00 1.140000e+00 -1.988991e+00 3.507400e-01
-2.252000e+00 1.145000e+00 -1.994627e+00 3.776031e-01 -2.247000e+00 1.150000e+00 -1.995608e+00 3.803616e-01
-2.247000e+00 1.150000e+00 -1.995608e+00 3.803616e-01 -2.237000e+00 1.150000e+00 -1.994414e+00 3.771802e-01
-2.237000e+00 1.150000e+00 -1.994414e+00 3.771802e-01 -2.227000e+00 1.150000e+00 -1.993321e+00 3.740821e-01
-2.227000e+00 1.150000e+00 -1.993321e+00 3.740821e-01 -2.217000e+00 1.150000e+00 -1.992326e+00 3.710705e-01
-2.217000e+00 1.150000e+00 -1.992326e+00 3.710705e-01 -2.207000e+00 1.150000e+00 -1.991429e+00 3.681491e-01
-2.207000e+00 1.150000e+00 -1.991429e+00 3.681491e-01 -2.202000e+00 1.155000e+00 -1.992440e+00 3.713001e-01
-1.847000e+00 1.150000e+00 -1.990654e+00 3.431446e-01 -1.852000e+00 1.155000e+00 -1.989946e+00 3.472145e-01
-1.847000e+00 1.150000e+00 -1.990654e+00 3.431446e-01 -1.837000e+00 1.150000e+00 -1.990403e+00 3.448638e-01
-1.837000e+00 1.150000e+00 -1.990403e+00 3.448638e-01 -1.827000e+00 1.150000e+00 -1.990080e+00 3.467003e-01
-1.827000e+00 1.150000e+00 -1.990080e+00 3.467003e-01 -1.817000e+00 1.150000e+00 -1.989681e+00 3.486516e-01
-1.817000e+00 1.150000e+00 -1.989681e+00 3.486516e-01 -1.807000e+00 1.150000e+00 -1.989203e+00 3.507147e-01
-1.802000e+00 1.145000e+00 -1.990009e+00 3.470507e-01 -1.807000e+00 1.150000e+00 -1.989203e+00 3.507147e-01
-2.202000e+00 1.155000e+00 -1.992440e+00 3.713001e-01 -2.197000e+00 1.160000e+00 -1.993372e+00 3.745001e-01
-2.197000e+00 1.160000e+00 -1.993372e+00 3.745001e-01 -2.187000e+00 1.160000e+00 -1.992562e+00 3.718334e-01
-2.187000e+00 1.160000e+00 -1.992562e+00 3.718334e-01 -2.177000e+00 1.160000e+00 -1.991836e+00 3.692651e-01
-2.177000e+00 1.160000e+00 -1.991836e+00 3.692651e-01 -2.167000e+00 1.160000e+00 -1.991193e+00 3.667981e-01
-2.167000e+00 1.160000e+00 -1.991193e+00 3.667981e-01 -2.157000e+00 1.160000e+00 -1.990628e+00 3.644355e-01
-2.157000e+00 1.160000e+00 -1.990628e+00 3.644355e-01 -2.147000e+00 1.160000e+00 -1.990139e+00 3.621802e-01
-2.147000e+00 1.160000e+00 -1.990139e+00 3.621802e-01 -2.142000e+00 1.165000e+00 -1.991003e+00 3.658673e-01
-1.907000e+00 1.160000e+00 -1.989993e+00 3.453502e-01 -1.912000e+00 1.165000e+00 -1.989585e+00 3.499111e-01
-1.907000e+00 1.160000e+00 -1.989993e+00 3.453502e-01 -1.897000e+00 1.160000e+00 -1.989955e+00 3.462910e-01
-1.897000e+00 1.160000e+00 -1.989955e+00 3.462910e-01 -1.887000e+00 1.160000e+00 -1.989874e+00 3.473592e-01
-1.887000e+00 1.160000e+00 -1.989874e+00 3.473592e-01 -1.877000e+00 1.160000e+00 -1.989743e+00 3.485529e-01
-1.877000e+00 1.160000e+00 -1.989743e+00 3.485529e-01 -1.867000e+00 1.160000e+00 -1.989559e+00 3.498705e-01
-1.867000e+00 1.160000e+00 -1.989559e+00 3.498705e-01 -1.857000e+00 1.160000e+00 -1.989318e+00 3.513097e-01
-1.852000e+00 1.155000e+00 -1.989946e+00 3.472145e-01 -1.857000e+00 1.160000e+00 -1.989318e+00 3.513097e-01
-2.142000e+00 1.165000e+00 -1.991003e+00 3.658673e-01 -2.137000e+00 1.170000e+00 -1.991786e+00 3.695896e-01
-2.137000e+00 1.170000e+00 -1.991786e+00 3.695896e-01 -2.127000e+00 1.170000e+00 -1.991324e+00 3.676070e-01
-2.127000e+00 1.170000e+00 -1.991324e+00 3.676070e-01 -2.117000e+00 1.170000e+00 -1.990923e+00 3.657374e-01
-2.117000e+00 1.170000e+00 -1.990923e+00 3.657374e-01 -2.107000e+00 1.170000e+00 -1.990581e+00 3.639828e-01
-2.107000e+00 1.170000e+00 -1.990581e+00 3.639828e-01 -2.097000e+00 1.170000e+00 -1.990293e+00 3.623455e-01
-2.097000e+00 1.170000e+00 -1.990293e+00 3.623455e-01 -2.087000e+00 1.170000e+00 -1.990055e+00 3.608276e-01
-2.087000e+00 1.170000e+00 -1.990055e+00 3.608276e-01 -2.077000e+00 1.170000e+00 -1.989862e+00 3.594310e-01
-2.077000e+00 1.170000e+00 -1.989862e+00 3.594310e-01 -2.067000e+00 1.170000e+00 -1.989711e+00 3.581573e-01
-2.067000e+00 1.170000e+00 -1.989711e+00 3.581573e-01 -2.057000e+00 1.170000e+00 -1.989597e+00 3.570083e-01
-2.057000e+00 1.170000e+00 -1.989597e+00 3.570083e-01 -2.047000e+00 1.170000e+00 -1.989515e+00 3.559853e-01
-2.047000e+00 1.170000e+00 -1.989515e+00 3.559853e-01 -2.037000e+00 1.170000e+00 -1.989461e+00 3.550897e-01
-2.037000e+00 1.170000e+00 -1.989461e+00 3.550897e-01 -2.027000e+00 1.170000e+00 -1.989430e+00 3.543225e-01
-2.027000e+00 1.170000e+00 -1.989430e+00 3.543225e-01 -2.017000e+00 1.170000e+00 -1.989418e+00 3.536846e-01
-2.017000e+00 1.170000e+00 -1.989418e+00 3.536846e-01 -2.007000e+00 1.170000e+00 -1.989419e+00 3.531766e-01
-2.007000e+00 1.170000e+00 -1.989419e+00 3.531766e-01 -1.997000e+00 1.170000e+00 -1.989429e+00 3.527993e-01
-1.997000e+00 1.170000e+00 -1.989429e+00 3.527993e-01 -1.987000e+00 1.170000e+00 -1.989443e+00 3.525529e-01
-1.987000e+00 1.170000e+00 -1.989443e+00 3.525529e-01 -1.977000e+00 1.170000e+00 -1.989457e+00 3.524376e-01
-1.977000e+00 1.170000e+00 -1.989457e+00 3.524376e-01 -1.967000e+00 1.170000e+00 -1.989465e+00 3.524534e-01
-1.967000e+00 1.170000e+00 -1.989465e+00 3.524534e-01 -1.957000e+00 1.170000e+00 -1.989462e+00 3.525999e-01
-1.957000e+00 1.170000e+00 -1.989462e+00 3.525999e-01 -1.947000e+00 1.170000e+00 -1.989444e+00 3.528769e-01
-1.947000e+00 1.170000e+00 -1.989444e+00 3.528769e-01 -1.937000e+00 1.170000e+00 -1.989407e+00 3.532838e-01
-1.937000e+00 1.170000e+00 -1.989407e+00 3.532838e-01 -1.927000e+00 1.170000e+00 -1.989344e+00 3.538197e-01
-1.927000e+00 1.170000e+00 -1.989344e+00 3.538197e-01 -1.917000e+00 1.170000e+00 -1.989253e+00 3.544837e-01
-1.912000e+00 1.165000e+00 -1.989585e+00 3.499111e-01 -1.917000e+00 1.170000e+00 -1.989253e+00 3.544837e-01
-1.973202e+00 4.059635e-01 -2.758831e+00 3.886939e-01 -1.973202e+00 4.059635e-01 -2.756790e+00 3.302156e-01
-1.973202e+00 4.059635e-01 -2.756790e+00 3.302156e-01 -1.973202e+00 4.059635e-01 -2.750712e+00 2.723598e-01
-1.973202e+00 4.059635e-01 -2.750712e+00 2.723598e-01 -1.973202e+00 4.059635e-01 -2.740679e+00 2.154488e-01
-1.973202e+00 4.059635e-01 -2.740679e+00 2.154488e-01 -1.973202e+00 4.059635e-01 -2.726803e+00 1.597855e-01
-1.973202e+00 4.059635e-01 -2.726803e+00 1.597855e-01 -1.973202e+00 4.059635e-01 -2.709217e+00 1.056509e-01
-1.973202e+00 4.059635e-01 -2.709217e+00 1.056509e-01 -1.973202e+00 4.059635e-01 -2.688070e+00 5.330357e-02
-1.973202e+00 4.059635e-01 -2.688070e+00 5.330357e-02 -1.973202e+00 4.059635e-01 -2.663528e+00 2.978813e-03
-1.973202e+00 4.059635e-01 -2.663528e+00 2.978813e-03 -1.973202e+00 4.059635e-01 -2.635766e+00 -4.511063e-02
-1.973202e+00 4.059635e-01 -2.635766e+00 -4.511063e-02 -1.973202e+00 4.059635e-01 -2.604969e+00 -9.077368e-02
-1.973202e+00 4.059635e-01 -2.604969e+00 -9.077368e-02 -1.973202e+00 4.059635e-01 -2.571326e+00 -1.338395e-01
-1.973202e+00 4.059635e-01 -2.571326e+00 -1.338395e-01 -1.973202e+00 4.059635e-01 -2.535028e+00 -1.741559e-01
-1.973202e+00 4.059635e-01 -2.535028e+00 -1.741559e-01 -1.973202e+00 4.059635e-01 -2.496269e+00 -2.115874e-01
-1.973202e+00 4.059635e-01 -2.496269e+00 -2.115874e-01 -1.973202e+00 4.059635e-01 -2.455245e+00 -2.460135e-01
-1.973202e+00 4.059635e-01 -2.455245e+00 -2.460135e-01 -1.973202e+00 4.059635e-01 -2.412148e+00 -2.773271e-01
-1.973202e+00 4.059635e-01 -2.412148e+00 -2.773271e-01 -1.973202e+00 4.059635e-01 -2.367172e+00 -3.054323e-01
-1.973202e+00 4.059635e-01 -2.367172e+00 -3.054323e-01 -1.973202e+00 4.059635e-01 -2.320511e+00 -3.302437e-01
-1.973202e+00 4.059635e-01 -2.320511e+00 -3.302437e-01 -1.973202e+00 4.059635e-01 -2.272356e+00 -3.516843e-01
-1.973202e+00 4.059635e-01 -2.272356e+00 -3.516843e-01 -1.973202e+00 4.059635e-01 -2.222900e+00 -3.696852e-01
-1.973202e+00 4.059635e-01 -2.222900e+00 -3.696852e-01 -1.973202e+00 4.059635e-01 -2.172336e+00 -3.841842e-01
-1.973202e+00 4.059635e-01 -2.172336e+00 -3.841842e-01 -1.973202e+00 4.059635e-01 -2.120857e+00 -3.951260e-01
-1.973202e+00 4.059635e-01 -2.120857e+00 -3.951260e-01 -1.973202e+00 4.059635e-01 -2.068662e+00 -4.024610e-01
-1.973202e+00 4.059635e-01 -2.068662e+00 -4.024610e-01 -1.973202e+00 4.059635e-01 -2.015948e+00 -4.061461e-01
-1.973202e+00 4.059635e-01 -2.015948e+00 -4.061461e-01 -1.973202e+00 4.059635e-01 -1.962920e+00 -4.061449e-01
-1.973202e+00 4.059635e-01 -1.962920e+00 -4.061449e-01 -1.973202e+00 4.059635e-01 -1.909788e+00 -4.024280e-01
-1.973202e+00 4.059635e-01 -1.909788e+00 -4.024280e-01 -1.973202e+00 4.059635e-01 -1.856764e+00 -3.949742e-01
-1.973202e+00 4.059635e-01 -1.856764e+00 -3.949742e-01 -1.973202e+00 4.059635e-01 -1.804071e+00 -3.837719e-01
-1.973202e+00 4.059635e-01 -1.804071e+00 -3.837719e-01 -1.973202e+00 4.059635e-01 -1.751937e+00 -3.688203e-01
-1.973202e+00 4.059635e-01 -1.751937e+00 -3.688203e-01 -1.973202e+00 4.059635e-01 -1.700597e+00 -3.501317e-01
-1.973202e+00 4.059635e-01 -1.700597e+00 -3.501317e-01 -1.973202e+00 4.059635e-01 -1.650296e+00 -3.277333e-01
-1.973202e+00 4.059635e-01 -1.650296e+00 -3.277333e-01 -1.973202e+00 4.059635e-01 -1.601283e+00 -3.016699e-01
-1.973202e+00 4.059635e-01 -1.601283e+00 -3.016699e-01 -1.973202e+00 4.059635e-01 -1.553816e+00 -2.720058e-01
-1.973202e+00 4.059635e-01 -1.553816e+00 -2.720058e-01 -1.973202e+00 4.059635e-01 -1.508156e+00 -2.388282e-01
-1.973202e+00 4.059635e-01 -1.508156e+00 -2.388282e-01 -1.973202e+00 4.059635e-01 -1.464566e+00 -2.022491e-01
-1.973202e+00 4.059635e-01 -1.464566e+00 -2.022491e-01 -1.973202e+00 4.059635e-01 -1.423313e+00 -1.624073e-01
-1.973202e+00 4.059635e-01 -1.423313e+00 -1.624073e-01 -1.973202e+00 4.059635e-01 -1.384656e+00 -1.194709e-01
-1.973202e+00 4.059635e-01 -1.384656e+00 -1.194709e-01 -1.973202e+00 4.059635e-01 -1.348849e+00 -7.363758e-02
-1.973202e+00 4.059635e-01 -1.348849e+00 -7.363758e-02 -1.973202e+00 4.059635e-01 -1.316136e+00 -2.513529e-02
-1.973202e+00 4.059635e-01 -1.316136e+00 -2.513529e-02 -1.973202e+00 4.059635e-01 -1.286743e+00 2.577854e-02
-1.973202e+00 4.059635e-01 -1.286743e+00 2.577854e-02 -1.973202e+00 4.059635e-01 -1.260875e+00 7.881892e-02
-1.973202e+00 4.059635e-01 -1.260875e+00 7.881892e-02 -1.973202e+00 4.059635e-01 -1.238712e+00 1.336762e-01
-1.973202e+00 4.059635e-01 -1.238712e+00 1.336762e-01 -1.973202e+00 4.059635e-01 -1.220405e+00 1.900203e-01
-1.973202e+00 4.059635e-01 -1.220405e+00 1.900203e-01 -1.973202e+00 4.059635e-01 -1.206072e+00 2.475054e-01
-1.973202e+00 4.059635e-01 -1.206072e+00 2.475054e-01 -1.973202e+00 4.059635e-01 -1.195797e+00 3.057756e-01
-1.973202e+00 4.059635e-01 -1.195797e+00 3.057756e-01 -1.973202e+00 4.059635e-01 -1.189626e+00 3.644709e-01
-1.973202e+00 4.059635e-01 -1.189626e+00 3.644709e-01 -1.973202e+00 4.059635e-01 -1.187573e+00 4.232331e-01
-1.973202e+00 4.059635e-01 -1.187573e+00 4.232331e-01 -1.973202e+00 4.059635e-01 -1.189613e+00 4.817114e-01
-1.973202e+00 4.059635e-01 -1.189613e+00 4.817114e-01 -1.973202e+00 4.059635e-01 -1.195692e+00 5.395672e-01
-1.973202e+00 4.059635e-01 -1.195692e+00 5.395672e-01 -1.973202e+00 4.059635e-01 -1.205724e+00 5.964781e-01
-1.973202e+00 4.059635e-01 -1.205724e+00 5.964781e-01 -1.973202e+00 4.059635e-01 -1.219600e+00 6.521415e-01
-1.973202e+00 4.059635e-01 -1.219600e+00 6.521415e-01 -1.973202e+00 4.059635e-01 -1.237187e+00 7.062761e-01
-1.973202e+00 4.059635e-01 -1.237187e+00 7.062761e-01 -1.973202e+00 4.059635e-01 -1.258334e+00 7.586234e-01
-1.973202e+00 4.059635e-01 -1.258334e+00 7.586234e-01 -1.973202e+00 4.059635e-01 -1.282876e+00 8.089482e-01
-1.973202e+00 4.059635e-01 -1.282876e+00 8.089482e-01 -1.973202e+00 4.059635e-01 -1.310637e+00 8.570376e-01
-1.973202e+00 4.059635e-01 -1.310637e+00 8.570376e-01 -1.973202e+00 4.059635e-01 -1.341434e+00 9.027006e-01
-1.973202e+00 4.059635e-01 -1.341434e+00 9.027006e-01 -1.973202e+00 4.059635e-01 -1.375078e+00 9.457665e-01
-1.973202e+00 4.059635e-01 -1.375078e+00 9.457665e-01 -1.973202e+00 4.059635e-01 -1.411376e+00 9.860829e-01
-1.973202e+00 4.059635e-01 -1.411376e+00 9.860829e-01 -1.973202e+00 4.059635e-01 -1.450134e+00 1.023514e+00
-1.973202e+00 4.059635e-01 -1.450134e+00 1.023514e+00 -1.973202e+00 4.059635e-01 -1.491159e+00 1.057940e+00
-1.973202e+00 4.059635e-01 -1.491159e+00 1.057940e+00 -1.973202e+00 4.059635e-01 -1.534256e+00 1.089254e+00
-1.973202e+00 4.059635e-01 -1.534256e+00 1.089254e+00 -1.973202e+00 4.059635e-01 -1.579231e+00 1.117359e+00
-1.973202e+00 4.059635e-01 -1.579231e+00 1.117359e+00 -1.973202e+00 4.059635e-01 -1.625893e+00 1.142171e+00
-1.973202e+00 4.059635e-01 -1.625893e+00 1.142171e+00 -1.973202e+00 4.059635e-01 -1.674047e+00 1.163611e+00
-1.973202e+00 4.059635e-01 -1.674047e+00 1.163611e+00 -1.973202e+00 4.059635e-01 -1.723503e+00 1.181612e+00
-1.973202e+00 4.059635e-01 -1.723503e+00 1.181612e+00 -1.973202e+00 4.059635e-01 -1.774068e+00 1.196111e+00
-1.973202e+00 4.059635e-01 -1.774068e+00 1.196111e+00 -1.973202e+00 4.059635e-01 -1.825546e+00 1.207053e+00
-1.973202e+00 4.059635e-01 -1.825546e+00 1.207053e+00 -1.973202e+00 4.059635e-01 -1.877742e+00 1.214388e+00
-1.973202e+00 4.059635e-01 -1.877742e+00 1.214388e+00 -1.973202e+00 4.059635e-01 -1.930455e+00 1.218073e+00
-1.973202e+00 4.059635e-01 -1.930455e+00 1.218073e+00 -1.973202e+00 4.059635e-01 -1.983483e+00 1.218072e+00
-1.973202e+00 4.059635e-01 -1.983483e+00 1.218072e+00 -1.973202e+00 4.059635e-01 -2.036616e+00 1.214355e+00
-1.973202e+00 4.059635e-01 -2.036616e+00 1.214355e+00 -1.973202e+00 4.059635e-01 -2.089640e+00 1.206901e+00
-1.973202e+00 4.059635e-01 -2.089640e+00 1.206901e+00 -1.973202e+00 4.059635e-01 -2.142333e+00 1.195699e+00
-1.973202e+00 4.059635e-01 -2.142333e+00 1.195699e+00 -1.973202e+00 4.059635e-01 -2.194467e+00 1.180747e+00
-1.973202e+00 4.059635e-01 -2.194467e+00 1.180747e+00 -1.973202e+00 4.059635e-01 -2.245806e+00 1.162059e+00
-1.973202e+00 4.059635e-01 -2.245806e+00 1.162059e+00 -1.973202e+00 4.059635e-01 -2.296108e+00 1.139660e+00
-1.973202e+00 4.059635e-01 -2.296108e+00 1.139660e+00 -1.973202e+00 4.059635e-01 -2.345120e+00 1.113597e+00
-1.973202e+00 4.059635e-01 -2.345120e+00 1.113597e+00 -1.973202e+00 4.059635e-01 -2.392588e+00 1.083933e+00
-1.973202e+00 4.059635e-01 -2.392588e+00 1.083933e+00 -1.973202e+00 4.059635e-01 -2.438248e+00 1.050755e+00
-1.973202e+00 4.059635e-01 -2.438248e+00 1.050755e+00 -1.973202e+00 4.059635e-01 -2.481837e+00 1.014176e+00
-1.973202e+00 4.059635e-01 -2.481837e+00 1.014176e+00 -1.973202e+00 4.059635e-01 -2.523091e+00 9.743343e-01
-1.973202e+00 4.059635e-01 -2.523091e+00 9.743343e-01 -1.973202e+00 4.059635e-01 -2.561748e+00 9.313979e-01
-1.973202e+00 4.059635e-01 -2.561748e+00 9.313979e-01 -1.973202e+00 4.059635e-01 -2.597554e+00 8.855646e-01
-1.973202e+00 4.059635e-01 -2.597554e+00 8.855646e-01 -1.973202e+00 4.059635e-01 -2.630267e+00 8.370623e-01
-1.973202e+00 4.059635e-01 -2.630267e+00 8.370623e-01 -1.973202e+00 4.059635e-01 -2.659660e+00 7.861484e-01
-1.973202e+00 4.059635e-01 -2.659660e+00 7.861484e-01 -1.973202e+00 4.059635e-01 -2.685529e+00 7.331081e-01
-1.973202e+00 4.059635e-01 -2.685529e+00 7.331081e-01 -1.973202e+00 4.059635e-01 -2.707692e+00 6.782507e-01
-1.973202e+00 4.059635e-01 -2.707692e+00 6.782507e-01 -1.973202e+00 4.059635e-01 -2.725999e+00 6.219067e-01
-1.973202e+00 4.059635e-01 -2.725999e+00 6.219067e-01 -1.973202e+00 4.059635e-01 -2.740332e+00 5.644216e-01
-1.973202e+00 4.059635e-01 -2.740332e+00 5.644216e-01 -1.973202e+00 4.059635e-01 -2.750607e+00 5.061514e-01
-1.973202e+00 4.059635e-01 -2.750607e+00 5.061514e-01 -1.973202e+00 4.059635e-01 -2.756777e+00 4.474561e-01
-1.973202e+00 4.059635e-01 -2.756777e+00 4.474561e-01 -1.973202e+00 4.059635e-01 -2.758831e+00 3.886939e-01
