1.702000e-01 -7.840000e-01 7.099297e-01 6.460808e-01 1.652000e-01 -7.790000e-01 7.109450e-01 6.483343e-01
1.702000e-01 -7.840000e-01 7.099297e-01 6.460808e-01 1.802000e-01 -7.840000e-01 7.116386e-01 6.498303e-01
1.802000e-01 -7.840000e-01 7.116386e-01 6.498303e-01 1.902000e-01 -7.840000e-01 7.133161e-01 6.535577e-01
1.902000e-01 -7.840000e-01 7.133161e-01 6.535577e-01 2.002000e-01 -7.840000e-01 7.149630e-01 6.572627e-01
2.002000e-01 -7.840000e-01 7.149630e-01 6.572627e-01 2.102000e-01 -7.840000e-01 7.165796e-01 6.609446e-01
2.102000e-01 -7.840000e-01 7.165796e-01 6.609446e-01 2.202000e-01 -7.840000e-01 7.181665e-01 6.646029e-01
2.202000e-01 -7.840000e-01 7.181665e-01 6.646029e-01 2.302000e-01 -7.840000e-01 7.197242e-01 6.682374e-01
2.302000e-01 -7.840000e-01 7.197242e-01 6.682374e-01 2.402000e-01 -7.840000e-01 7.212531e-01 6.718473e-01
2.402000e-01 -7.840000e-01 7.212531e-01 6.718473e-01 2.502000e-01 -7.840000e-01 7.227539e-01 6.754321e-01
2.502000e-01 -7.840000e-01 7.227539e-01 6.754321e-01 2.602000e-01 -7.840000e-01 7.242270e-01 6.789917e-01
2.602000e-01 -7.840000e-01 7.242270e-01 6.789917e-01 2.702000e-01 -7.840000e-01 7.256731e-01 6.825253e-01
2.702000e-01 -7.840000e-01 7.256731e-01 6.825253e-01 2.802000e-01 -7.840000e-01 7.270926e-01 6.860325e-01
2.802000e-01 -7.840000e-01 7.270926e-01 6.860325e-01 2.902000e-01 -7.840000e-01 7.284861e-01 6.895129e-01
2.902000e-01 -7.840000e-01 7.284861e-01 6.895129e-01 3.002000e-01 -7.840000e-01 7.298543e-01 6.929661e-01
3.002000e-01 -7.840000e-01 7.298543e-01 6.929661e-01 3.102000e-01 -7.840000e-01 7.311976e-01 6.963916e-01
3.102000e-01 -7.840000e-01 7.311976e-01 6.963916e-01 3.202000e-01 -7.840000e-01 7.325167e-01 6.997890e-01
3.202000e-01 -7.840000e-01 7.325167e-01 6.997890e-01 3.302000e-01 -7.840000e-01 7.338122e-01 7.031577e-01
3.302000e-01 -7.840000e-01 7.338122e-01 7.031577e-01 3.402000e-01 -7.840000e-01 7.350846e-01 7.064974e-01
3.402000e-01 -7.840000e-01 7.350846e-01 7.064974e-01 3.502000e-01 -7.840000e-01 7.363346e-01 7.098076e-01
3.502000e-01 -7.840000e-01 7.363346e-01 7.098076e-01 3.602000e-01 -7.840000e-01 7.375627e-01 7.130880e-01
3.602000e-01 -7.840000e-01 7.375627e-01 7.130880e-01 3.702000e-01 -7.840000e-01 7.387696e-01 7.163380e-01
3.702000e-01 -7.840000e-01 7.387696e-01 7.163380e-01 3.802000e-01 -7.840000e-01 7.399560e-01 7.195573e-01
3.802000e-01 -7.840000e-01 7.399560e-01 7.195573e-01 3.902000e-01 -7.840000e-01 7.411223e-01 7.227456e-01
3.902000e-01 -7.840000e-01 7.411223e-01 7.227456e-01 3.952000e-01 -7.790000e-01 7.432742e-01 7.287610e-01
1.102000e-01 -7.740000e-01 7.028893e-01 6.312724e-01 1.052000e-01 -7.690000e-01 7.038865e-01 6.333651e-01
1.102000e-01 -7.740000e-01 7.028893e-01 6.312724e-01 1.202000e-01 -7.740000e-01 7.047762e-01 6.351699e-01
1.202000e-01 -7.740000e-01 7.047762e-01 6.351699e-01 1.302000e-01 -7.740000e-01 7.066288e-01 6.390485e-01
1.302000e-01 -7.740000e-01 7.066288e-01 6.390485e-01 1.402000e-01 -7.740000e-01 7.084473e-01 6.429075e-01
1.402000e-01 -7.740000e-01 7.084473e-01 6.429075e-01 1.502000e-01 -7.740000e-01 7.102322e-01 6.467466e-01
1.502000e-01 -7.740000e-01 7.102322e-01 6.467466e-01 1.602000e-01 -7.740000e-01 7.119840e-01 6.505650e-01
1.652000e-01 -7.790000e-01 7.109450e-01 6.483343e-01 1.602000e-01 -7.740000e-01 7.119840e-01 6.505650e-01
3.952000e-01 -7.790000e-01 7.432742e-01 7.287610e-01 4.002000e-01 -7.740000e-01 7.454227e-01 7.347821e-01
4.002000e-01 -7.740000e-01 7.454227e-01 7.347821e-01 4.102000e-01 -7.740000e-01 7.465189e-01 7.379320e-01
4.102000e-01 -7.740000e-01 7.465189e-01 7.379320e-01 4.202000e-01 -7.740000e-01 7.475966e-01 7.410495e-01
4.202000e-01 -7.740000e-01 7.475966e-01 7.410495e-01 4.302000e-01 -7.740000e-01 7.486566e-01 7.441339e-01
4.302000e-01 -7.740000e-01 7.486566e-01 7.441339e-01 4.402000e-01 -7.740000e-01 7.496995e-01 7.471853e-01
4.402000e-01 -7.740000e-01 7.496995e-01 7.471853e-01 4.502000e-01 -7.740000e-01 7.507259e-01 7.502029e-01
4.502000e-01 -7.740000e-01 7.507259e-01 7.502029e-01 4.552000e-01 -7.690000e-01 7.527231e-01 7.561997e-01
8.020000e-02 -7.640000e-01 7.009910e-01 6.274964e-01 7.520000e-02 -7.590000e-01 7.019823e-01 6.295005e-01
8.020000e-02 -7.640000e-01 7.009910e-01 6.274964e-01 9.020000e-02 -7.640000e-01 7.029664e-01 6.314741e-01
9.020000e-02 -7.640000e-01 7.029664e-01 6.314741e-01 1.002000e-01 -7.640000e-01 7.049057e-01 6.354342e-01
1.052000e-01 -7.690000e-01 7.038865e-01 6.333651e-01 1.002000e-01 -7.640000e-01 7.049057e-01 6.354342e-01
4.552000e-01 -7.690000e-01 7.527231e-01 7.561997e-01 4.602000e-01 -7.640000e-01 7.547154e-01 7.622023e-01
4.602000e-01 -7.640000e-01 7.547154e-01 7.622023e-01 4.702000e-01 -7.640000e-01 7.556763e-01 7.651761e-01
4.702000e-01 -7.640000e-01 7.556763e-01 7.651761e-01 4.802000e-01 -7.640000e-01 7.566224e-01 7.681150e-01
4.802000e-01 -7.640000e-01 7.566224e-01 7.681150e-01 4.902000e-01 -7.640000e-01 7.575544e-01 7.710187e-01
4.902000e-01 -7.640000e-01 7.575544e-01 7.710187e-01 5.002000e-01 -7.640000e-01 7.584730e-01 7.738870e-01
5.002000e-01 -7.640000e-01 7.584730e-01 7.738870e-01 5.052000e-01 -7.590000e-01 7.603421e-01 7.798620e-01
4.020000e-02 -7.540000e-01 6.967830e-01 6.193232e-01 3.520000e-02 -7.490000e-01 6.977507e-01 6.212207e-01
4.020000e-02 -7.540000e-01 6.967830e-01 6.193232e-01 5.020000e-02 -7.540000e-01 6.988915e-01 6.233911e-01
5.020000e-02 -7.540000e-01 6.988915e-01 6.233911e-01 6.020000e-02 -7.540000e-01 7.009621e-01 6.274436e-01
6.020000e-02 -7.540000e-01 7.009621e-01 6.274436e-01 7.020000e-02 -7.540000e-01 7.029949e-01 6.314804e-01
7.520000e-02 -7.590000e-01 7.019823e-01 6.295005e-01 7.020000e-02 -7.540000e-01 7.029949e-01 6.314804e-01
5.052000e-01 -7.590000e-01 7.603421e-01 7.798620e-01 5.102000e-01 -7.540000e-01 7.622050e-01 7.858433e-01
5.102000e-01 -7.540000e-01 7.622050e-01 7.858433e-01 5.202000e-01 -7.540000e-01 7.630623e-01 7.886631e-01
5.202000e-01 -7.540000e-01 7.630623e-01 7.886631e-01 5.302000e-01 -7.540000e-01 7.639080e-01 7.914462e-01
5.302000e-01 -7.540000e-01 7.639080e-01 7.914462e-01 5.402000e-01 -7.540000e-01 7.647427e-01 7.941920e-01
5.402000e-01 -7.540000e-01 7.647427e-01 7.941920e-01 5.452000e-01 -7.490000e-01 7.665092e-01 8.001465e-01
2.020000e-02 -7.440000e-01 6.965666e-01 6.189713e-01 1.520000e-02 -7.390000e-01 6.975288e-01 6.208051e-01
2.020000e-02 -7.440000e-01 6.965666e-01 6.189713e-01 3.020000e-02 -7.440000e-01 6.987386e-01 6.230938e-01
3.520000e-02 -7.490000e-01 6.977507e-01 6.212207e-01 3.020000e-02 -7.440000e-01 6.987386e-01 6.230938e-01
5.452000e-01 -7.490000e-01 7.665092e-01 8.001465e-01 5.502000e-01 -7.440000e-01 7.682684e-01 8.061075e-01
5.502000e-01 -7.440000e-01 7.682684e-01 8.061075e-01 5.602000e-01 -7.440000e-01 7.690454e-01 8.088011e-01
5.602000e-01 -7.440000e-01 7.690454e-01 8.088011e-01 5.702000e-01 -7.440000e-01 7.698132e-01 8.114569e-01
5.702000e-01 -7.440000e-01 7.698132e-01 8.114569e-01 5.752000e-01 -7.390000e-01 7.715015e-01 8.173948e-01
-9.800000e-03 -7.340000e-01 6.939925e-01 6.142533e-01 -1.480000e-02 -7.290000e-01 6.949316e-01 6.160060e-01
-9.800000e-03 -7.340000e-01 6.939925e-01 6.142533e-01 2.000000e-04 -7.340000e-01 6.962717e-01 6.184401e-01
2.000000e-04 -7.340000e-01 6.962717e-01 6.184401e-01 1.020000e-02 -7.340000e-01 6.985104e-01 6.226146e-01
1.520000e-02 -7.390000e-01 6.975288e-01 6.208051e-01 1.020000e-02 -7.340000e-01 6.985104e-01 6.226146e-01
5.752000e-01 -7.390000e-01 7.715015e-01 8.173948e-01 5.802000e-01 -7.340000e-01 7.731817e-01 8.233392e-01
5.802000e-01 -7.340000e-01 7.731817e-01 8.233392e-01 5.902000e-01 -7.340000e-01 7.738944e-01 8.259400e-01
5.902000e-01 -7.340000e-01 7.738944e-01 8.259400e-01 6.002000e-01 -7.340000e-01 7.745998e-01 8.285014e-01
6.002000e-01 -7.340000e-01 7.745998e-01 8.285014e-01 6.102000e-01 -7.340000e-01 7.752987e-01 8.310234e-01
6.102000e-01 -7.340000e-01 7.752987e-01 8.310234e-01 6.152000e-01 -7.290000e-01 7.768863e-01 8.369335e-01
-2.980000e-02 -7.240000e-01 6.935387e-01 6.134991e-01 -3.480000e-02 -7.190000e-01 6.944653e-01 6.151913e-01
-2.980000e-02 -7.240000e-01 6.935387e-01 6.134991e-01 -1.980000e-02 -7.240000e-01 6.958892e-01 6.177343e-01
-1.480000e-02 -7.290000e-01 6.949316e-01 6.160060e-01 -1.980000e-02 -7.240000e-01 6.958892e-01 6.177343e-01
6.152000e-01 -7.290000e-01 7.768863e-01 8.369335e-01 6.202000e-01 -7.240000e-01 7.784648e-01 8.428502e-01
6.202000e-01 -7.240000e-01 7.784648e-01 8.428502e-01 6.302000e-01 -7.240000e-01 7.791125e-01 8.453138e-01
6.302000e-01 -7.240000e-01 7.791125e-01 8.453138e-01 6.402000e-01 -7.240000e-01 7.797556e-01 8.477368e-01
6.402000e-01 -7.240000e-01 7.797556e-01 8.477368e-01 6.452000e-01 -7.190000e-01 7.812664e-01 8.536249e-01
-4.980000e-02 -7.140000e-01 6.929848e-01 6.125783e-01 -5.480000e-02 -7.090000e-01 6.938960e-01 6.142113e-01
-4.980000e-02 -7.140000e-01 6.929848e-01 6.125783e-01 -3.980000e-02 -7.140000e-01 6.954096e-01 6.168589e-01
-3.480000e-02 -7.190000e-01 6.944653e-01 6.151913e-01 -3.980000e-02 -7.140000e-01 6.954096e-01 6.168589e-01
6.452000e-01 -7.190000e-01 7.812664e-01 8.536249e-01 6.502000e-01 -7.140000e-01 7.827672e-01 8.595195e-01
6.502000e-01 -7.140000e-01 7.827672e-01 8.595195e-01 6.602000e-01 -7.140000e-01 7.833621e-01 8.618815e-01
6.602000e-01 -7.140000e-01 7.833621e-01 8.618815e-01 6.652000e-01 -7.090000e-01 7.848185e-01 8.677556e-01
-5.980000e-02 -7.040000e-01 6.948240e-01 6.158196e-01 -6.480000e-02 -6.990000e-01 6.957346e-01 6.174113e-01
-5.480000e-02 -7.090000e-01 6.938960e-01 6.142113e-01 -5.980000e-02 -7.040000e-01 6.948240e-01 6.158196e-01
6.652000e-01 -7.090000e-01 7.848185e-01 8.677556e-01 6.702000e-01 -7.040000e-01 7.862644e-01 8.736362e-01
6.702000e-01 -7.040000e-01 7.862644e-01 8.736362e-01 6.802000e-01 -7.040000e-01 7.868128e-01 8.759356e-01
6.802000e-01 -7.040000e-01 7.868128e-01 8.759356e-01 6.902000e-01 -7.040000e-01 7.873598e-01 8.781927e-01
6.902000e-01 -7.040000e-01 7.873598e-01 8.781927e-01 6.952000e-01 -6.990000e-01 7.887404e-01 8.840406e-01
-7.980000e-02 -6.940000e-01 6.941235e-01 6.146218e-01 -8.480000e-02 -6.890000e-01 6.950140e-01 6.161564e-01
-7.980000e-02 -6.940000e-01 6.941235e-01 6.146218e-01 -6.980000e-02 -6.940000e-01 6.966617e-01 6.189779e-01
-6.480000e-02 -6.990000e-01 6.957346e-01 6.174113e-01 -6.980000e-02 -6.940000e-01 6.966617e-01 6.189779e-01
6.952000e-01 -6.990000e-01 7.887404e-01 8.840406e-01 7.002000e-01 -6.940000e-01 7.901096e-01 8.898950e-01
7.002000e-01 -6.940000e-01 7.901096e-01 8.898950e-01 7.102000e-01 -6.940000e-01 7.906134e-01 8.920868e-01
7.102000e-01 -6.940000e-01 7.906134e-01 8.920868e-01 7.152000e-01 -6.890000e-01 7.919399e-01 8.979179e-01
-9.980000e-02 -6.840000e-01 6.932994e-01 6.132713e-01 -1.048000e-01 -6.790000e-01 6.941669e-01 6.147503e-01
-9.980000e-02 -6.840000e-01 6.932994e-01 6.132713e-01 -8.980000e-02 -6.840000e-01 6.959201e-01 6.176659e-01
-8.480000e-02 -6.890000e-01 6.950140e-01 6.161564e-01 -8.980000e-02 -6.840000e-01 6.959201e-01 6.176659e-01
7.152000e-01 -6.890000e-01 7.919399e-01 8.979179e-01 7.202000e-01 -6.840000e-01 7.932545e-01 9.037557e-01
7.202000e-01 -6.840000e-01 7.932545e-01 9.037557e-01 7.302000e-01 -6.840000e-01 7.937169e-01 9.058802e-01
7.302000e-01 -6.840000e-01 7.937169e-01 9.058802e-01 7.402000e-01 -6.840000e-01 7.941814e-01 9.079609e-01
7.402000e-01 -6.840000e-01 7.941814e-01 9.079609e-01 7.452000e-01 -6.790000e-01 7.954334e-01 9.137618e-01
-1.098000e-01 -6.740000e-01 6.950492e-01 6.162043e-01 -1.148000e-01 -6.690000e-01 6.959113e-01 6.176437e-01
-1.048000e-01 -6.790000e-01 6.941669e-01 6.147503e-01 -1.098000e-01 -6.740000e-01 6.950492e-01 6.162043e-01
7.452000e-01 -6.790000e-01 7.954334e-01 9.137618e-01 7.502000e-01 -6.740000e-01 7.966727e-01 9.195690e-01
7.502000e-01 -6.740000e-01 7.966727e-01 9.195690e-01 7.602000e-01 -6.740000e-01 7.970992e-01 9.215801e-01
7.602000e-01 -6.740000e-01 7.970992e-01 9.215801e-01 7.652000e-01 -6.690000e-01 7.982978e-01 9.273614e-01
-1.198000e-01 -6.640000e-01 6.967878e-01 6.190580e-01 -1.248000e-01 -6.590000e-01 6.976435e-01 6.204582e-01
-1.148000e-01 -6.690000e-01 6.959113e-01 6.176437e-01 -1.198000e-01 -6.640000e-01 6.967878e-01 6.190580e-01
7.652000e-01 -6.690000e-01 7.982978e-01 9.273614e-01 7.702000e-01 -6.640000e-01 7.994831e-01 9.331489e-01
7.702000e-01 -6.640000e-01 7.994831e-01 9.331489e-01 7.802000e-01 -6.640000e-01 7.998738e-01 9.350887e-01
7.802000e-01 -6.640000e-01 7.998738e-01 9.350887e-01 7.852000e-01 -6.590000e-01 8.010192e-01 9.408490e-01
-1.398000e-01 -6.540000e-01 6.957231e-01 6.173470e-01 -1.448000e-01 -6.490000e-01 6.965495e-01 6.186950e-01
-1.398000e-01 -6.540000e-01 6.957231e-01 6.173470e-01 -1.298000e-01 -6.540000e-01 6.985131e-01 6.218331e-01
-1.248000e-01 -6.590000e-01 6.976435e-01 6.204582e-01 -1.298000e-01 -6.540000e-01 6.985131e-01 6.218331e-01
7.852000e-01 -6.590000e-01 8.010192e-01 9.408490e-01 7.902000e-01 -6.540000e-01 8.021507e-01 9.466157e-01
7.902000e-01 -6.540000e-01 8.021507e-01 9.466157e-01 8.002000e-01 -6.540000e-01 8.025077e-01 9.484823e-01
8.002000e-01 -6.540000e-01 8.025077e-01 9.484823e-01 8.052000e-01 -6.490000e-01 8.036001e-01 9.542207e-01
-1.498000e-01 -6.440000e-01 6.973888e-01 6.200178e-01 -1.548000e-01 -6.390000e-01 6.982058e-01 6.213279e-01
-1.448000e-01 -6.490000e-01 6.965495e-01 6.186950e-01 -1.498000e-01 -6.440000e-01 6.973888e-01 6.200178e-01
8.052000e-01 -6.490000e-01 8.036001e-01 9.542207e-01 8.102000e-01 -6.440000e-01 8.046780e-01 9.599653e-01
8.102000e-01 -6.440000e-01 8.046780e-01 9.599653e-01 8.202000e-01 -6.440000e-01 8.050036e-01 9.617571e-01
8.202000e-01 -6.440000e-01 8.050036e-01 9.617571e-01 8.252000e-01 -6.390000e-01 8.060433e-01 9.674723e-01
-1.598000e-01 -6.340000e-01 6.990352e-01 6.226128e-01 -1.648000e-01 -6.290000e-01 6.998417e-01 6.238855e-01
-1.548000e-01 -6.390000e-01 6.982058e-01 6.213279e-01 -1.598000e-01 -6.340000e-01 6.990352e-01 6.226128e-01
8.252000e-01 -6.390000e-01 8.060433e-01 9.674723e-01 8.302000e-01 -6.340000e-01 8.070681e-01 9.731935e-01
8.302000e-01 -6.340000e-01 8.070681e-01 9.731935e-01 8.402000e-01 -6.340000e-01 8.073645e-01 9.749087e-01
8.402000e-01 -6.340000e-01 8.073645e-01 9.749087e-01 8.452000e-01 -6.290000e-01 8.083519e-01 9.805994e-01
-1.698000e-01 -6.240000e-01 7.006601e-01 6.251329e-01 -1.748000e-01 -6.190000e-01 7.014549e-01 6.263684e-01
-1.648000e-01 -6.290000e-01 6.998417e-01 6.238855e-01 -1.698000e-01 -6.240000e-01 7.006601e-01 6.251329e-01
8.452000e-01 -6.290000e-01 8.083519e-01 9.805994e-01 8.502000e-01 -6.240000e-01 8.093237e-01 9.862959e-01
8.502000e-01 -6.240000e-01 8.093237e-01 9.862959e-01 8.602000e-01 -6.240000e-01 8.095935e-01 9.879330e-01
8.602000e-01 -6.240000e-01 8.095935e-01 9.879330e-01 8.652000e-01 -6.190000e-01 8.105289e-01 9.935978e-01
-1.798000e-01 -6.140000e-01 7.022612e-01 6.275788e-01 -1.848000e-01 -6.090000e-01 7.030432e-01 6.287778e-01
-1.748000e-01 -6.190000e-01 7.014549e-01 6.263684e-01 -1.798000e-01 -6.140000e-01 7.022612e-01 6.275788e-01
8.652000e-01 -6.190000e-01 8.105289e-01 9.935978e-01 8.702000e-01 -6.140000e-01 8.114482e-01 9.992684e-01
8.702000e-01 -6.140000e-01 8.114482e-01 9.992684e-01 8.802000e-01 -6.140000e-01 8.116937e-01 1.000826e+00
8.802000e-01 -6.140000e-01 8.116937e-01 1.000826e+00 8.852000e-01 -6.090000e-01 8.125776e-01 1.006463e+00
-1.898000e-01 -6.040000e-01 7.038362e-01 6.299517e-01 -1.948000e-01 -5.990000e-01 7.046044e-01 6.311148e-01
-1.848000e-01 -6.090000e-01 7.030432e-01 6.287778e-01 -1.898000e-01 -6.040000e-01 7.038362e-01 6.299517e-01
8.852000e-01 -6.090000e-01 8.125776e-01 1.006463e+00 8.902000e-01 -6.040000e-01 8.134448e-01 1.012107e+00
8.902000e-01 -6.040000e-01 8.134448e-01 1.012107e+00 9.002000e-01 -6.040000e-01 8.136686e-01 1.013583e+00
9.002000e-01 -6.040000e-01 8.136686e-01 1.013583e+00 9.052000e-01 -5.990000e-01 8.145014e-01 1.019192e+00
-1.998000e-01 -5.940000e-01 7.053830e-01 6.322528e-01 -2.048000e-01 -5.890000e-01 7.061361e-01 6.333804e-01
-1.948000e-01 -5.990000e-01 7.046044e-01 6.311148e-01 -1.998000e-01 -5.940000e-01 7.053830e-01 6.322528e-01
9.052000e-01 -5.990000e-01 8.145014e-01 1.019192e+00 9.102000e-01 -5.940000e-01 8.153170e-01 1.024807e+00
9.102000e-01 -5.940000e-01 8.153170e-01 1.024807e+00 9.202000e-01 -5.940000e-01 8.155216e-01 1.026200e+00
9.202000e-01 -5.940000e-01 8.155216e-01 1.026200e+00 9.252000e-01 -5.890000e-01 8.163040e-01 1.031780e+00
-2.098000e-01 -5.840000e-01 7.068992e-01 6.344830e-01 -2.148000e-01 -5.790000e-01 7.076362e-01 6.355758e-01
-2.048000e-01 -5.890000e-01 7.061361e-01 6.333804e-01 -2.098000e-01 -5.840000e-01 7.068992e-01 6.344830e-01
9.252000e-01 -5.890000e-01 8.163040e-01 1.031780e+00 9.302000e-01 -5.840000e-01 8.170685e-01 1.037365e+00
9.302000e-01 -5.840000e-01 8.170685e-01 1.037365e+00 9.352000e-01 -5.790000e-01 8.178168e-01 1.042932e+00
-2.198000e-01 -5.740000e-01 7.083827e-01 6.366435e-01 -2.248000e-01 -5.690000e-01 7.091024e-01 6.377020e-01
-2.148000e-01 -5.790000e-01 7.076362e-01 6.355758e-01 -2.198000e-01 -5.740000e-01 7.083827e-01 6.366435e-01
9.352000e-01 -5.790000e-01 8.178168e-01 1.042932e+00 9.402000e-01 -5.740000e-01 8.185468e-01 1.048504e+00
9.402000e-01 -5.740000e-01 8.185468e-01 1.048504e+00 9.502000e-01 -5.740000e-01 8.187030e-01 1.049775e+00
9.502000e-01 -5.740000e-01 8.187030e-01 1.049775e+00 9.552000e-01 -5.690000e-01 8.194014e-01 1.055311e+00
-2.298000e-01 -5.640000e-01 7.098311e-01 6.387354e-01 -2.348000e-01 -5.590000e-01 7.105325e-01 6.397603e-01
-2.248000e-01 -5.690000e-01 7.091024e-01 6.377020e-01 -2.298000e-01 -5.640000e-01 7.098311e-01 6.387354e-01
9.552000e-01 -5.690000e-01 8.194014e-01 1.055311e+00 9.602000e-01 -5.640000e-01 8.200810e-01 1.060851e+00
9.602000e-01 -5.640000e-01 8.200810e-01 1.060851e+00 9.702000e-01 -5.640000e-01 8.202246e-01 1.062036e+00
9.702000e-01 -5.640000e-01 8.202246e-01 1.062036e+00 9.752000e-01 -5.590000e-01 8.208737e-01 1.067538e+00
-2.398000e-01 -5.540000e-01 7.112423e-01 6.407602e-01 -2.448000e-01 -5.490000e-01 7.119244e-01 6.417520e-01
-2.348000e-01 -5.590000e-01 7.105325e-01 6.397603e-01 -2.398000e-01 -5.540000e-01 7.112423e-01 6.407602e-01
9.752000e-01 -5.590000e-01 8.208737e-01 1.067538e+00 9.802000e-01 -5.540000e-01 8.215036e-01 1.073045e+00
9.802000e-01 -5.540000e-01 8.215036e-01 1.073045e+00 9.852000e-01 -5.490000e-01 8.221186e-01 1.078532e+00
-2.498000e-01 -5.440000e-01 7.126141e-01 6.427188e-01 -2.548000e-01 -5.390000e-01 7.132758e-01 6.436782e-01
-2.448000e-01 -5.490000e-01 7.119244e-01 6.417520e-01 -2.498000e-01 -5.440000e-01 7.126141e-01 6.427188e-01
9.852000e-01 -5.490000e-01 8.221186e-01 1.078532e+00 9.902000e-01 -5.440000e-01 8.227140e-01 1.084024e+00
9.902000e-01 -5.440000e-01 8.227140e-01 1.084024e+00 1.000200e+00 -5.440000e-01 8.228187e-01 1.085081e+00
1.000200e+00 -5.440000e-01 8.228187e-01 1.085081e+00 1.005200e+00 -5.390000e-01 8.233854e-01 1.090533e+00
-2.548000e-01 -5.390000e-01 7.132758e-01 6.436782e-01 -2.548000e-01 -5.290000e-01 7.180108e-01 6.502823e-01
1.005200e+00 -5.390000e-01 8.233854e-01 1.090533e+00 1.010200e+00 -5.340000e-01 8.239318e-01 1.095989e+00
1.010200e+00 -5.340000e-01 8.239318e-01 1.095989e+00 1.020200e+00 -5.340000e-01 8.240308e-01 1.096955e+00
1.020200e+00 -5.340000e-01 8.240308e-01 1.096955e+00 1.025200e+00 -5.290000e-01 8.245499e-01 1.102370e+00
-2.598000e-01 -5.240000e-01 7.186865e-01 6.511919e-01 -2.648000e-01 -5.190000e-01 7.193331e-01 6.520947e-01
-2.548000e-01 -5.290000e-01 7.180108e-01 6.502823e-01 -2.598000e-01 -5.240000e-01 7.186865e-01 6.511919e-01
1.025200e+00 -5.290000e-01 8.245499e-01 1.102370e+00 1.030200e+00 -5.240000e-01 8.250482e-01 1.107790e+00
1.030200e+00 -5.240000e-01 8.250482e-01 1.107790e+00 1.035200e+00 -5.190000e-01 8.255333e-01 1.113188e+00
-2.698000e-01 -5.140000e-01 7.199861e-01 6.529726e-01 -2.748000e-01 -5.090000e-01 7.206096e-01 6.538447e-01
-2.648000e-01 -5.190000e-01 7.193331e-01 6.520947e-01 -2.698000e-01 -5.140000e-01 7.199861e-01 6.529726e-01
1.035200e+00 -5.190000e-01 8.255333e-01 1.113188e+00 1.040200e+00 -5.140000e-01 8.259974e-01 1.118590e+00
1.040200e+00 -5.140000e-01 8.259974e-01 1.118590e+00 1.050200e+00 -5.140000e-01 8.260678e-01 1.119422e+00
1.050200e+00 -5.140000e-01 8.260678e-01 1.119422e+00 1.055200e+00 -5.090000e-01 8.265064e-01 1.124781e+00
-2.748000e-01 -5.090000e-01 7.206096e-01 6.538447e-01 -2.748000e-01 -4.990000e-01 7.253893e-01 6.603184e-01
1.055200e+00 -5.090000e-01 8.265064e-01 1.124781e+00 1.060200e+00 -5.040000e-01 8.269234e-01 1.130145e+00
1.060200e+00 -5.040000e-01 8.269234e-01 1.130145e+00 1.065200e+00 -4.990000e-01 8.273281e-01 1.135486e+00
-2.798000e-01 -4.940000e-01 7.260241e-01 6.611408e-01 -2.848000e-01 -4.890000e-01 7.266286e-01 6.619577e-01
-2.748000e-01 -4.990000e-01 7.253893e-01 6.603184e-01 -2.798000e-01 -4.940000e-01 7.260241e-01 6.611408e-01
1.065200e+00 -4.990000e-01 8.273281e-01 1.135486e+00 1.070200e+00 -4.940000e-01 8.277109e-01 1.140830e+00
1.070200e+00 -4.940000e-01 8.277109e-01 1.140830e+00 1.080200e+00 -4.940000e-01 8.277593e-01 1.141524e+00
1.080200e+00 -4.940000e-01 8.277593e-01 1.141524e+00 1.085200e+00 -4.890000e-01 8.281187e-01 1.146824e+00
-2.898000e-01 -4.840000e-01 7.272381e-01 6.627500e-01 -2.948000e-01 -4.790000e-01 7.278169e-01 6.635376e-01
-2.848000e-01 -4.890000e-01 7.266286e-01 6.619577e-01 -2.898000e-01 -4.840000e-01 7.272381e-01 6.627500e-01
1.085200e+00 -4.890000e-01 8.281187e-01 1.146824e+00 1.090200e+00 -4.840000e-01 8.284556e-01 1.152127e+00
1.090200e+00 -4.840000e-01 8.284556e-01 1.152127e+00 1.095200e+00 -4.790000e-01 8.287814e-01 1.157407e+00
-2.948000e-01 -4.790000e-01 7.278169e-01 6.635376e-01 -2.948000e-01 -4.690000e-01 7.326346e-01 6.698813e-01
1.095200e+00 -4.790000e-01 8.287814e-01 1.157407e+00 1.100200e+00 -4.740000e-01 8.290843e-01 1.162691e+00
1.100200e+00 -4.740000e-01 8.290843e-01 1.162691e+00 1.110200e+00 -4.740000e-01 8.291174e-01 1.163242e+00
1.110200e+00 -4.740000e-01 8.291174e-01 1.163242e+00 1.115200e+00 -4.690000e-01 8.293991e-01 1.168479e+00
-2.998000e-01 -4.640000e-01 7.332218e-01 6.706197e-01 -3.048000e-01 -4.590000e-01 7.337774e-01 6.713540e-01
-2.948000e-01 -4.690000e-01 7.326346e-01 6.698813e-01 -2.998000e-01 -4.640000e-01 7.332218e-01 6.706197e-01
1.115200e+00 -4.690000e-01 8.293991e-01 1.168479e+00 1.120200e+00 -4.640000e-01 8.296575e-01 1.173718e+00
1.120200e+00 -4.640000e-01 8.296575e-01 1.173718e+00 1.125200e+00 -4.590000e-01 8.299059e-01 1.178934e+00
-3.098000e-01 -4.540000e-01 7.343368e-01 6.720641e-01 -3.148000e-01 -4.490000e-01 7.348639e-01 6.727707e-01
-3.048000e-01 -4.590000e-01 7.337774e-01 6.713540e-01 -3.098000e-01 -4.540000e-01 7.343368e-01 6.720641e-01
1.125200e+00 -4.590000e-01 8.299059e-01 1.178934e+00 1.130200e+00 -4.540000e-01 8.301306e-01 1.184152e+00
1.130200e+00 -4.540000e-01 8.301306e-01 1.184152e+00 1.135200e+00 -4.490000e-01 8.303457e-01 1.189347e+00
-3.148000e-01 -4.490000e-01 7.348639e-01 6.727707e-01 -3.148000e-01 -4.390000e-01 7.397132e-01 6.789848e-01
1.135200e+00 -4.490000e-01 8.303457e-01 1.189347e+00 1.140200e+00 -4.440000e-01 8.305366e-01 1.194543e+00
1.140200e+00 -4.440000e-01 8.305366e-01 1.194543e+00 1.150200e+00 -4.440000e-01 8.305430e-01 1.194900e+00
1.150200e+00 -4.440000e-01 8.305430e-01 1.194900e+00 1.155200e+00 -4.390000e-01 8.307159e-01 1.200048e+00
-3.198000e-01 -4.340000e-01 7.402462e-01 6.796429e-01 -3.248000e-01 -4.290000e-01 7.407463e-01 6.802985e-01
-3.148000e-01 -4.390000e-01 7.397132e-01 6.789848e-01 -3.198000e-01 -4.340000e-01 7.402462e-01 6.796429e-01
1.155200e+00 -4.390000e-01 8.307159e-01 1.200048e+00 1.160200e+00 -4.340000e-01 8.308643e-01 1.205197e+00
1.160200e+00 -4.340000e-01 8.308643e-01 1.205197e+00 1.165200e+00 -4.290000e-01 8.310041e-01 1.210322e+00
-3.248000e-01 -4.290000e-01 7.407463e-01 6.802985e-01 -3.248000e-01 -4.190000e-01 7.456167e-01 6.864318e-01
1.165200e+00 -4.290000e-01 8.310041e-01 1.210322e+00 1.170200e+00 -4.240000e-01 8.311192e-01 1.215448e+00
1.170200e+00 -4.240000e-01 8.311192e-01 1.215448e+00 1.180200e+00 -4.240000e-01 8.311271e-01 1.215654e+00
1.180200e+00 -4.240000e-01 8.311271e-01 1.215654e+00 1.185200e+00 -4.190000e-01 8.312265e-01 1.220729e+00
-3.298000e-01 -4.140000e-01 7.461211e-01 6.870391e-01 -3.348000e-01 -4.090000e-01 7.465918e-01 6.876446e-01
-3.248000e-01 -4.190000e-01 7.456167e-01 6.864318e-01 -3.298000e-01 -4.140000e-01 7.461211e-01 6.870391e-01
1.185200e+00 -4.190000e-01 8.312265e-01 1.220729e+00 1.190200e+00 -4.140000e-01 8.313007e-01 1.225806e+00
1.190200e+00 -4.140000e-01 8.313007e-01 1.225806e+00 1.195200e+00 -4.090000e-01 8.313676e-01 1.230857e+00
-3.348000e-01 -4.090000e-01 7.465918e-01 6.876446e-01 -3.348000e-01 -3.990000e-01 7.514809e-01 6.936971e-01
1.195200e+00 -4.090000e-01 8.313676e-01 1.230857e+00 1.200200e+00 -4.040000e-01 8.314090e-01 1.235909e+00
1.200200e+00 -4.040000e-01 8.314090e-01 1.235909e+00 1.205200e+00 -3.990000e-01 8.314436e-01 1.240935e+00
-3.398000e-01 -3.940000e-01 7.519542e-01 6.942549e-01 -3.448000e-01 -3.890000e-01 7.523932e-01 6.948118e-01
-3.348000e-01 -3.990000e-01 7.514809e-01 6.936971e-01 -3.398000e-01 -3.940000e-01 7.519542e-01 6.942549e-01
1.205200e+00 -3.990000e-01 8.314436e-01 1.240935e+00 1.210200e+00 -3.940000e-01 8.314522e-01 1.245961e+00
-3.448000e-01 -3.890000e-01 7.523932e-01 6.948118e-01 -3.448000e-01 -3.790000e-01 7.572987e-01 7.007836e-01
-3.498000e-01 -3.740000e-01 7.577385e-01 7.012929e-01 -3.548000e-01 -3.690000e-01 7.581434e-01 7.018025e-01
-3.448000e-01 -3.790000e-01 7.572987e-01 7.007836e-01 -3.498000e-01 -3.740000e-01 7.577385e-01 7.012929e-01
-3.548000e-01 -3.690000e-01 7.581434e-01 7.018025e-01 -3.548000e-01 -3.590000e-01 7.630628e-01 7.076935e-01
-3.598000e-01 -3.540000e-01 7.634667e-01 7.081560e-01 -3.648000e-01 -3.490000e-01 7.638352e-01 7.086193e-01
-3.548000e-01 -3.590000e-01 7.630628e-01 7.076935e-01 -3.598000e-01 -3.540000e-01 7.634667e-01 7.081560e-01
-3.648000e-01 -3.490000e-01 7.638352e-01 7.086193e-01 -3.648000e-01 -3.390000e-01 7.687660e-01 7.144301e-01
-3.648000e-01 -3.390000e-01 7.687660e-01 7.144301e-01 -3.648000e-01 -3.290000e-01 7.737096e-01 7.202073e-01
-3.698000e-01 -3.240000e-01 7.740735e-01 7.206007e-01 -3.748000e-01 -3.190000e-01 7.744009e-01 7.209964e-01
-3.648000e-01 -3.290000e-01 7.737096e-01 7.202073e-01 -3.698000e-01 -3.240000e-01 7.740735e-01 7.206007e-01
-3.748000e-01 -3.190000e-01 7.744009e-01 7.209964e-01 -3.748000e-01 -3.090000e-01 7.793529e-01 7.266933e-01
-3.798000e-01 -3.040000e-01 7.796751e-01 7.270428e-01 -3.848000e-01 -2.990000e-01 7.799607e-01 7.273954e-01
-3.748000e-01 -3.090000e-01 7.793529e-01 7.266933e-01 -3.798000e-01 -3.040000e-01 7.796751e-01 7.270428e-01
-3.848000e-01 -2.990000e-01 7.799607e-01 7.273954e-01 -3.848000e-01 -2.890000e-01 7.849180e-01 7.330126e-01
-3.848000e-01 -2.890000e-01 7.849180e-01 7.330126e-01 -3.848000e-01 -2.790000e-01 7.898864e-01 7.385955e-01
-3.898000e-01 -2.740000e-01 7.901611e-01 7.388800e-01 -3.948000e-01 -2.690000e-01 7.903982e-01 7.391687e-01
-3.848000e-01 -2.790000e-01 7.898864e-01 7.385955e-01 -3.898000e-01 -2.740000e-01 7.901611e-01 7.388800e-01
-3.948000e-01 -2.690000e-01 7.903982e-01 7.391687e-01 -3.948000e-01 -2.590000e-01 7.953689e-01 7.446721e-01
-3.948000e-01 -2.590000e-01 7.953689e-01 7.446721e-01 -3.948000e-01 -2.490000e-01 8.003494e-01 7.501410e-01
-3.998000e-01 -2.440000e-01 8.005720e-01 7.503628e-01 -4.048000e-01 -2.390000e-01 8.007564e-01 7.505902e-01
-3.948000e-01 -2.490000e-01 8.003494e-01 7.501410e-01 -3.998000e-01 -2.440000e-01 8.005720e-01 7.503628e-01
-4.048000e-01 -2.390000e-01 8.007564e-01 7.505902e-01 -4.048000e-01 -2.290000e-01 8.057355e-01 7.559800e-01
-4.048000e-01 -2.290000e-01 8.057355e-01 7.559800e-01 -4.048000e-01 -2.190000e-01 8.107237e-01 7.613351e-01
-4.048000e-01 -2.190000e-01 8.107237e-01 7.613351e-01 -4.048000e-01 -2.090000e-01 8.157205e-01 7.666551e-01
-4.098000e-01 -2.040000e-01 8.158799e-01 7.667949e-01 -4.148000e-01 -1.990000e-01 8.160003e-01 7.669417e-01
-4.048000e-01 -2.090000e-01 8.157205e-01 7.666551e-01 -4.098000e-01 -2.040000e-01 8.158799e-01 7.667949e-01
-4.148000e-01 -1.990000e-01 8.160003e-01 7.669417e-01 -4.148000e-01 -1.890000e-01 8.209912e-01 7.721834e-01
-4.148000e-01 -1.890000e-01 8.209912e-01 7.721834e-01 -4.148000e-01 -1.790000e-01 8.259898e-01 7.773900e-01
-4.148000e-01 -1.790000e-01 8.259898e-01 7.773900e-01 -4.148000e-01 -1.690000e-01 8.309955e-01 7.825612e-01
-4.198000e-01 -1.640000e-01 8.310847e-01 7.826226e-01 -4.248000e-01 -1.590000e-01 8.311340e-01 7.826927e-01
-4.148000e-01 -1.690000e-01 8.309955e-01 7.825612e-01 -4.198000e-01 -1.640000e-01 8.310847e-01 7.826226e-01
-4.248000e-01 -1.590000e-01 8.311340e-01 7.826927e-01 -4.248000e-01 -1.490000e-01 8.361293e-01 7.877863e-01
-4.248000e-01 -1.490000e-01 8.361293e-01 7.877863e-01 -4.248000e-01 -1.390000e-01 8.411307e-01 7.928445e-01
-4.248000e-01 -1.390000e-01 8.411307e-01 7.928445e-01 -4.248000e-01 -1.290000e-01 8.461374e-01 7.978670e-01
-4.298000e-01 -1.240000e-01 8.461495e-01 7.978542e-01 -4.348000e-01 -1.190000e-01 8.461210e-01 7.978515e-01
-4.248000e-01 -1.290000e-01 8.461374e-01 7.978670e-01 -4.298000e-01 -1.240000e-01 8.461495e-01 7.978542e-01
-4.348000e-01 -1.190000e-01 8.461210e-01 7.978515e-01 -4.348000e-01 -1.090000e-01 8.511128e-01 8.027976e-01
-4.348000e-01 -1.090000e-01 8.511128e-01 8.027976e-01 -4.348000e-01 -9.900000e-02 8.561089e-01 8.077080e-01
-4.348000e-01 -9.900000e-02 8.561089e-01 8.077080e-01 -4.348000e-01 -8.900000e-02 8.611092e-01 8.125826e-01
-4.348000e-01 -8.900000e-02 8.611092e-01 8.125826e-01 -4.348000e-01 -7.900000e-02 8.661133e-01 8.174213e-01
-4.398000e-01 -7.400000e-02 8.660293e-01 8.173188e-01 -4.448000e-01 -6.900000e-02 8.659042e-01 8.172284e-01
-4.348000e-01 -7.900000e-02 8.661133e-01 8.174213e-01 -4.398000e-01 -7.400000e-02 8.660293e-01 8.173188e-01
-4.448000e-01 -6.900000e-02 8.659042e-01 8.172284e-01 -4.448000e-01 -5.900000e-02 8.708872e-01 8.219921e-01
-4.448000e-01 -5.900000e-02 8.708872e-01 8.219921e-01 -4.448000e-01 -4.900000e-02 8.758728e-01 8.267199e-01
-4.448000e-01 -4.900000e-02 8.758728e-01 8.267199e-01 -4.448000e-01 -3.900000e-02 8.808602e-01 8.314116e-01
-4.448000e-01 -3.900000e-02 8.808602e-01 8.314116e-01 -4.448000e-01 -2.900000e-02 8.858496e-01 8.360672e-01
-4.448000e-01 -2.900000e-02 8.858496e-01 8.360672e-01 -4.448000e-01 -1.900000e-02 8.908403e-01 8.406866e-01
-4.448000e-01 -1.900000e-02 8.908403e-01 8.406866e-01 -4.448000e-01 -9.000000e-03 8.958321e-01 8.452698e-01
-4.448000e-01 -9.000000e-03 8.958321e-01 8.452698e-01 -4.448000e-01 1.000000e-03 9.008244e-01 8.498166e-01
-4.498000e-01 6.000000e-03 9.005911e-01 8.495754e-01 -4.548000e-01 1.100000e-02 9.003157e-01 8.493492e-01
-4.448000e-01 1.000000e-03 9.008244e-01 8.498166e-01 -4.498000e-01 6.000000e-03 9.005911e-01 8.495754e-01
-4.548000e-01 1.100000e-02 9.003157e-01 8.493492e-01 -4.548000e-01 2.100000e-02 9.052781e-01 8.538235e-01
-4.548000e-01 2.100000e-02 9.052781e-01 8.538235e-01 -4.548000e-01 3.100000e-02 9.102396e-01 8.582615e-01
-4.548000e-01 3.100000e-02 9.102396e-01 8.582615e-01 -4.548000e-01 4.100000e-02 9.152000e-01 8.626633e-01
-4.548000e-01 4.100000e-02 9.152000e-01 8.626633e-01 -4.548000e-01 5.100000e-02 9.201589e-01 8.670286e-01
-4.548000e-01 5.100000e-02 9.201589e-01 8.670286e-01 -4.548000e-01 6.100000e-02 9.251157e-01 8.713577e-01
-4.548000e-01 6.100000e-02 9.251157e-01 8.713577e-01 -4.548000e-01 7.100000e-02 9.300703e-01 8.756502e-01
-4.548000e-01 7.100000e-02 9.300703e-01 8.756502e-01 -4.548000e-01 8.100000e-02 9.350222e-01 8.799063e-01
-4.548000e-01 8.100000e-02 9.350222e-01 8.799063e-01 -4.548000e-01 9.100000e-02 9.399710e-01 8.841259e-01
-4.548000e-01 9.100000e-02 9.399710e-01 8.841259e-01 -4.548000e-01 1.010000e-01 9.449161e-01 8.883088e-01
-4.548000e-01 1.010000e-01 9.449161e-01 8.883088e-01 -4.548000e-01 1.110000e-01 9.498574e-01 8.924553e-01
-4.598000e-01 1.160000e-01 9.493948e-01 8.920417e-01 -4.648000e-01 1.210000e-01 9.488894e-01 8.916472e-01
-4.548000e-01 1.110000e-01 9.498574e-01 8.924553e-01 -4.598000e-01 1.160000e-01 9.493948e-01 8.920417e-01
-4.648000e-01 1.210000e-01 9.488894e-01 8.916472e-01 -4.648000e-01 1.310000e-01 9.537879e-01 8.957254e-01
-4.648000e-01 1.310000e-01 9.537879e-01 8.957254e-01 -4.648000e-01 1.410000e-01 9.586810e-01 8.997674e-01
-4.648000e-01 1.410000e-01 9.586810e-01 8.997674e-01 -4.648000e-01 1.510000e-01 9.635682e-01 9.037732e-01
-4.648000e-01 1.510000e-01 9.635682e-01 9.037732e-01 -4.648000e-01 1.610000e-01 9.684490e-01 9.077427e-01
-4.648000e-01 1.610000e-01 9.684490e-01 9.077427e-01 -4.648000e-01 1.710000e-01 9.733230e-01 9.116759e-01
-4.648000e-01 1.710000e-01 9.733230e-01 9.116759e-01 -4.648000e-01 1.810000e-01 9.781899e-01 9.155729e-01
-4.648000e-01 1.810000e-01 9.781899e-01 9.155729e-01 -4.648000e-01 1.910000e-01 9.830492e-01 9.194337e-01
-4.648000e-01 1.910000e-01 9.830492e-01 9.194337e-01 -4.648000e-01 2.010000e-01 9.879003e-01 9.232582e-01
-4.648000e-01 2.010000e-01 9.879003e-01 9.232582e-01 -4.648000e-01 2.110000e-01 9.927429e-01 9.270466e-01
-4.648000e-01 2.110000e-01 9.927429e-01 9.270466e-01 -4.648000e-01 2.210000e-01 9.975765e-01 9.307987e-01
-4.648000e-01 2.210000e-01 9.975765e-01 9.307987e-01 -4.648000e-01 2.310000e-01 1.002401e+00 9.345147e-01
-4.648000e-01 2.310000e-01 1.002401e+00 9.345147e-01 -4.648000e-01 2.410000e-01 1.007215e+00 9.381946e-01
-4.648000e-01 2.410000e-01 1.007215e+00 9.381946e-01 -4.648000e-01 2.510000e-01 1.012019e+00 9.418383e-01
-4.648000e-01 2.510000e-01 1.012019e+00 9.418383e-01 -4.648000e-01 2.610000e-01 1.016812e+00 9.454462e-01
-4.648000e-01 2.610000e-01 1.016812e+00 9.454462e-01 -4.648000e-01 2.710000e-01 1.021594e+00 9.490180e-01
-4.648000e-01 2.710000e-01 1.021594e+00 9.490180e-01 -4.648000e-01 2.810000e-01 1.026364e+00 9.525539e-01
-4.648000e-01 2.810000e-01 1.026364e+00 9.525539e-01 -4.648000e-01 2.910000e-01 1.031122e+00 9.560540e-01
-4.648000e-01 2.910000e-01 1.031122e+00 9.560540e-01 -4.648000e-01 3.010000e-01 1.035867e+00 9.595183e-01
-4.648000e-01 3.010000e-01 1.035867e+00 9.595183e-01 -4.648000e-01 3.110000e-01 1.040599e+00 9.629469e-01
-4.648000e-01 3.110000e-01 1.040599e+00 9.629469e-01 -4.648000e-01 3.210000e-01 1.045317e+00 9.663399e-01
-4.648000e-01 3.210000e-01 1.045317e+00 9.663399e-01 -4.648000e-01 3.310000e-01 1.050021e+00 9.696974e-01
-4.648000e-01 3.310000e-01 1.050021e+00 9.696974e-01 -4.648000e-01 3.410000e-01 1.054710e+00 9.730194e-01
-4.648000e-01 3.410000e-01 1.054710e+00 9.730194e-01 -4.598000e-01 3.460000e-01 1.060420e+00 9.769999e-01
-4.598000e-01 3.460000e-01 1.060420e+00 9.769999e-01 -4.548000e-01 3.510000e-01 1.066126e+00 9.809920e-01
-4.548000e-01 3.510000e-01 1.066126e+00 9.809920e-01 -4.548000e-01 3.610000e-01 1.070823e+00 9.842277e-01
-4.548000e-01 3.610000e-01 1.070823e+00 9.842277e-01 -4.548000e-01 3.710000e-01 1.075505e+00 9.874277e-01
-4.548000e-01 3.710000e-01 1.075505e+00 9.874277e-01 -4.548000e-01 3.810000e-01 1.080170e+00 9.905923e-01
-4.548000e-01 3.810000e-01 1.080170e+00 9.905923e-01 -4.548000e-01 3.910000e-01 1.084818e+00 9.937215e-01
-4.548000e-01 3.910000e-01 1.084818e+00 9.937215e-01 -4.548000e-01 4.010000e-01 1.089448e+00 9.968155e-01
-4.548000e-01 4.010000e-01 1.089448e+00 9.968155e-01 -4.548000e-01 4.110000e-01 1.094060e+00 9.998743e-01
-4.548000e-01 4.110000e-01 1.094060e+00 9.998743e-01 -4.548000e-01 4.210000e-01 1.098654e+00 1.002898e+00
-4.548000e-01 4.210000e-01 1.098654e+00 1.002898e+00 -4.548000e-01 4.310000e-01 1.103229e+00 1.005887e+00
-4.548000e-01 4.310000e-01 1.103229e+00 1.005887e+00 -4.548000e-01 4.410000e-01 1.107784e+00 1.008842e+00
-4.548000e-01 4.410000e-01 1.107784e+00 1.008842e+00 -4.548000e-01 4.510000e-01 1.112319e+00 1.011762e+00
-4.548000e-01 4.510000e-01 1.112319e+00 1.011762e+00 -4.548000e-01 4.610000e-01 1.116834e+00 1.014648e+00
-4.548000e-01 4.610000e-01 1.116834e+00 1.014648e+00 -4.548000e-01 4.710000e-01 1.121327e+00 1.017499e+00
-4.548000e-01 4.710000e-01 1.121327e+00 1.017499e+00 -4.498000e-01 4.760000e-01 1.127171e+00 1.021144e+00
-4.498000e-01 4.760000e-01 1.127171e+00 1.021144e+00 -4.448000e-01 4.810000e-01 1.133014e+00 1.024798e+00
-4.448000e-01 4.810000e-01 1.133014e+00 1.024798e+00 -4.448000e-01 4.910000e-01 1.137504e+00 1.027559e+00
-4.448000e-01 4.910000e-01 1.137504e+00 1.027559e+00 -4.448000e-01 5.010000e-01 1.141972e+00 1.030287e+00
-4.448000e-01 5.010000e-01 1.141972e+00 1.030287e+00 -4.448000e-01 5.110000e-01 1.146416e+00 1.032980e+00
-4.448000e-01 5.110000e-01 1.146416e+00 1.032980e+00 -4.448000e-01 5.210000e-01 1.150837e+00 1.035640e+00
-4.448000e-01 5.210000e-01 1.150837e+00 1.035640e+00 -4.448000e-01 5.310000e-01 1.155233e+00 1.038266e+00
-4.448000e-01 5.310000e-01 1.155233e+00 1.038266e+00 -4.448000e-01 5.410000e-01 1.159604e+00 1.040860e+00
-4.448000e-01 5.410000e-01 1.159604e+00 1.040860e+00 -4.448000e-01 5.510000e-01 1.163950e+00 1.043420e+00
-4.448000e-01 5.510000e-01 1.163950e+00 1.043420e+00 -4.398000e-01 5.560000e-01 1.169862e+00 1.046844e+00
-4.398000e-01 5.560000e-01 1.169862e+00 1.046844e+00 -4.348000e-01 5.610000e-01 1.175774e+00 1.050275e+00
-4.348000e-01 5.610000e-01 1.175774e+00 1.050275e+00 -4.348000e-01 5.710000e-01 1.180109e+00 1.052743e+00
-4.348000e-01 5.710000e-01 1.180109e+00 1.052743e+00 -4.348000e-01 5.810000e-01 1.184417e+00 1.055179e+00
-4.348000e-01 5.810000e-01 1.184417e+00 1.055179e+00 -4.348000e-01 5.910000e-01 1.188698e+00 1.057582e+00
-4.348000e-01 5.910000e-01 1.188698e+00 1.057582e+00 -4.348000e-01 6.010000e-01 1.192950e+00 1.059953e+00
-4.348000e-01 6.010000e-01 1.192950e+00 1.059953e+00 -4.348000e-01 6.110000e-01 1.197174e+00 1.062292e+00
-4.348000e-01 6.110000e-01 1.197174e+00 1.062292e+00 -4.348000e-01 6.210000e-01 1.201369e+00 1.064599e+00
-4.348000e-01 6.210000e-01 1.201369e+00 1.064599e+00 -4.298000e-01 6.260000e-01 1.207328e+00 1.067820e+00
-4.298000e-01 6.260000e-01 1.207328e+00 1.067820e+00 -4.248000e-01 6.310000e-01 1.213291e+00 1.071046e+00
-4.248000e-01 6.310000e-01 1.213291e+00 1.071046e+00 -4.248000e-01 6.410000e-01 1.217467e+00 1.073261e+00
-4.248000e-01 6.410000e-01 1.217467e+00 1.073261e+00 -4.248000e-01 6.510000e-01 1.221612e+00 1.075444e+00
-4.248000e-01 6.510000e-01 1.221612e+00 1.075444e+00 -4.248000e-01 6.610000e-01 1.225726e+00 1.077596e+00
-4.248000e-01 6.610000e-01 1.225726e+00 1.077596e+00 -4.248000e-01 6.710000e-01 1.229808e+00 1.079718e+00
-4.248000e-01 6.710000e-01 1.229808e+00 1.079718e+00 -4.248000e-01 6.810000e-01 1.233857e+00 1.081810e+00
-4.248000e-01 6.810000e-01 1.233857e+00 1.081810e+00 -4.198000e-01 6.860000e-01 1.239849e+00 1.084849e+00
-4.198000e-01 6.860000e-01 1.239849e+00 1.084849e+00 -4.148000e-01 6.910000e-01 1.245846e+00 1.087892e+00
-4.148000e-01 6.910000e-01 1.245846e+00 1.087892e+00 -4.148000e-01 7.010000e-01 1.249870e+00 1.089890e+00
-4.148000e-01 7.010000e-01 1.249870e+00 1.089890e+00 -4.148000e-01 7.110000e-01 1.253859e+00 1.091858e+00
-4.148000e-01 7.110000e-01 1.253859e+00 1.091858e+00 -4.148000e-01 7.210000e-01 1.257814e+00 1.093797e+00
-4.148000e-01 7.210000e-01 1.257814e+00 1.093797e+00 -4.148000e-01 7.310000e-01 1.261734e+00 1.095708e+00
-4.148000e-01 7.310000e-01 1.261734e+00 1.095708e+00 -4.148000e-01 7.410000e-01 1.265617e+00 1.097589e+00
-4.148000e-01 7.410000e-01 1.265617e+00 1.097589e+00 -4.098000e-01 7.460000e-01 1.271632e+00 1.100440e+00
-4.098000e-01 7.460000e-01 1.271632e+00 1.100440e+00 -4.048000e-01 7.510000e-01 1.277653e+00 1.103292e+00
-4.048000e-01 7.510000e-01 1.277653e+00 1.103292e+00 -4.048000e-01 7.610000e-01 1.281504e+00 1.105080e+00
-4.048000e-01 7.610000e-01 1.281504e+00 1.105080e+00 -4.048000e-01 7.710000e-01 1.285317e+00 1.106841e+00
-4.048000e-01 7.710000e-01 1.285317e+00 1.106841e+00 -4.048000e-01 7.810000e-01 1.289091e+00 1.108574e+00
-4.048000e-01 7.810000e-01 1.289091e+00 1.108574e+00 -4.048000e-01 7.910000e-01 1.292827e+00 1.110281e+00
-4.048000e-01 7.910000e-01 1.292827e+00 1.110281e+00 -3.998000e-01 7.960000e-01 1.298854e+00 1.112969e+00
-3.998000e-01 7.960000e-01 1.298854e+00 1.112969e+00 -3.948000e-01 8.010000e-01 1.304887e+00 1.115658e+00
-3.948000e-01 8.010000e-01 1.304887e+00 1.115658e+00 -3.948000e-01 8.110000e-01 1.308584e+00 1.117271e+00
-3.948000e-01 8.110000e-01 1.308584e+00 1.117271e+00 -3.948000e-01 8.210000e-01 1.312241e+00 1.118859e+00
-3.948000e-01 8.210000e-01 1.312241e+00 1.118859e+00 -3.948000e-01 8.310000e-01 1.315855e+00 1.120421e+00
-3.948000e-01 8.310000e-01 1.315855e+00 1.120421e+00 -3.898000e-01 8.360000e-01 1.321888e+00 1.122975e+00
-3.898000e-01 8.360000e-01 1.321888e+00 1.122975e+00 -3.848000e-01 8.410000e-01 1.327927e+00 1.125529e+00
-3.848000e-01 8.410000e-01 1.327927e+00 1.125529e+00 -3.848000e-01 8.510000e-01 1.331497e+00 1.126999e+00
-3.848000e-01 8.510000e-01 1.331497e+00 1.126999e+00 -3.848000e-01 8.610000e-01 1.335025e+00 1.128444e+00
-3.848000e-01 8.610000e-01 1.335025e+00 1.128444e+00 -3.848000e-01 8.710000e-01 1.338509e+00 1.129865e+00
-3.848000e-01 8.710000e-01 1.338509e+00 1.129865e+00 -3.848000e-01 8.810000e-01 1.341948e+00 1.131262e+00
-3.848000e-01 8.810000e-01 1.341948e+00 1.131262e+00 -3.798000e-01 8.860000e-01 1.347977e+00 1.133647e+00
-3.798000e-01 8.860000e-01 1.347977e+00 1.133647e+00 -3.748000e-01 8.910000e-01 1.354014e+00 1.136029e+00
-3.748000e-01 8.910000e-01 1.354014e+00 1.136029e+00 -3.748000e-01 9.010000e-01 1.357403e+00 1.137335e+00
-3.748000e-01 9.010000e-01 1.357403e+00 1.137335e+00 -3.748000e-01 9.110000e-01 1.360745e+00 1.138619e+00
-3.748000e-01 9.110000e-01 1.360745e+00 1.138619e+00 -3.748000e-01 9.210000e-01 1.364041e+00 1.139881e+00
-3.748000e-01 9.210000e-01 1.364041e+00 1.139881e+00 -3.698000e-01 9.260000e-01 1.370063e+00 1.142126e+00
-3.698000e-01 9.260000e-01 1.370063e+00 1.142126e+00 -3.648000e-01 9.310000e-01 1.376093e+00 1.144366e+00
-3.648000e-01 9.310000e-01 1.376093e+00 1.144366e+00 -3.648000e-01 9.410000e-01 1.379332e+00 1.145539e+00
-3.648000e-01 9.410000e-01 1.379332e+00 1.145539e+00 -3.648000e-01 9.510000e-01 1.382522e+00 1.146691e+00
-3.648000e-01 9.510000e-01 1.382522e+00 1.146691e+00 -3.648000e-01 9.610000e-01 1.385663e+00 1.147824e+00
-3.648000e-01 9.610000e-01 1.385663e+00 1.147824e+00 -3.598000e-01 9.660000e-01 1.391671e+00 1.149926e+00
-3.598000e-01 9.660000e-01 1.391671e+00 1.149926e+00 -3.548000e-01 9.710000e-01 1.397688e+00 1.152022e+00
-3.548000e-01 9.710000e-01 1.397688e+00 1.152022e+00 -3.548000e-01 9.810000e-01 1.400767e+00 1.153066e+00
-3.548000e-01 9.810000e-01 1.400767e+00 1.153066e+00 -3.548000e-01 9.910000e-01 1.403795e+00 1.154092e+00
-3.548000e-01 9.910000e-01 1.403795e+00 1.154092e+00 -3.548000e-01 1.001000e+00 1.406771e+00 1.155101e+00
-3.548000e-01 1.001000e+00 1.406771e+00 1.155101e+00 -3.498000e-01 1.006000e+00 1.412759e+00 1.157059e+00
-3.498000e-01 1.006000e+00 1.412759e+00 1.157059e+00 -3.448000e-01 1.011000e+00 1.418755e+00 1.159008e+00
-3.448000e-01 1.011000e+00 1.418755e+00 1.159008e+00 -3.448000e-01 1.021000e+00 1.421663e+00 1.159931e+00
-3.448000e-01 1.021000e+00 1.421663e+00 1.159931e+00 -3.448000e-01 1.031000e+00 1.424518e+00 1.160837e+00
-3.448000e-01 1.031000e+00 1.424518e+00 1.160837e+00 -3.398000e-01 1.036000e+00 1.430488e+00 1.162683e+00
-3.398000e-01 1.036000e+00 1.430488e+00 1.162683e+00 -3.348000e-01 1.041000e+00 1.436467e+00 1.164519e+00
-3.348000e-01 1.041000e+00 1.436467e+00 1.164519e+00 -3.348000e-01 1.051000e+00 1.439248e+00 1.165341e+00
-3.348000e-01 1.051000e+00 1.439248e+00 1.165341e+00 -3.348000e-01 1.061000e+00 1.441975e+00 1.166149e+00
-3.348000e-01 1.061000e+00 1.441975e+00 1.166149e+00 -3.348000e-01 1.071000e+00 1.444646e+00 1.166943e+00
-3.348000e-01 1.071000e+00 1.444646e+00 1.166943e+00 -3.298000e-01 1.076000e+00 1.450582e+00 1.168641e+00
-3.298000e-01 1.076000e+00 1.450582e+00 1.168641e+00 -3.248000e-01 1.081000e+00 1.456528e+00 1.170328e+00
-3.248000e-01 1.081000e+00 1.456528e+00 1.170328e+00 -3.248000e-01 1.091000e+00 1.459120e+00 1.171040e+00
-3.248000e-01 1.091000e+00 1.459120e+00 1.171040e+00 -3.248000e-01 1.101000e+00 1.461654e+00 1.171741e+00
-3.248000e-01 1.101000e+00 1.461654e+00 1.171741e+00 -3.198000e-01 1.106000e+00 1.467563e+00 1.173325e+00
-3.198000e-01 1.106000e+00 1.467563e+00 1.173325e+00 -3.148000e-01 1.111000e+00 1.473482e+00 1.174895e+00
-3.148000e-01 1.111000e+00 1.473482e+00 1.174895e+00 -3.148000e-01 1.121000e+00 1.475932e+00 1.175517e+00
-3.148000e-01 1.121000e+00 1.475932e+00 1.175517e+00 -3.148000e-01 1.131000e+00 1.478323e+00 1.176129e+00
-3.148000e-01 1.131000e+00 1.478323e+00 1.176129e+00 -3.098000e-01 1.136000e+00 1.484199e+00 1.177597e+00
-3.098000e-01 1.136000e+00 1.484199e+00 1.177597e+00 -3.048000e-01 1.141000e+00 1.490085e+00 1.179050e+00
-3.048000e-01 1.141000e+00 1.490085e+00 1.179050e+00 -3.048000e-01 1.151000e+00 1.492388e+00 1.179586e+00
-3.048000e-01 1.151000e+00 1.492388e+00 1.179586e+00 -3.048000e-01 1.161000e+00 1.494629e+00 1.180114e+00
-3.048000e-01 1.161000e+00 1.494629e+00 1.180114e+00 -3.048000e-01 1.171000e+00 1.496810e+00 1.180636e+00
-3.048000e-01 1.171000e+00 1.496810e+00 1.180636e+00 -2.998000e-01 1.176000e+00 1.502633e+00 1.181954e+00
-2.998000e-01 1.176000e+00 1.502633e+00 1.181954e+00 -2.948000e-01 1.181000e+00 1.508465e+00 1.183255e+00
-2.948000e-01 1.181000e+00 1.508465e+00 1.183255e+00 -2.948000e-01 1.191000e+00 1.510550e+00 1.183704e+00
-2.948000e-01 1.191000e+00 1.510550e+00 1.183704e+00 -2.948000e-01 1.201000e+00 1.512573e+00 1.184150e+00
-2.948000e-01 1.201000e+00 1.512573e+00 1.184150e+00 -2.898000e-01 1.206000e+00 1.518352e+00 1.185351e+00
-2.898000e-01 1.206000e+00 1.518352e+00 1.185351e+00 -2.848000e-01 1.211000e+00 1.524141e+00 1.186534e+00
-2.848000e-01 1.211000e+00 1.524141e+00 1.186534e+00 -2.848000e-01 1.221000e+00 1.526063e+00 1.186910e+00
-2.848000e-01 1.221000e+00 1.526063e+00 1.186910e+00 -2.848000e-01 1.231000e+00 1.527922e+00 1.187285e+00
-2.848000e-01 1.231000e+00 1.527922e+00 1.187285e+00 -2.798000e-01 1.236000e+00 1.533653e+00 1.188369e+00
-2.798000e-01 1.236000e+00 1.533653e+00 1.188369e+00 -2.748000e-01 1.241000e+00 1.539391e+00 1.189434e+00
-2.748000e-01 1.241000e+00 1.539391e+00 1.189434e+00 -2.748000e-01 1.251000e+00 1.541146e+00 1.189743e+00
-2.748000e-01 1.251000e+00 1.541146e+00 1.189743e+00 -2.748000e-01 1.261000e+00 1.542835e+00 1.190054e+00
-2.748000e-01 1.261000e+00 1.542835e+00 1.190054e+00 -2.698000e-01 1.266000e+00 1.548510e+00 1.191022e+00
-2.698000e-01 1.266000e+00 1.548510e+00 1.191022e+00 -2.648000e-01 1.271000e+00 1.554194e+00 1.191968e+00
-2.648000e-01 1.271000e+00 1.554194e+00 1.191968e+00 -2.648000e-01 1.281000e+00 1.555774e+00 1.192217e+00
-2.648000e-01 1.281000e+00 1.555774e+00 1.192217e+00 -2.648000e-01 1.291000e+00 1.557286e+00 1.192470e+00
-2.648000e-01 1.291000e+00 1.557286e+00 1.192470e+00 -2.598000e-01 1.296000e+00 1.562902e+00 1.193322e+00
-2.598000e-01 1.296000e+00 1.562902e+00 1.193322e+00 -2.548000e-01 1.301000e+00 1.568526e+00 1.194150e+00
-2.548000e-01 1.301000e+00 1.568526e+00 1.194150e+00 -2.548000e-01 1.311000e+00 1.569924e+00 1.194347e+00
-2.548000e-01 1.311000e+00 1.569924e+00 1.194347e+00 -2.548000e-01 1.321000e+00 1.571255e+00 1.194549e+00
-2.548000e-01 1.321000e+00 1.571255e+00 1.194549e+00 -2.498000e-01 1.326000e+00 1.576805e+00 1.195286e+00
-2.498000e-01 1.326000e+00 1.576805e+00 1.195286e+00 -2.448000e-01 1.331000e+00 1.582363e+00 1.195998e+00
-2.448000e-01 1.331000e+00 1.582363e+00 1.195998e+00 -2.448000e-01 1.341000e+00 1.583575e+00 1.196149e+00
-2.448000e-01 1.341000e+00 1.583575e+00 1.196149e+00 -2.398000e-01 1.346000e+00 1.589080e+00 1.196801e+00
-2.398000e-01 1.346000e+00 1.589080e+00 1.196801e+00 -2.348000e-01 1.351000e+00 1.594592e+00 1.197427e+00
-2.348000e-01 1.351000e+00 1.594592e+00 1.197427e+00 -2.348000e-01 1.361000e+00 1.595682e+00 1.197529e+00
-2.348000e-01 1.361000e+00 1.595682e+00 1.197529e+00 -2.348000e-01 1.371000e+00 1.596703e+00 1.197642e+00
-2.348000e-01 1.371000e+00 1.596703e+00 1.197642e+00 -2.298000e-01 1.376000e+00 1.602133e+00 1.198181e+00
-2.298000e-01 1.376000e+00 1.602133e+00 1.198181e+00 -2.248000e-01 1.381000e+00 1.607568e+00 1.198692e+00
-2.248000e-01 1.381000e+00 1.607568e+00 1.198692e+00 -2.248000e-01 1.391000e+00 1.608463e+00 1.198762e+00
-2.248000e-01 1.391000e+00 1.608463e+00 1.198762e+00 -2.248000e-01 1.401000e+00 1.609287e+00 1.198847e+00
-2.248000e-01 1.401000e+00 1.609287e+00 1.198847e+00 -2.198000e-01 1.406000e+00 1.614635e+00 1.199275e+00
-2.198000e-01 1.406000e+00 1.614635e+00 1.199275e+00 -2.148000e-01 1.411000e+00 1.619989e+00 1.199673e+00
-2.148000e-01 1.411000e+00 1.619989e+00 1.199673e+00 -2.148000e-01 1.421000e+00 1.620683e+00 1.199721e+00
-2.148000e-01 1.421000e+00 1.620683e+00 1.199721e+00 -2.098000e-01 1.426000e+00 1.625975e+00 1.200065e+00
-2.098000e-01 1.426000e+00 1.625975e+00 1.200065e+00 -2.048000e-01 1.431000e+00 1.631271e+00 1.200379e+00
-2.048000e-01 1.431000e+00 1.631271e+00 1.200379e+00 -2.048000e-01 1.441000e+00 1.631831e+00 1.200393e+00
-2.048000e-01 1.441000e+00 1.631831e+00 1.200393e+00 -2.048000e-01 1.451000e+00 1.632320e+00 1.200427e+00
-2.048000e-01 1.451000e+00 1.632320e+00 1.200427e+00 -1.998000e-01 1.456000e+00 1.637521e+00 1.200664e+00
-1.998000e-01 1.456000e+00 1.637521e+00 1.200664e+00 -1.948000e-01 1.461000e+00 1.642724e+00 1.200869e+00
-1.948000e-01 1.461000e+00 1.642724e+00 1.200869e+00 -1.948000e-01 1.471000e+00 1.643076e+00 1.200876e+00
-1.948000e-01 1.471000e+00 1.643076e+00 1.200876e+00 -1.898000e-01 1.476000e+00 1.648212e+00 1.201032e+00
-1.898000e-01 1.476000e+00 1.648212e+00 1.201032e+00 -1.848000e-01 1.481000e+00 1.653351e+00 1.201154e+00
-1.848000e-01 1.481000e+00 1.653351e+00 1.201154e+00 -1.848000e-01 1.491000e+00 1.653563e+00 1.201139e+00
-1.848000e-01 1.491000e+00 1.653563e+00 1.201139e+00 -1.848000e-01 1.501000e+00 1.653704e+00 1.201150e+00
-1.848000e-01 1.501000e+00 1.653704e+00 1.201150e+00 -1.798000e-01 1.506000e+00 1.658738e+00 1.201204e+00
-1.798000e-01 1.506000e+00 1.658738e+00 1.201204e+00 -1.748000e-01 1.511000e+00 1.663773e+00 1.201222e+00
-1.748000e-01 1.511000e+00 1.663773e+00 1.201222e+00 -1.748000e-01 1.521000e+00 1.663771e+00 1.201218e+00
-1.748000e-01 1.521000e+00 1.663771e+00 1.201218e+00 -1.698000e-01 1.526000e+00 1.668734e+00 1.201193e+00
-1.698000e-01 1.526000e+00 1.668734e+00 1.201193e+00 -1.648000e-01 1.531000e+00 1.673696e+00 1.201132e+00
-1.648000e-01 1.531000e+00 1.673696e+00 1.201132e+00 -1.648000e-01 1.541000e+00 1.673549e+00 1.201117e+00
-1.648000e-01 1.541000e+00 1.673549e+00 1.201117e+00 -1.648000e-01 1.551000e+00 1.673330e+00 1.201134e+00
-1.648000e-01 1.551000e+00 1.673330e+00 1.201134e+00 -1.598000e-01 1.556000e+00 1.678180e+00 1.201014e+00
-1.598000e-01 1.556000e+00 1.678180e+00 1.201014e+00 -1.548000e-01 1.561000e+00 1.683028e+00 1.200856e+00
-1.548000e-01 1.561000e+00 1.683028e+00 1.200856e+00 -1.548000e-01 1.571000e+00 1.682662e+00 1.200870e+00
-1.548000e-01 1.571000e+00 1.682662e+00 1.200870e+00 -1.498000e-01 1.576000e+00 1.687433e+00 1.200677e+00
-1.498000e-01 1.576000e+00 1.687433e+00 1.200677e+00 -1.448000e-01 1.581000e+00 1.692201e+00 1.200444e+00
-1.448000e-01 1.581000e+00 1.692201e+00 1.200444e+00 -1.448000e-01 1.591000e+00 1.691685e+00 1.200460e+00
-1.448000e-01 1.591000e+00 1.691685e+00 1.200460e+00 -1.448000e-01 1.601000e+00 1.691098e+00 1.200515e+00
-1.448000e-01 1.601000e+00 1.691098e+00 1.200515e+00 -1.398000e-01 1.606000e+00 1.695747e+00 1.200233e+00
-1.398000e-01 1.606000e+00 1.695747e+00 1.200233e+00 -1.348000e-01 1.611000e+00 1.700391e+00 1.199912e+00
-1.348000e-01 1.611000e+00 1.700391e+00 1.199912e+00 -1.348000e-01 1.621000e+00 1.699653e+00 1.199977e+00
-1.348000e-01 1.621000e+00 1.699653e+00 1.199977e+00 -1.298000e-01 1.626000e+00 1.704216e+00 1.199626e+00
-1.298000e-01 1.626000e+00 1.704216e+00 1.199626e+00 -1.248000e-01 1.631000e+00 1.708772e+00 1.199235e+00
-1.248000e-01 1.631000e+00 1.708772e+00 1.199235e+00 -1.248000e-01 1.641000e+00 1.707882e+00 1.199316e+00
-1.248000e-01 1.641000e+00 1.707882e+00 1.199316e+00 -1.198000e-01 1.646000e+00 1.712355e+00 1.198899e+00
-1.198000e-01 1.646000e+00 1.712355e+00 1.198899e+00 -1.148000e-01 1.651000e+00 1.716820e+00 1.198440e+00
-1.148000e-01 1.651000e+00 1.716820e+00 1.198440e+00 -1.148000e-01 1.661000e+00 1.715776e+00 1.198543e+00
-1.148000e-01 1.661000e+00 1.715776e+00 1.198543e+00 -1.098000e-01 1.666000e+00 1.720157e+00 1.198062e+00
-1.098000e-01 1.666000e+00 1.720157e+00 1.198062e+00 -1.048000e-01 1.671000e+00 1.724528e+00 1.197538e+00
-1.048000e-01 1.671000e+00 1.724528e+00 1.197538e+00 -1.048000e-01 1.681000e+00 1.723329e+00 1.197669e+00
-1.048000e-01 1.681000e+00 1.723329e+00 1.197669e+00 -1.048000e-01 1.691000e+00 1.722063e+00 1.197850e+00
-1.048000e-01 1.691000e+00 1.722063e+00 1.197850e+00 -9.980000e-02 1.696000e+00 1.726304e+00 1.197299e+00
-9.980000e-02 1.696000e+00 1.726304e+00 1.197299e+00 -9.480000e-02 1.701000e+00 1.730534e+00 1.196705e+00
-9.480000e-02 1.701000e+00 1.730534e+00 1.196705e+00 -9.480000e-02 1.711000e+00 1.729113e+00 1.196923e+00
-9.480000e-02 1.711000e+00 1.729113e+00 1.196923e+00 -8.980000e-02 1.716000e+00 1.733256e+00 1.196315e+00
-8.980000e-02 1.716000e+00 1.733256e+00 1.196315e+00 -8.480000e-02 1.721000e+00 1.737385e+00 1.195662e+00
-8.480000e-02 1.721000e+00 1.737385e+00 1.195662e+00 -8.480000e-02 1.731000e+00 1.735810e+00 1.195923e+00
-8.480000e-02 1.731000e+00 1.735810e+00 1.195923e+00 -7.980000e-02 1.736000e+00 1.739850e+00 1.195261e+00
-7.980000e-02 1.736000e+00 1.739850e+00 1.195261e+00 -7.480000e-02 1.741000e+00 1.743876e+00 1.194554e+00
-7.480000e-02 1.741000e+00 1.743876e+00 1.194554e+00 -7.480000e-02 1.751000e+00 1.742146e+00 1.194864e+00
-7.480000e-02 1.751000e+00 1.742146e+00 1.194864e+00 -6.980000e-02 1.756000e+00 1.746081e+00 1.194151e+00
-6.980000e-02 1.756000e+00 1.746081e+00 1.194151e+00 -6.480000e-02 1.761000e+00 1.750000e+00 1.193393e+00
-6.480000e-02 1.761000e+00 1.750000e+00 1.193393e+00 -6.480000e-02 1.771000e+00 1.748116e+00 1.193758e+00
-6.480000e-02 1.771000e+00 1.748116e+00 1.193758e+00 -5.980000e-02 1.776000e+00 1.751945e+00 1.192997e+00
-5.980000e-02 1.776000e+00 1.751945e+00 1.192997e+00 -5.480000e-02 1.781000e+00 1.755755e+00 1.192192e+00
-5.480000e-02 1.781000e+00 1.755755e+00 1.192192e+00 -5.480000e-02 1.791000e+00 1.753717e+00 1.192618e+00
-5.480000e-02 1.791000e+00 1.753717e+00 1.192618e+00 -4.980000e-02 1.796000e+00 1.757436e+00 1.191814e+00
-4.980000e-02 1.796000e+00 1.757436e+00 1.191814e+00 -4.480000e-02 1.801000e+00 1.761135e+00 1.190965e+00
-4.480000e-02 1.801000e+00 1.761135e+00 1.190965e+00 -4.480000e-02 1.811000e+00 1.758945e+00 1.191460e+00
-4.480000e-02 1.811000e+00 1.758945e+00 1.191460e+00 -3.980000e-02 1.816000e+00 1.762552e+00 1.190615e+00
-3.980000e-02 1.816000e+00 1.762552e+00 1.190615e+00 -3.480000e-02 1.821000e+00 1.766137e+00 1.189725e+00
-3.480000e-02 1.821000e+00 1.766137e+00 1.189725e+00 -3.480000e-02 1.831000e+00 1.763796e+00 1.190295e+00
-3.480000e-02 1.831000e+00 1.763796e+00 1.190295e+00 -2.980000e-02 1.836000e+00 1.767290e+00 1.189415e+00
-2.980000e-02 1.836000e+00 1.767290e+00 1.189415e+00 -2.480000e-02 1.841000e+00 1.770759e+00 1.188489e+00
-2.480000e-02 1.841000e+00 1.770759e+00 1.188489e+00 -2.480000e-02 1.851000e+00 1.768269e+00 1.189140e+00
-2.480000e-02 1.851000e+00 1.768269e+00 1.189140e+00 -1.980000e-02 1.856000e+00 1.771646e+00 1.188227e+00
-1.980000e-02 1.856000e+00 1.771646e+00 1.188227e+00 -1.480000e-02 1.861000e+00 1.774998e+00 1.187269e+00
-1.480000e-02 1.861000e+00 1.774998e+00 1.187269e+00 -1.480000e-02 1.871000e+00 1.772360e+00 1.188008e+00
-1.480000e-02 1.871000e+00 1.772360e+00 1.188008e+00 -9.800000e-03 1.876000e+00 1.775620e+00 1.187068e+00
-9.800000e-03 1.876000e+00 1.775620e+00 1.187068e+00 -4.800000e-03 1.881000e+00 1.778852e+00 1.186082e+00
-4.800000e-03 1.881000e+00 1.778852e+00 1.186082e+00 -4.800000e-03 1.891000e+00 1.776069e+00 1.186914e+00
-4.800000e-03 1.891000e+00 1.776069e+00 1.186914e+00 2.000000e-04 1.896000e+00 1.779211e+00 1.185951e+00
2.000000e-04 1.896000e+00 1.779211e+00 1.185951e+00 5.200000e-03 1.901000e+00 1.782322e+00 1.184942e+00
5.200000e-03 1.901000e+00 1.782322e+00 1.184942e+00 5.200000e-03 1.911000e+00 1.779397e+00 1.185874e+00
5.200000e-03 1.911000e+00 1.779397e+00 1.185874e+00 1.020000e-02 1.916000e+00 1.782418e+00 1.184892e+00
1.020000e-02 1.916000e+00 1.782418e+00 1.184892e+00 1.520000e-02 1.921000e+00 1.785407e+00 1.183864e+00
1.520000e-02 1.921000e+00 1.785407e+00 1.183864e+00 1.520000e-02 1.931000e+00 1.782343e+00 1.184903e+00
1.520000e-02 1.931000e+00 1.782343e+00 1.184903e+00 2.020000e-02 1.936000e+00 1.785243e+00 1.183906e+00
2.020000e-02 1.936000e+00 1.785243e+00 1.183906e+00 2.520000e-02 1.941000e+00 1.788109e+00 1.182865e+00
2.520000e-02 1.941000e+00 1.788109e+00 1.182865e+00 2.520000e-02 1.951000e+00 1.784909e+00 1.184015e+00
2.520000e-02 1.951000e+00 1.784909e+00 1.184015e+00 3.020000e-02 1.956000e+00 1.787687e+00 1.183009e+00
3.020000e-02 1.956000e+00 1.787687e+00 1.183009e+00 3.520000e-02 1.961000e+00 1.790429e+00 1.181958e+00
3.520000e-02 1.961000e+00 1.790429e+00 1.181958e+00 3.520000e-02 1.971000e+00 1.787097e+00 1.183227e+00
3.520000e-02 1.971000e+00 1.787097e+00 1.183227e+00 4.020000e-02 1.976000e+00 1.789752e+00 1.182216e+00
4.020000e-02 1.976000e+00 1.789752e+00 1.182216e+00 4.520000e-02 1.981000e+00 1.792370e+00 1.181161e+00
4.520000e-02 1.981000e+00 1.792370e+00 1.181161e+00 4.520000e-02 1.991000e+00 1.788910e+00 1.182553e+00
4.520000e-02 1.991000e+00 1.788910e+00 1.182553e+00 5.020000e-02 1.996000e+00 1.791442e+00 1.181542e+00
5.020000e-02 1.996000e+00 1.791442e+00 1.181542e+00 5.520000e-02 2.001000e+00 1.793936e+00 1.180487e+00
5.520000e-02 2.001000e+00 1.793936e+00 1.180487e+00 5.520000e-02 2.011000e+00 1.790352e+00 1.182009e+00
5.520000e-02 2.011000e+00 1.790352e+00 1.182009e+00 6.020000e-02 2.016000e+00 1.792761e+00 1.181002e+00
6.020000e-02 2.016000e+00 1.792761e+00 1.181002e+00 6.520000e-02 2.021000e+00 1.795130e+00 1.179953e+00
6.520000e-02 2.021000e+00 1.795130e+00 1.179953e+00 6.520000e-02 2.031000e+00 1.791427e+00 1.181609e+00
6.520000e-02 2.031000e+00 1.791427e+00 1.181609e+00 7.020000e-02 2.036000e+00 1.793714e+00 1.180611e+00
7.020000e-02 2.036000e+00 1.793714e+00 1.180611e+00 7.520000e-02 2.041000e+00 1.795958e+00 1.179573e+00
7.520000e-02 2.041000e+00 1.795958e+00 1.179573e+00 8.020000e-02 2.046000e+00 1.798162e+00 1.178562e+00
8.020000e-02 2.046000e+00 1.798162e+00 1.178562e+00 8.520000e-02 2.051000e+00 1.800322e+00 1.177511e+00
8.520000e-02 2.051000e+00 1.800322e+00 1.177511e+00 8.520000e-02 2.061000e+00 1.796426e+00 1.179362e+00
8.520000e-02 2.061000e+00 1.796426e+00 1.179362e+00 9.020000e-02 2.066000e+00 1.798507e+00 1.178369e+00
9.020000e-02 2.066000e+00 1.798507e+00 1.178369e+00 9.520000e-02 2.071000e+00 1.800543e+00 1.177336e+00
9.520000e-02 2.071000e+00 1.800543e+00 1.177336e+00 9.520000e-02 2.081000e+00 1.796540e+00 1.179335e+00
9.520000e-02 2.081000e+00 1.796540e+00 1.179335e+00 1.002000e-01 2.086000e+00 1.798499e+00 1.178363e+00
1.002000e-01 2.086000e+00 1.798499e+00 1.178363e+00 1.052000e-01 2.091000e+00 1.800412e+00 1.177355e+00
1.052000e-01 2.091000e+00 1.800412e+00 1.177355e+00 1.052000e-01 2.101000e+00 1.796308e+00 1.179505e+00
1.052000e-01 2.101000e+00 1.796308e+00 1.179505e+00 1.102000e-01 2.106000e+00 1.798147e+00 1.178560e+00
1.102000e-01 2.106000e+00 1.798147e+00 1.178560e+00 1.152000e-01 2.111000e+00 1.799937e+00 1.177580e+00
1.152000e-01 2.111000e+00 1.799937e+00 1.177580e+00 1.152000e-01 2.121000e+00 1.795738e+00 1.179885e+00
1.152000e-01 2.121000e+00 1.795738e+00 1.179885e+00 1.202000e-01 2.126000e+00 1.797458e+00 1.178973e+00
1.202000e-01 2.126000e+00 1.797458e+00 1.178973e+00 1.252000e-01 2.131000e+00 1.799128e+00 1.178025e+00
1.252000e-01 2.131000e+00 1.799128e+00 1.178025e+00 1.302000e-01 2.136000e+00 1.800764e+00 1.177114e+00
1.302000e-01 2.136000e+00 1.800764e+00 1.177114e+00 1.352000e-01 2.141000e+00 1.802349e+00 1.176168e+00
1.352000e-01 2.141000e+00 1.802349e+00 1.176168e+00 1.352000e-01 2.151000e+00 1.797993e+00 1.178705e+00
1.352000e-01 2.151000e+00 1.797993e+00 1.178705e+00 1.402000e-01 2.156000e+00 1.799512e+00 1.177832e+00
1.402000e-01 2.156000e+00 1.799512e+00 1.177832e+00 1.452000e-01 2.161000e+00 1.800978e+00 1.176927e+00
1.452000e-01 2.161000e+00 1.800978e+00 1.176927e+00 1.452000e-01 2.171000e+00 1.796543e+00 1.179629e+00
1.452000e-01 2.171000e+00 1.796543e+00 1.179629e+00 1.502000e-01 2.176000e+00 1.797946e+00 1.178801e+00
1.502000e-01 2.176000e+00 1.797946e+00 1.178801e+00 1.552000e-01 2.181000e+00 1.799296e+00 1.177942e+00
1.552000e-01 2.181000e+00 1.799296e+00 1.177942e+00 1.602000e-01 2.186000e+00 1.800616e+00 1.177122e+00
1.602000e-01 2.186000e+00 1.800616e+00 1.177122e+00 1.652000e-01 2.191000e+00 1.801882e+00 1.176273e+00
1.215200e+00 1.515710e+00 -6.183809e-01 1.830205e+00 1.215200e+00 1.515710e+00 -6.149369e-01 1.732082e+00
1.215200e+00 1.515710e+00 -6.149369e-01 1.732082e+00 1.215200e+00 1.515710e+00 -6.043149e-01 1.631215e+00
1.215200e+00 1.515710e+00 -6.043149e-01 1.631215e+00 1.215200e+00 1.515710e+00 -5.860265e-01 1.527632e+00
1.215200e+00 1.515710e+00 -5.860265e-01 1.527632e+00 1.215200e+00 1.515710e+00 -5.595085e-01 1.421385e+00
1.215200e+00 1.515710e+00 -5.595085e-01 1.421385e+00 1.215200e+00 1.515710e+00 -5.241191e-01 1.312566e+00
1.215200e+00 1.515710e+00 -5.241191e-01 1.312566e+00 1.215200e+00 1.515710e+00 -4.791389e-01 1.201327e+00
1.215200e+00 1.515710e+00 -4.791389e-01 1.201327e+00 1.215200e+00 1.515710e+00 -4.237818e-01 1.087915e+00
1.215200e+00 1.515710e+00 -4.237818e-01 1.087915e+00 1.215200e+00 1.515710e+00 -3.572204e-01 9.727107e-01
1.215200e+00 1.515710e+00 -3.572204e-01 9.727107e-01 1.215200e+00 1.515710e+00 -2.786384e-01 8.562878e-01
1.215200e+00 1.515710e+00 -2.786384e-01 8.562878e-01 1.215200e+00 1.515710e+00 -1.873198e-01 7.394802e-01
1.215200e+00 1.515710e+00 -1.873198e-01 7.394802e-01 1.215200e+00 1.515710e+00 -8.278622e-02 6.234519e-01
1.215200e+00 1.515710e+00 -8.278622e-02 6.234519e-01 1.215200e+00 1.515710e+00 3.501611e-02 5.097497e-01
1.215200e+00 1.515710e+00 3.501611e-02 5.097497e-01 1.215200e+00 1.515710e+00 1.655062e-01 4.003003e-01
1.215200e+00 1.515710e+00 1.655062e-01 4.003003e-01 1.215200e+00 1.515710e+00 3.072976e-01 2.973107e-01
1.215200e+00 1.515710e+00 3.072976e-01 2.973107e-01 1.215200e+00 1.515710e+00 4.581628e-01 2.030490e-01
1.215200e+00 1.515710e+00 4.581628e-01 2.030490e-01 1.215200e+00 1.515710e+00 6.152043e-01 1.195392e-01
1.215200e+00 1.515710e+00 6.152043e-01 1.195392e-01 1.215200e+00 1.515710e+00 7.752211e-01 4.827014e-02
1.215200e+00 1.515710e+00 7.752211e-01 4.827014e-02 1.215200e+00 1.515710e+00 9.351426e-01 -9.973188e-03
1.215200e+00 1.515710e+00 9.351426e-01 -9.973188e-03 1.215200e+00 1.515710e+00 1.092376e+00 -5.510283e-02
1.215200e+00 1.515710e+00 1.092376e+00 -5.510283e-02 1.215200e+00 1.515710e+00 1.244975e+00 -8.758534e-02
1.215200e+00 1.515710e+00 1.244975e+00 -8.758534e-02 1.215200e+00 1.515710e+00 1.391638e+00 -1.082440e-01
1.215200e+00 1.515710e+00 1.391638e+00 -1.082440e-01 1.215200e+00 1.515710e+00 1.531603e+00 -1.180759e-01
1.215200e+00 1.515710e+00 1.531603e+00 -1.180759e-01 1.215200e+00 1.515710e+00 1.664513e+00 -1.181174e-01
1.215200e+00 1.515710e+00 1.664513e+00 -1.181174e-01 1.215200e+00 1.515710e+00 1.790281e+00 -1.093610e-01
1.215200e+00 1.515710e+00 1.790281e+00 -1.093610e-01 1.215200e+00 1.515710e+00 1.908991e+00 -9.271182e-02
1.215200e+00 1.515710e+00 1.908991e+00 -9.271182e-02 1.215200e+00 1.515710e+00 2.020824e+00 -6.897193e-02
1.215200e+00 1.515710e+00 2.020824e+00 -6.897193e-02 1.215200e+00 1.515710e+00 2.126008e+00 -3.883882e-02
1.215200e+00 1.515710e+00 2.126008e+00 -3.883882e-02 1.215200e+00 1.515710e+00 2.224783e+00 -2.912509e-03
1.215200e+00 1.515710e+00 2.224783e+00 -2.912509e-03 1.215200e+00 1.515710e+00 2.317385e+00 3.829427e-02
1.215200e+00 1.515710e+00 2.317385e+00 3.829427e-02 1.215200e+00 1.515710e+00 2.404031e+00 8.434512e-02
1.215200e+00 1.515710e+00 2.404031e+00 8.434512e-02 1.215200e+00 1.515710e+00 2.484915e+00 1.348695e-01
1.215200e+00 1.515710e+00 2.484915e+00 1.348695e-01 1.215200e+00 1.515710e+00 2.560202e+00 1.895536e-01
1.215200e+00 1.515710e+00 2.560202e+00 1.895536e-01 1.215200e+00 1.515710e+00 2.630028e+00 2.481317e-01
1.215200e+00 1.515710e+00 2.630028e+00 2.481317e-01 1.215200e+00 1.515710e+00 2.694499e+00 3.103800e-01
1.215200e+00 1.515710e+00 2.694499e+00 3.103800e-01 1.215200e+00 1.515710e+00 2.753691e+00 3.761101e-01
1.215200e+00 1.515710e+00 2.753691e+00 3.761101e-01 1.215200e+00 1.515710e+00 2.807647e+00 4.451646e-01
1.215200e+00 1.515710e+00 2.807647e+00 4.451646e-01 1.215200e+00 1.515710e+00 2.856381e+00 5.174131e-01
1.215200e+00 1.515710e+00 2.856381e+00 5.174131e-01 1.215200e+00 1.515710e+00 2.899876e+00 5.927483e-01
1.215200e+00 1.515710e+00 2.899876e+00 5.927483e-01 1.215200e+00 1.515710e+00 2.938081e+00 6.710836e-01
1.215200e+00 1.515710e+00 2.938081e+00 6.710836e-01 1.215200e+00 1.515710e+00 2.970910e+00 7.523503e-01
1.215200e+00 1.515710e+00 2.970910e+00 7.523503e-01 1.215200e+00 1.515710e+00 2.998245e+00 8.364953e-01
1.215200e+00 1.515710e+00 2.998245e+00 8.364953e-01 1.215200e+00 1.515710e+00 3.019924e+00 9.234789e-01
1.215200e+00 1.515710e+00 3.019924e+00 9.234789e-01 1.215200e+00 1.515710e+00 3.035747e+00 1.013273e+00
1.215200e+00 1.515710e+00 3.035747e+00 1.013273e+00 1.215200e+00 1.515710e+00 3.045466e+00 1.105857e+00
1.215200e+00 1.515710e+00 3.045466e+00 1.105857e+00 1.215200e+00 1.515710e+00 3.048781e+00 1.201216e+00
1.215200e+00 1.515710e+00 3.048781e+00 1.201216e+00 1.215200e+00 1.515710e+00 3.045337e+00 1.299339e+00
1.215200e+00 1.515710e+00 3.045337e+00 1.299339e+00 1.215200e+00 1.515710e+00 3.034715e+00 1.400206e+00
1.215200e+00 1.515710e+00 3.034715e+00 1.400206e+00 1.215200e+00 1.515710e+00 3.016427e+00 1.503789e+00
1.215200e+00 1.515710e+00 3.016427e+00 1.503789e+00 1.215200e+00 1.515710e+00 2.989909e+00 1.610036e+00
1.215200e+00 1.515710e+00 2.989909e+00 1.610036e+00 1.215200e+00 1.515710e+00 2.954519e+00 1.718855e+00
1.215200e+00 1.515710e+00 2.954519e+00 1.718855e+00 1.215200e+00 1.515710e+00 2.909539e+00 1.830093e+00
1.215200e+00 1.515710e+00 2.909539e+00 1.830093e+00 1.215200e+00 1.515710e+00 2.854182e+00 1.943506e+00
1.215200e+00 1.515710e+00 2.854182e+00 1.943506e+00 1.215200e+00 1.515710e+00 2.787620e+00 2.058710e+00
1.215200e+00 1.515710e+00 2.787620e+00 2.058710e+00 1.215200e+00 1.515710e+00 2.709038e+00 2.175133e+00
1.215200e+00 1.515710e+00 2.709038e+00 2.175133e+00 1.215200e+00 1.515710e+00 2.617720e+00 2.291941e+00
1.215200e+00 1.515710e+00 2.617720e+00 2.291941e+00 1.215200e+00 1.515710e+00 2.513186e+00 2.407969e+00
1.215200e+00 1.515710e+00 2.513186e+00 2.407969e+00 1.215200e+00 1.515710e+00 2.395384e+00 2.521671e+00
1.215200e+00 1.515710e+00 2.395384e+00 2.521671e+00 1.215200e+00 1.515710e+00 2.264894e+00 2.631121e+00
1.215200e+00 1.515710e+00 2.264894e+00 2.631121e+00 1.215200e+00 1.515710e+00 2.123102e+00 2.734110e+00
1.215200e+00 1.515710e+00 2.123102e+00 2.734110e+00 1.215200e+00 1.515710e+00 1.972237e+00 2.828372e+00
1.215200e+00 1.515710e+00 1.972237e+00 2.828372e+00 1.215200e+00 1.515710e+00 1.815196e+00 2.911882e+00
1.215200e+00 1.515710e+00 1.815196e+00 2.911882e+00 1.215200e+00 1.515710e+00 1.655179e+00 2.983151e+00
1.215200e+00 1.515710e+00 1.655179e+00 2.983151e+00 1.215200e+00 1.515710e+00 1.495257e+00 3.041394e+00
1.215200e+00 1.515710e+00 1.495257e+00 3.041394e+00 1.215200e+00 1.515710e+00 1.338024e+00 3.086524e+00
1.215200e+00 1.515710e+00 1.338024e+00 3.086524e+00 1.215200e+00 1.515710e+00 1.185425e+00 3.119006e+00
1.215200e+00 1.515710e+00 1.185425e+00 3.119006e+00 1.215200e+00 1.515710e+00 1.038762e+00 3.139665e+00
1.215200e+00 1.515710e+00 1.038762e+00 3.139665e+00 1.215200e+00 1.515710e+00 8.987966e-01 3.149497e+00
1.215200e+00 1.515710e+00 8.987966e-01 3.149497e+00 1.215200e+00 1.515710e+00 7.658871e-01 3.149538e+00
1.215200e+00 1.515710e+00 7.658871e-01 3.149538e+00 1.215200e+00 1.515710e+00 6.401194e-01 3.140782e+00
1.215200e+00 1.515710e+00 6.401194e-01 3.140782e+00 1.215200e+00 1.515710e+00 5.214091e-01 3.124133e+00
1.215200e+00 1.515710e+00 5.214091e-01 3.124133e+00 1.215200e+00 1.515710e+00 4.095755e-01 3.100393e+00
1.215200e+00 1.515710e+00 4.095755e-01 3.100393e+00 1.215200e+00 1.515710e+00 3.043917e-01 3.070260e+00
1.215200e+00 1.515710e+00 3.043917e-01 3.070260e+00 1.215200e+00 1.515710e+00 2.056166e-01 3.034333e+00
1.215200e+00 1.515710e+00 2.056166e-01 3.034333e+00 1.215200e+00 1.515710e+00 1.130148e-01 2.993127e+00
1.215200e+00 1.515710e+00 1.130148e-01 2.993127e+00 1.215200e+00 1.515710e+00 2.636874e-02 2.947076e+00
1.215200e+00 1.515710e+00 2.636874e-02 2.947076e+00 1.215200e+00 1.515710e+00 -5.451503e-02 2.896551e+00
1.215200e+00 1.515710e+00 -5.451503e-02 2.896551e+00 1.215200e+00 1.515710e+00 -1.298020e-01 2.841867e+00
1.215200e+00 1.515710e+00 -1.298020e-01 2.841867e+00 1.215200e+00 1.515710e+00 -1.996282e-01 2.783289e+00
1.215200e+00 1.515710e+00 -1.996282e-01 2.783289e+00 1.215200e+00 1.515710e+00 -2.640994e-01 2.721041e+00
1.215200e+00 1.515710e+00 -2.640994e-01 2.721041e+00 1.215200e+00 1.515710e+00 -3.232908e-01 2.655311e+00
1.215200e+00 1.515710e+00 -3.232908e-01 2.655311e+00 1.215200e+00 1.515710e+00 -3.772469e-01 2.586256e+00
1.215200e+00 1.515710e+00 -3.772469e-01 2.586256e+00 1.215200e+00 1.515710e+00 -4.259814e-01 2.514008e+00
1.215200e+00 1.515710e+00 -4.259814e-01 2.514008e+00 1.215200e+00 1.515710e+00 -4.694762e-01 2.438673e+00
1.215200e+00 1.515710e+00 -4.694762e-01 2.438673e+00 1.215200e+00 1.515710e+00 -5.076807e-01 2.360337e+00
1.215200e+00 1.515710e+00 -5.076807e-01 2.360337e+00 1.215200e+00 1.515710e+00 -5.405105e-01 2.279071e+00
1.215200e+00 1.515710e+00 -5.405105e-01 2.279071e+00 1.215200e+00 1.515710e+00 -5.678447e-01 2.194926e+00
1.215200e+00 1.515710e+00 -5.678447e-01 2.194926e+00 1.215200e+00 1.515710e+00 -5.895241e-01 2.107942e+00
1.215200e+00 1.515710e+00 -5.895241e-01 2.107942e+00 1.215200e+00 1.515710e+00 -6.053470e-01 2.018148e+00
1.215200e+00 1.515710e+00 -6.053470e-01 2.018148e+00 1.215200e+00 1.515710e+00 -6.150656e-01 1.925564e+00
1.215200e+00 1.515710e+00 -6.150656e-01 1.925564e+00 1.215200e+00 1.515710e+00 -6.183809e-01 1.830205e+00
